#!ascii label  , from subject la02 vox2ras=TkReg
1031
67629  -34.015  -11.888  44.282 0.0000000000
62867  -18.009  -15.378  52.166 0.0000000000
62957  -25.708  -15.595  48.118 0.0000000000
85673  -42.558  5.543  27.382 0.0000000000
85732  -49.353  5.340  22.482 0.0000000000
62808  -9.740  -15.154  54.732 0.0000000000
83786  -37.101  3.359  29.681 0.0000000000
69997  -36.288  -8.740  41.571 0.0000000000
66363  -28.424  -12.806  46.658 0.0000000000
62843  -13.743  -15.697  52.196 0.0000000000
60444  -13.982  -17.746  56.513 0.0000000000
71172  -24.676  -7.964  41.914 0.0000000000
139993  -28.920  -8.037  39.054 0.0000000000
61707  -22.266  -16.721  50.521 0.0000000000
69946  -23.416  -9.089  46.870 0.0000000000
77627  -37.387  -2.814  31.221 0.0000000000
79676  -39.523  -0.376  30.320 0.0000000000
80867  -37.364  -0.155  26.173 0.0000000000
55478  -7.622  -22.182  58.468 0.0000000000
54294  -4.457  -22.491  60.903 0.0000000000
73409  -31.678  -6.414  38.039 0.0000000000
76519  -32.513  -3.620  36.227 0.0000000000
76581  -34.495  -3.870  33.314 0.0000000000
57980  -11.056  -20.747  57.138 0.0000000000
61659  -18.243  -16.526  54.817 0.0000000000
62828  -20.751  -16.078  53.973 0.0000000000
66384  -30.468  -12.322  45.261 0.0000000000
65087  -15.515  -12.968  50.863 0.0000000000
62864  -15.260  -15.160  51.868 0.0000000000
61657  -16.066  -16.939  54.131 0.0000000000
74367  -24.659  -5.543  44.247 0.0000000000
71147  -23.392  -8.111  44.529 0.0000000000
78570  -39.011  -0.979  32.365 0.0000000000
78586  -38.847  -1.655  31.088 0.0000000000
80790  -38.356  0.526  31.156 0.0000000000
83802  -35.021  2.371  27.177 0.0000000000
83812  -38.841  2.765  26.507 0.0000000000
140370  -39.045  1.701  24.256 0.0000000000
83815  -41.535  3.478  26.059 0.0000000000
83825  -43.609  3.695  25.360 0.0000000000
73340  -29.328  -5.813  40.485 0.0000000000
72281  -30.858  -7.746  38.731 0.0000000000
75454  -29.408  -4.343  39.485 0.0000000000
77518  -30.310  -2.327  35.837 0.0000000000
78518  -31.388  -1.852  34.417 0.0000000000
77561  -32.746  -3.296  34.288 0.0000000000
79628  -33.399  -1.201  33.854 0.0000000000
79630  -34.897  -1.075  33.251 0.0000000000
62929  -24.410  -16.121  49.321 0.0000000000
60440  -8.157  -18.298  56.219 0.0000000000
59242  -9.859  -18.371  54.505 0.0000000000
51994  -5.306  -25.333  62.866 0.0000000000
51992  -3.317  -25.198  62.613 0.0000000000
81925  -34.989  2.005  30.507 0.0000000000
73366  -36.233  -6.375  40.309 0.0000000000
62990  -27.433  -14.400  46.590 0.0000000000
63955  -11.504  -15.045  53.212 0.0000000000
60463  -12.127  -18.003  54.061 0.0000000000
61633  -14.417  -17.503  54.769 0.0000000000
86542  -52.571  5.615  21.167 0.0000000000
66420  -29.382  -12.054  42.479 0.0000000000
67663  -32.219  -12.127  41.039 0.0000000000
70001  -27.280  -8.643  40.383 0.0000000000
63989  -17.954  -13.961  49.994 0.0000000000
62884  -20.259  -15.657  51.274 0.0000000000
64008  -19.917  -14.316  48.839 0.0000000000
65146  -22.706  -13.821  48.663 0.0000000000
64030  -24.138  -14.835  48.210 0.0000000000
68717  -24.433  -10.804  48.999 0.0000000000
65165  -24.605  -13.876  46.657 0.0000000000
66379  -25.697  -12.603  45.048 0.0000000000
67625  -27.463  -12.138  44.302 0.0000000000
75552  -37.840  -4.884  33.626 0.0000000000
80803  -36.784  0.762  29.610 0.0000000000
80835  -37.867  0.551  28.313 0.0000000000
83827  -45.516  4.127  24.775 0.0000000000
55470  -5.559  -22.088  59.114 0.0000000000
53121  -6.728  -24.799  62.181 0.0000000000
68818  -33.901  -10.286  39.661 0.0000000000
71218  -34.064  -8.320  38.549 0.0000000000
73411  -33.801  -6.192  38.297 0.0000000000
75480  -29.809  -4.113  37.810 0.0000000000
75483  -32.357  -4.506  36.891 0.0000000000
76478  -33.348  -3.392  38.158 0.0000000000
77520  -33.732  -2.681  36.870 0.0000000000
76541  -35.535  -4.019  35.874 0.0000000000
75529  -36.642  -5.154  34.647 0.0000000000
76615  -35.828  -3.479  32.428 0.0000000000
78544  -37.626  -1.491  32.751 0.0000000000
62853  -23.183  -16.324  53.316 0.0000000000
59199  -6.792  -18.753  57.737 0.0000000000
56691  -9.712  -21.649  57.761 0.0000000000
60433  -12.788  -18.601  57.390 0.0000000000
50809  -2.782  -25.563  62.656 0.0000000000
62847  -17.449  -15.744  52.975 0.0000000000
62826  -18.774  -15.901  54.041 0.0000000000
62849  -19.338  -15.670  53.164 0.0000000000
66386  -32.871  -12.292  45.249 0.0000000000
63966  -16.751  -14.740  51.334 0.0000000000
63965  -15.680  -14.246  51.228 0.0000000000
62866  -17.107  -15.460  52.044 0.0000000000
62824  -16.846  -16.202  53.668 0.0000000000
80774  -39.319  0.135  32.410 0.0000000000
79650  -38.946  -0.317  31.827 0.0000000000
80773  -38.485  0.590  31.956 0.0000000000
85672  -41.205  5.092  27.607 0.0000000000
84722  -39.955  4.005  27.573 0.0000000000
84723  -40.841  4.423  27.187 0.0000000000
84731  -40.877  3.839  26.704 0.0000000000
84732  -41.702  4.220  26.398 0.0000000000
84733  -42.445  4.362  26.122 0.0000000000
74462  -29.514  -5.459  40.320 0.0000000000
78507  -31.456  -1.086  35.391 0.0000000000
78520  -33.114  -1.217  34.048 0.0000000000
79605  -33.383  -0.646  34.257 0.0000000000
79606  -34.381  -0.507  33.973 0.0000000000
62930  -25.448  -16.002  49.174 0.0000000000
62911  -26.219  -16.056  50.161 0.0000000000
62931  -26.455  -15.655  49.130 0.0000000000
61605  -8.438  -16.567  55.530 0.0000000000
61650  -9.405  -17.212  54.079 0.0000000000
84755  -48.956  4.414  23.597 0.0000000000
51993  -4.121  -25.157  62.372 0.0000000000
71177  -36.669  -8.623  43.235 0.0000000000
72269  -36.611  -7.139  40.607 0.0000000000
65188  -27.733  -13.242  46.522 0.0000000000
66349  -29.170  -12.785  47.471 0.0000000000
63963  -13.768  -14.169  51.803 0.0000000000
65066  -12.655  -13.431  53.006 0.0000000000
65065  -12.196  -13.317  53.769 0.0000000000
62842  -12.700  -15.577  52.463 0.0000000000
61668  -12.512  -16.530  52.818 0.0000000000
61669  -13.411  -16.658  52.734 0.0000000000
61636  -16.833  -16.863  55.869 0.0000000000
61635  -16.117  -16.830  55.471 0.0000000000
67652  -27.921  -11.240  42.253 0.0000000000
67660  -28.743  -11.247  41.419 0.0000000000
69994  -26.307  -8.673  41.184 0.0000000000
66310  -18.779  -12.448  50.043 0.0000000000
64007  -19.133  -13.917  49.038 0.0000000000
66311  -19.612  -12.676  49.775 0.0000000000
66314  -22.285  -13.125  48.950 0.0000000000
65127  -23.646  -13.452  49.262 0.0000000000
65147  -23.739  -14.020  48.481 0.0000000000
65128  -24.304  -13.270  48.810 0.0000000000
71112  -22.658  -7.684  48.355 0.0000000000
68726  -24.329  -10.874  47.926 0.0000000000
67575  -24.379  -11.852  47.468 0.0000000000
68737  -24.188  -10.888  46.744 0.0000000000
66362  -24.501  -12.886  46.014 0.0000000000
67605  -24.480  -12.004  45.357 0.0000000000
71158  -24.266  -8.331  42.903 0.0000000000
67623  -25.602  -11.259  43.823 0.0000000000
68784  -25.909  -10.379  42.566 0.0000000000
67642  -28.103  -11.855  43.293 0.0000000000
76617  -37.606  -3.634  32.145 0.0000000000
76586  -39.157  -4.083  33.000 0.0000000000
76651  -37.884  -3.310  31.354 0.0000000000
79667  -39.253  -0.999  30.828 0.0000000000
77630  -40.113  -2.274  31.073 0.0000000000
83785  -36.369  3.354  30.249 0.0000000000
140806  -35.713  0.918  30.010 0.0000000000
140826  -34.565  1.520  28.764 0.0000000000
140853  -35.446  0.156  26.866 0.0000000000
80850  -36.327  0.408  27.455 0.0000000000
80851  -38.176  0.226  27.242 0.0000000000
80820  -39.828  0.189  29.127 0.0000000000
83826  -44.546  3.950  25.087 0.0000000000
84742  -45.952  5.000  24.413 0.0000000000
84743  -46.569  4.694  24.193 0.0000000000
57964  -5.793  -19.901  58.550 0.0000000000
56645  -5.398  -20.901  59.079 0.0000000000
55477  -6.294  -22.026  58.624 0.0000000000
54295  -7.949  -23.659  61.802 0.0000000000
53111  -6.939  -24.184  63.377 0.0000000000
68806  -31.041  -10.242  39.720 0.0000000000
67678  -32.623  -11.463  40.647 0.0000000000
68816  -31.835  -9.523  39.489 0.0000000000
72289  -31.449  -7.363  38.202 0.0000000000
71206  -32.399  -8.357  38.551 0.0000000000
72290  -32.383  -7.193  37.871 0.0000000000
72292  -34.648  -7.162  38.125 0.0000000000
72300  -33.212  -6.359  37.869 0.0000000000
77494  -29.582  -2.459  37.734 0.0000000000
76536  -31.321  -3.126  35.694 0.0000000000
76517  -30.816  -3.353  36.389 0.0000000000
75500  -32.170  -3.925  36.506 0.0000000000
75484  -33.199  -4.117  37.469 0.0000000000
76498  -32.654  -3.548  37.075 0.0000000000
77497  -33.401  -2.781  37.818 0.0000000000
76520  -33.219  -3.216  36.189 0.0000000000
76580  -33.653  -3.467  33.737 0.0000000000
76540  -34.323  -4.051  35.378 0.0000000000
75527  -34.308  -4.809  34.705 0.0000000000
75515  -35.171  -4.817  35.378 0.0000000000
75549  -35.116  -5.038  33.675 0.0000000000
75550  -36.045  -4.787  33.761 0.0000000000
76614  -35.044  -3.567  32.551 0.0000000000
79608  -36.162  -1.003  34.284 0.0000000000
78543  -36.570  -1.673  32.746 0.0000000000
78521  -36.889  -1.250  33.533 0.0000000000
62885  -21.364  -16.152  51.065 0.0000000000
62871  -21.878  -16.102  52.210 0.0000000000
62886  -22.333  -16.517  51.358 0.0000000000
56728  -9.482  -20.660  56.020 0.0000000000
58017  -7.967  -19.857  56.502 0.0000000000
56692  -10.479  -21.130  57.571 0.0000000000
60455  -12.992  -18.063  54.972 0.0000000000
60454  -12.207  -18.624  55.307 0.0000000000
60434  -13.150  -18.140  57.610 0.0000000000
61638  -18.596  -16.453  55.789 0.0000000000
61639  -19.563  -16.361  55.771 0.0000000000
61640  -20.596  -16.447  55.708 0.0000000000
61641  -21.767  -16.526  55.557 0.0000000000
66383  -29.522  -12.301  45.720 0.0000000000
66350  -30.267  -12.243  47.467 0.0000000000
65086  -14.787  -12.362  51.421 0.0000000000
63964  -14.636  -14.230  51.537 0.0000000000
62844  -14.855  -16.043  52.182 0.0000000000
61671  -15.509  -16.940  52.886 0.0000000000
61672  -16.298  -16.561  53.084 0.0000000000
61658  -17.149  -16.873  54.748 0.0000000000
73274  -24.037  -6.035  43.246 0.0000000000
73312  -24.826  -6.008  41.501 0.0000000000
72169  -22.473  -6.670  47.063 0.0000000000
69955  -23.307  -8.938  45.719 0.0000000000
74388  -22.614  -5.790  43.595 0.0000000000
78585  -38.067  -2.132  31.379 0.0000000000
77628  -38.346  -2.478  30.869 0.0000000000
78569  -38.491  -1.395  31.904 0.0000000000
79666  -38.934  -0.444  30.987 0.0000000000
83796  -35.777  2.413  28.089 0.0000000000
83797  -37.578  3.157  27.978 0.0000000000
82912  -36.203  2.646  26.039 0.0000000000
82938  -35.850  1.491  24.663 0.0000000000
80881  -38.174  -0.336  25.152 0.0000000000
140337  -38.151  1.557  24.697 0.0000000000
82916  -40.420  2.182  25.122 0.0000000000
83823  -41.458  2.708  25.500 0.0000000000
83824  -42.458  3.488  25.619 0.0000000000
85705  -43.578  4.881  25.614 0.0000000000
55479  -9.034  -22.447  59.035 0.0000000000
54316  -8.460  -22.747  59.380 0.0000000000
55461  -9.303  -22.372  61.404 0.0000000000
72234  -28.928  -6.446  39.828 0.0000000000
140008  -30.099  -7.929  39.134 0.0000000000
140006  -30.014  -6.906  38.910 0.0000000000
73389  -30.331  -6.532  38.848 0.0000000000
74484  -30.576  -5.568  38.492 0.0000000000
78494  -30.546  -1.281  36.314 0.0000000000
78495  -31.127  -0.860  36.023 0.0000000000
78506  -30.633  -1.826  35.147 0.0000000000
77559  -31.479  -2.672  34.704 0.0000000000
76538  -32.636  -3.550  35.471 0.0000000000
77583  -31.994  -2.478  34.131 0.0000000000
77584  -32.805  -2.854  33.785 0.0000000000
77585  -33.730  -2.842  33.105 0.0000000000
78541  -34.429  -2.000  32.762 0.0000000000
62928  -23.318  -16.364  49.497 0.0000000000
62888  -23.951  -16.350  51.317 0.0000000000
62889  -24.814  -16.307  51.250 0.0000000000
59233  -8.726  -18.628  55.312 0.0000000000
59222  -10.587  -19.705  55.211 0.0000000000
52013  -4.616  -24.180  61.576 0.0000000000
54285  -4.226  -22.392  61.908 0.0000000000
52001  -4.311  -24.218  61.940 0.0000000000
53109  -3.272  -23.932  62.512 0.0000000000
53108  -2.796  -23.939  62.789 0.0000000000
74464  -36.078  -5.477  40.771 0.0000000000
62977  -26.969  -15.257  47.388 0.0000000000
62932  -27.268  -15.056  49.080 0.0000000000
63941  -11.587  -13.739  54.919 0.0000000000
63947  -11.102  -14.551  53.933 0.0000000000
61652  -11.142  -16.964  53.310 0.0000000000
61667  -11.763  -16.448  52.975 0.0000000000
60464  -12.857  -17.713  54.021 0.0000000000
61606  -13.824  -17.833  55.521 0.0000000000
61656  -14.987  -17.290  53.886 0.0000000000
61608  -15.365  -17.040  56.275 0.0000000000
61585  -14.607  -17.442  57.162 0.0000000000
85747  -50.871  5.392  21.681 0.0000000000
66414  -32.115  -12.871  43.302 0.0000000000
66424  -32.664  -12.617  42.398 0.0000000000
66437  -30.416  -12.190  41.340 0.0000000000
67675  -29.278  -10.709  40.500 0.0000000000
139994  -27.998  -8.348  39.099 0.0000000000
73337  -26.254  -6.496  41.266 0.0000000000
73338  -26.975  -6.334  41.212 0.0000000000
139997  -27.687  -6.642  39.127 0.0000000000
73296  -28.892  -5.855  41.231 0.0000000000
63967  -17.591  -15.020  51.434 0.0000000000
62882  -18.524  -15.326  51.522 0.0000000000
62903  -18.780  -15.269  50.768 0.0000000000
63991  -20.021  -15.062  49.634 0.0000000000
62925  -20.951  -15.641  49.615 0.0000000000
65124  -20.632  -13.189  48.695 0.0000000000
64027  -20.901  -14.311  48.536 0.0000000000
62953  -21.982  -15.613  48.876 0.0000000000
62955  -23.700  -15.666  48.624 0.0000000000
64031  -24.986  -14.894  47.437 0.0000000000
66315  -24.635  -12.402  49.210 0.0000000000
66334  -24.537  -12.700  48.172 0.0000000000
65148  -24.427  -13.830  47.832 0.0000000000
64032  -25.597  -15.353  47.418 0.0000000000
64068  -26.236  -14.677  46.124 0.0000000000
65187  -26.643  -14.121  45.730 0.0000000000
66380  -26.562  -12.609  44.937 0.0000000000
68761  -24.244  -10.317  44.621 0.0000000000
67607  -25.988  -12.192  44.785 0.0000000000
67608  -27.951  -12.027  44.783 0.0000000000
67627  -29.145  -11.947  44.356 0.0000000000
66399  -30.461  -12.628  44.042 0.0000000000
65089  -17.002  -13.510  50.466 0.0000000000
76681  -38.725  -3.140  30.717 0.0000000000
81904  -36.627  1.201  31.243 0.0000000000
81918  -37.225  0.880  30.636 0.0000000000
80804  -38.286  0.518  30.186 0.0000000000
140827  -35.274  0.614  28.427 0.0000000000
80818  -37.561  0.616  29.130 0.0000000000
80819  -38.912  0.419  29.412 0.0000000000
79683  -40.160  -0.223  29.747 0.0000000000
83828  -46.639  4.172  24.536 0.0000000000
84754  -47.982  4.586  23.507 0.0000000000
85731  -48.471  5.569  22.606 0.0000000000
56623  -4.723  -20.598  60.147 0.0000000000
54302  -4.752  -22.746  60.065 0.0000000000
54314  -6.558  -22.874  59.305 0.0000000000
53145  -6.460  -24.008  60.395 0.0000000000
53131  -5.967  -24.761  60.944 0.0000000000
52003  -5.760  -25.118  62.035 0.0000000000
67665  -33.965  -11.687  41.502 0.0000000000
68796  -34.849  -11.176  41.509 0.0000000000
70003  -35.847  -9.465  40.775 0.0000000000
70008  -31.676  -8.782  39.203 0.0000000000
70010  -33.632  -9.289  39.115 0.0000000000
71209  -35.858  -8.299  39.753 0.0000000000
72282  -36.082  -7.564  39.116 0.0000000000
73413  -35.492  -6.148  39.191 0.0000000000
74475  -35.293  -5.134  39.409 0.0000000000
75467  -29.519  -4.205  38.556 0.0000000000
74499  -30.604  -5.131  37.906 0.0000000000
77495  -30.022  -2.399  36.745 0.0000000000
75481  -30.561  -4.493  37.298 0.0000000000
74501  -32.117  -5.345  37.443 0.0000000000
74502  -32.892  -5.179  37.490 0.0000000000
75469  -33.834  -4.211  38.178 0.0000000000
76539  -33.370  -3.579  35.438 0.0000000000
77521  -34.707  -2.624  36.711 0.0000000000
75530  -37.434  -5.244  34.382 0.0000000000
76584  -37.271  -4.178  32.898 0.0000000000
77611  -36.163  -2.914  31.661 0.0000000000
78566  -35.385  -2.412  32.242 0.0000000000
78567  -36.273  -2.262  32.180 0.0000000000
78568  -37.286  -2.059  31.943 0.0000000000
78545  -38.592  -1.274  32.849 0.0000000000
78546  -39.369  -1.036  32.932 0.0000000000
62869  -19.834  -15.662  52.247 0.0000000000
62829  -21.681  -16.228  53.937 0.0000000000
61675  -23.975  -16.480  53.064 0.0000000000
57978  -6.591  -19.986  57.721 0.0000000000
59210  -7.355  -18.777  57.093 0.0000000000
57996  -7.373  -20.057  57.188 0.0000000000
56690  -8.193  -21.256  57.609 0.0000000000
55480  -9.859  -21.845  59.152 0.0000000000
60462  -10.994  -18.275  54.112 0.0000000000
59236  -11.649  -19.086  55.429 0.0000000000
59211  -11.853  -19.671  56.891 0.0000000000
49590  -3.306  -26.275  64.486 0.0000000000
50811  -3.065  -25.739  62.911 0.0000000000
53107  -2.362  -23.873  62.735 0.0000000000
67630  -35.072  -11.568  44.468 0.0000000000
62848  -18.371  -15.667  53.122 0.0000000000
66387  -33.511  -12.130  44.813 0.0000000000
81889  -38.827  0.856  32.583 0.0000000000
81888  -37.822  1.279  32.247 0.0000000000
85691  -41.335  4.542  26.915 0.0000000000
85692  -42.060  4.885  26.754 0.0000000000
62807  -9.216  -15.818  54.701 0.0000000000
61631  -9.429  -16.038  54.407 0.0000000000
84770  -49.653  4.812  23.094 0.0000000000
85733  -50.303  5.177  22.436 0.0000000000
71191  -36.550  -8.462  42.155 0.0000000000
72256  -37.042  -7.270  41.744 0.0000000000
71198  -36.418  -8.183  40.952 0.0000000000
66348  -28.613  -12.995  47.244 0.0000000000
62862  -13.672  -14.875  51.916 0.0000000000
65074  -13.212  -13.265  52.276 0.0000000000
63957  -12.961  -14.473  52.181 0.0000000000
68785  -26.959  -10.135  42.046 0.0000000000
69987  -26.133  -9.311  41.645 0.0000000000
65122  -18.828  -13.346  49.432 0.0000000000
65107  -23.682  -13.306  50.298 0.0000000000
65108  -24.190  -12.865  49.808 0.0000000000
71121  -22.992  -8.385  47.622 0.0000000000
69935  -23.606  -9.215  48.002 0.0000000000
69947  -24.029  -9.948  47.336 0.0000000000
67589  -24.172  -11.931  46.318 0.0000000000
69956  -23.906  -9.838  46.108 0.0000000000
71159  -24.817  -8.818  42.477 0.0000000000
68783  -25.322  -10.037  42.974 0.0000000000
67651  -27.064  -10.959  42.545 0.0000000000
76650  -37.222  -3.337  31.541 0.0000000000
78587  -39.654  -1.462  30.841 0.0000000000
83790  -35.354  2.896  29.091 0.0000000000
140868  -35.760  -0.140  26.092 0.0000000000
84752  -46.224  5.467  24.150 0.0000000000
56668  -6.409  -21.143  58.022 0.0000000000
56667  -5.719  -20.886  58.564 0.0000000000
68805  -29.694  -9.404  39.684 0.0000000000
68814  -30.038  -8.754  39.466 0.0000000000
73410  -32.316  -6.429  37.851 0.0000000000
72299  -32.813  -6.640  37.788 0.0000000000
76537  -31.825  -3.338  35.413 0.0000000000
76518  -31.667  -3.650  36.055 0.0000000000
77519  -32.851  -2.893  36.965 0.0000000000
76558  -34.021  -4.141  34.237 0.0000000000
75548  -34.460  -4.783  33.941 0.0000000000
74566  -34.717  -5.178  33.904 0.0000000000
76582  -35.485  -4.160  33.073 0.0000000000
77609  -34.510  -2.990  32.533 0.0000000000
61706  -21.710  -16.408  50.533 0.0000000000
57997  -10.646  -20.511  56.236 0.0000000000
56710  -10.287  -20.965  56.586 0.0000000000
57965  -11.198  -20.622  58.256 0.0000000000
60443  -13.065  -18.045  56.449 0.0000000000
60435  -13.695  -17.794  57.418 0.0000000000
55460  -4.437  -21.554  60.518 0.0000000000
55450  -4.276  -21.424  61.273 0.0000000000
69989  -36.114  -9.739  43.132 0.0000000000
62827  -19.765  -15.966  54.019 0.0000000000
61661  -20.167  -16.304  54.845 0.0000000000
61662  -21.162  -16.402  54.760 0.0000000000
67611  -29.752  -12.216  45.194 0.0000000000
66366  -31.111  -12.154  46.507 0.0000000000
66262  -15.491  -11.760  51.163 0.0000000000
62865  -16.198  -15.295  51.920 0.0000000000
65076  -14.873  -13.415  51.264 0.0000000000
62845  -15.807  -16.026  52.399 0.0000000000
62825  -17.767  -15.980  53.978 0.0000000000
61637  -17.652  -16.685  55.789 0.0000000000
73275  -24.924  -5.588  43.599 0.0000000000
73254  -22.176  -5.839  46.601 0.0000000000
74345  -24.284  -5.307  45.249 0.0000000000
74366  -23.417  -5.823  44.058 0.0000000000
73273  -23.243  -6.043  43.146 0.0000000000
84714  -37.842  3.434  28.561 0.0000000000
84715  -38.734  3.826  28.355 0.0000000000
83805  -39.582  3.250  27.058 0.0000000000
83804  -38.591  3.098  27.136 0.0000000000
82905  -37.580  2.632  26.472 0.0000000000
82922  -35.897  2.444  25.020 0.0000000000
82913  -37.851  2.402  25.559 0.0000000000
140399  -37.449  2.234  24.899 0.0000000000
82914  -38.807  2.503  26.002 0.0000000000
83814  -40.600  2.663  26.042 0.0000000000
83816  -42.008  3.941  25.977 0.0000000000
85693  -43.181  5.220  26.211 0.0000000000
72254  -29.243  -6.497  39.649 0.0000000000
140009  -29.474  -6.668  39.240 0.0000000000
73364  -29.714  -6.339  39.493 0.0000000000
74473  -29.820  -5.346  39.498 0.0000000000
75455  -29.865  -4.877  38.834 0.0000000000
78517  -30.927  -2.303  34.769 0.0000000000
77582  -31.565  -2.277  34.241 0.0000000000
78538  -31.742  -2.120  34.032 0.0000000000
78540  -33.183  -1.762  33.547 0.0000000000
79629  -33.924  -1.166  33.562 0.0000000000
79607  -35.316  -0.673  34.020 0.0000000000
62909  -24.164  -16.260  50.360 0.0000000000
62910  -25.154  -16.243  50.232 0.0000000000
62891  -26.891  -15.928  51.212 0.0000000000
62890  -25.810  -16.206  51.228 0.0000000000
60452  -9.458  -18.145  54.481 0.0000000000
60451  -8.745  -17.788  54.824 0.0000000000
59234  -9.685  -18.912  54.826 0.0000000000
52002  -4.848  -25.048  61.895 0.0000000000
52012  -4.401  -23.779  61.787 0.0000000000
51982  -3.973  -25.714  63.282 0.0000000000
73341  -36.708  -6.200  41.194 0.0000000000
74444  -36.517  -5.291  41.367 0.0000000000
62989  -27.092  -14.998  46.566 0.0000000000
62959  -27.386  -14.806  48.158 0.0000000000
62978  -27.470  -14.630  47.275 0.0000000000
63956  -11.979  -14.402  53.056 0.0000000000
63948  -11.736  -13.747  54.067 0.0000000000
62823  -11.245  -15.686  53.257 0.0000000000
61654  -13.147  -17.338  53.382 0.0000000000
61632  -13.578  -17.660  54.401 0.0000000000
61609  -16.182  -16.756  56.535 0.0000000000
61634  -15.255  -17.133  55.108 0.0000000000
66413  -31.152  -12.966  43.204 0.0000000000
66423  -31.807  -13.046  42.286 0.0000000000
66422  -30.832  -12.843  42.202 0.0000000000
68803  -27.553  -9.487  40.577 0.0000000000
67674  -28.724  -10.615  40.717 0.0000000000
68804  -28.439  -9.737  40.186 0.0000000000
70002  -27.683  -8.847  39.896 0.0000000000
73313  -25.861  -5.983  41.896 0.0000000000
73336  -25.476  -6.549  40.879 0.0000000000
73292  -26.516  -5.626  42.927 0.0000000000
73315  -27.636  -5.897  41.716 0.0000000000
72253  -27.665  -6.420  40.308 0.0000000000
72232  -28.213  -6.036  41.011 0.0000000000
71161  -28.612  -6.067  40.866 0.0000000000
63976  -17.495  -14.279  50.575 0.0000000000
63977  -18.168  -14.944  50.937 0.0000000000
63992  -20.576  -15.401  49.584 0.0000000000
64009  -20.879  -15.145  49.026 0.0000000000
65145  -21.630  -13.785  48.399 0.0000000000
64028  -21.918  -14.831  48.601 0.0000000000
62954  -22.711  -15.610  48.810 0.0000000000
64029  -23.133  -14.825  48.454 0.0000000000
62956  -24.694  -15.626  48.378 0.0000000000
69925  -24.036  -9.195  49.025 0.0000000000
69926  -24.355  -10.037  49.398 0.0000000000
67544  -24.660  -11.471  49.592 0.0000000000
67562  -24.592  -11.712  48.569 0.0000000000
66347  -24.316  -12.886  47.074 0.0000000000
64049  -25.320  -14.494  46.371 0.0000000000
66378  -25.028  -12.710  45.290 0.0000000000
65185  -25.224  -13.621  45.700 0.0000000000
65199  -25.961  -13.210  45.352 0.0000000000
65200  -26.827  -13.491  45.473 0.0000000000
69964  -23.394  -8.688  45.054 0.0000000000
69965  -23.887  -9.408  44.638 0.0000000000
67624  -26.395  -11.893  44.207 0.0000000000
66396  -26.879  -12.290  44.547 0.0000000000
67609  -28.488  -11.993  44.997 0.0000000000
67626  -28.363  -11.916  44.203 0.0000000000
66411  -29.692  -12.352  42.993 0.0000000000
66398  -29.724  -12.362  43.752 0.0000000000
66412  -30.297  -12.704  43.079 0.0000000000
66400  -31.399  -12.645  44.227 0.0000000000
65104  -17.609  -13.287  50.018 0.0000000000
65103  -17.044  -12.901  50.318 0.0000000000
75531  -38.307  -5.172  34.785 0.0000000000
77643  -38.669  -2.801  30.634 0.0000000000
140752  -35.922  1.284  30.901 0.0000000000
140787  -36.080  0.959  30.685 0.0000000000
140852  -35.046  1.063  27.994 0.0000000000
80834  -36.919  0.493  28.415 0.0000000000
79682  -39.624  0.013  29.660 0.0000000000
79684  -40.689  -0.219  29.965 0.0000000000
140366  -38.636  -0.012  24.452 0.0000000000
82926  -45.134  3.409  24.973 0.0000000000
84753  -46.924  5.150  23.792 0.0000000000
83838  -46.859  4.554  24.122 0.0000000000
84768  -47.839  5.260  23.100 0.0000000000
56624  -5.103  -20.301  59.651 0.0000000000
56644  -5.062  -21.109  59.486 0.0000000000
55469  -4.773  -21.896  59.554 0.0000000000
54305  -8.459  -22.874  60.311 0.0000000000
54315  -7.539  -22.940  59.201 0.0000000000
54304  -7.503  -23.689  60.216 0.0000000000
53132  -7.205  -24.425  61.242 0.0000000000
51985  -6.361  -24.541  63.713 0.0000000000
66439  -32.280  -12.594  41.651 0.0000000000
67654  -33.538  -12.217  42.394 0.0000000000
67664  -32.987  -12.059  41.483 0.0000000000
68808  -33.215  -10.756  40.252 0.0000000000
68809  -34.224  -10.956  40.566 0.0000000000
68810  -35.284  -10.522  40.592 0.0000000000
68819  -34.773  -10.411  39.815 0.0000000000
139999  -30.481  -7.860  38.995 0.0000000000
71205  -31.665  -8.242  38.740 0.0000000000
71217  -32.915  -8.086  38.230 0.0000000000
70019  -33.179  -8.659  38.681 0.0000000000
71207  -34.284  -9.025  39.080 0.0000000000
71208  -34.937  -8.878  39.114 0.0000000000
71220  -35.840  -7.752  38.935 0.0000000000
71219  -35.350  -8.033  38.581 0.0000000000
73412  -34.797  -6.247  38.685 0.0000000000
74488  -34.932  -5.529  38.959 0.0000000000
76496  -29.527  -3.351  38.180 0.0000000000
75468  -30.087  -4.798  38.114 0.0000000000
75499  -31.573  -4.134  36.523 0.0000000000
75498  -31.074  -4.230  36.758 0.0000000000
75482  -31.463  -4.803  37.011 0.0000000000
75470  -34.471  -4.182  38.662 0.0000000000
76479  -33.982  -3.404  38.565 0.0000000000
76556  -32.730  -3.457  34.794 0.0000000000
76521  -34.095  -2.962  35.953 0.0000000000
76522  -35.145  -3.197  36.063 0.0000000000
75528  -35.654  -5.080  34.685 0.0000000000
75516  -36.280  -4.615  35.859 0.0000000000
74525  -37.123  -5.175  35.337 0.0000000000
74546  -37.636  -5.324  34.993 0.0000000000
76583  -36.389  -4.080  33.028 0.0000000000
76616  -36.716  -3.556  32.093 0.0000000000
78565  -34.825  -2.574  32.296 0.0000000000
78542  -35.553  -1.744  32.716 0.0000000000
62883  -19.303  -15.493  51.427 0.0000000000
62852  -22.279  -16.181  53.169 0.0000000000
62851  -21.321  -15.950  53.110 0.0000000000
62830  -22.532  -16.309  54.008 0.0000000000
62831  -23.312  -16.212  54.153 0.0000000000
62874  -24.433  -16.401  52.131 0.0000000000
62873  -23.740  -16.519  52.121 0.0000000000
62913  -28.123  -15.100  50.474 0.0000000000
59188  -6.209  -18.689  58.588 0.0000000000
60431  -7.733  -17.981  56.629 0.0000000000
56708  -8.445  -20.908  56.945 0.0000000000
57979  -7.317  -20.683  57.532 0.0000000000
55487  -9.261  -22.137  58.166 0.0000000000
55488  -9.858  -21.746  58.536 0.0000000000
60442  -12.520  -18.708  56.524 0.0000000000
59224  -11.962  -19.065  56.237 0.0000000000
59212  -12.319  -19.117  57.195 0.0000000000
85748  -51.904  5.298  21.397 0.0000000000
49601  -2.709  -26.350  63.508 0.0000000000
50810  -2.814  -25.808  62.895 0.0000000000
51991  -2.860  -24.835  62.521 0.0000000000
51990  -2.659  -24.592  62.440 0.0000000000
61660  -19.188  -16.204  54.896 0.0000000000
66385  -31.751  -12.454  45.284 0.0000000000
63974  -15.996  -13.605  50.814 0.0000000000
62846  -16.619  -15.887  52.706 0.0000000000
74328  -25.110  -4.844  46.183 0.0000000000
84721  -38.970  3.619  27.738 0.0000000000
83813  -39.458  2.760  26.422 0.0000000000
74461  -29.472  -4.829  40.455 0.0000000000
74472  -29.495  -4.698  39.974 0.0000000000
78519  -32.447  -1.205  34.463 0.0000000000
78539  -32.162  -1.999  33.859 0.0000000000
61630  -8.969  -16.615  54.482 0.0000000000
60461  -9.863  -17.885  54.169 0.0000000000
51983  -4.751  -25.515  63.791 0.0000000000
64051  -27.699  -13.904  47.045 0.0000000000
64033  -27.837  -14.079  47.977 0.0000000000
65166  -28.342  -13.307  47.605 0.0000000000
65167  -28.875  -13.137  48.084 0.0000000000
66335  -29.189  -12.878  48.601 0.0000000000
66242  -13.684  -12.451  52.561 0.0000000000
66228  -13.235  -12.533  53.309 0.0000000000
66227  -12.681  -12.835  53.673 0.0000000000
62841  -11.878  -15.611  52.795 0.0000000000
61655  -14.015  -17.313  53.645 0.0000000000
67653  -28.717  -11.740  42.463 0.0000000000
66435  -29.126  -11.768  42.024 0.0000000000
67659  -28.213  -10.988  41.692 0.0000000000
68793  -27.220  -9.607  41.243 0.0000000000
69995  -26.797  -8.835  41.030 0.0000000000
65121  -18.237  -13.019  49.645 0.0000000000
65105  -18.213  -13.660  49.715 0.0000000000
65123  -19.728  -13.326  48.907 0.0000000000
65126  -22.958  -13.368  49.596 0.0000000000
71113  -23.252  -8.494  48.685 0.0000000000
69936  -24.203  -9.989  48.434 0.0000000000
71148  -23.924  -8.125  43.786 0.0000000000
69966  -24.304  -10.096  44.221 0.0000000000
69977  -24.604  -9.675  43.409 0.0000000000
67639  -25.715  -11.032  43.320 0.0000000000
67640  -26.217  -11.240  43.068 0.0000000000
67641  -27.167  -11.664  43.237 0.0000000000
76585  -38.189  -4.200  32.903 0.0000000000
76618  -38.491  -3.651  32.130 0.0000000000
76652  -38.719  -3.401  31.300 0.0000000000
77629  -39.180  -2.413  30.818 0.0000000000
140810  -35.467  3.209  29.933 0.0000000000
140808  -34.349  1.743  29.906 0.0000000000
140807  -34.583  1.631  29.368 0.0000000000
140828  -34.735  0.788  26.737 0.0000000000
80836  -39.108  0.355  28.258 0.0000000000
80837  -40.203  0.353  28.264 0.0000000000
84740  -43.972  4.508  25.337 0.0000000000
84741  -44.865  4.821  24.943 0.0000000000
57963  -5.532  -20.300  58.934 0.0000000000
67677  -31.561  -11.558  40.434 0.0000000000
68807  -32.210  -10.639  39.964 0.0000000000
68817  -32.895  -9.952  39.545 0.0000000000
71216  -32.147  -7.906  38.228 0.0000000000
72291  -33.455  -7.183  37.868 0.0000000000
77539  -30.930  -2.595  35.307 0.0000000000
76499  -32.874  -3.270  37.745 0.0000000000
77472  -33.662  -2.949  38.421 0.0000000000
77496  -32.747  -2.996  37.489 0.0000000000
76557  -33.284  -3.682  34.475 0.0000000000
75514  -34.578  -4.808  35.199 0.0000000000
77610  -35.179  -3.036  32.020 0.0000000000
79631  -35.878  -1.297  33.464 0.0000000000
78522  -37.932  -1.228  33.597 0.0000000000
62870  -20.848  -15.844  52.176 0.0000000000
62872  -22.973  -16.370  52.413 0.0000000000
58018  -8.669  -19.726  55.767 0.0000000000
59220  -8.017  -18.874  56.311 0.0000000000
56727  -8.721  -20.573  56.298 0.0000000000
56709  -9.498  -21.217  56.769 0.0000000000
56670  -10.661  -21.022  58.653 0.0000000000
71190  -36.322  -9.094  42.834 0.0000000000
69996  -36.093  -9.411  42.005 0.0000000000
61611  -17.926  -16.404  56.695 0.0000000000
61612  -18.900  -16.404  56.692 0.0000000000
61613  -19.916  -16.393  56.674 0.0000000000
66364  -29.127  -12.570  46.419 0.0000000000
66243  -14.300  -11.737  52.310 0.0000000000
65075  -14.039  -13.056  51.694 0.0000000000
62863  -14.326  -15.061  51.831 0.0000000000
72210  -24.196  -7.328  42.145 0.0000000000
72249  -24.585  -7.606  41.127 0.0000000000
73290  -24.152  -6.313  42.224 0.0000000000
73291  -25.267  -5.684  42.848 0.0000000000
72163  -22.329  -6.803  47.966 0.0000000000
71120  -22.729  -7.459  47.372 0.0000000000
71130  -22.979  -7.942  46.399 0.0000000000
72178  -22.755  -7.380  45.432 0.0000000000
72188  -22.160  -6.641  44.844 0.0000000000
74343  -22.184  -5.904  44.779 0.0000000000
72198  -22.184  -6.731  43.915 0.0000000000
72199  -23.198  -6.866  43.645 0.0000000000
72200  -23.769  -7.208  42.877 0.0000000000
79675  -38.943  -0.028  30.392 0.0000000000
83791  -36.929  3.084  28.759 0.0000000000
83798  -38.476  3.491  27.797 0.0000000000
83803  -36.822  2.498  27.173 0.0000000000
140830  -34.793  2.126  26.199 0.0000000000
81944  -35.318  0.853  25.199 0.0000000000
80893  -35.704  -0.008  24.998 0.0000000000
80880  -37.025  -0.230  25.015 0.0000000000
140367  -36.852  0.738  24.560 0.0000000000
82915  -39.352  2.166  25.030 0.0000000000
84739  -43.199  4.366  25.700 0.0000000000
72255  -28.508  -6.612  39.363 0.0000000000
140007  -29.802  -8.364  39.272 0.0000000000
140001  -29.633  -7.330  38.971 0.0000000000
140002  -30.042  -7.434  38.975 0.0000000000
72280  -30.256  -7.312  38.801 0.0000000000
72288  -30.702  -7.137  38.422 0.0000000000
73408  -30.972  -6.510  38.304 0.0000000000
74485  -31.205  -5.976  38.270 0.0000000000
77540  -31.361  -2.917  35.264 0.0000000000
76555  -32.161  -3.274  34.888 0.0000000000
77560  -32.293  -3.018  34.374 0.0000000000
79585  -36.320  -0.549  35.075 0.0000000000
61726  -22.609  -16.677  49.851 0.0000000000
62907  -22.822  -16.845  50.873 0.0000000000
62908  -23.394  -16.654  50.540 0.0000000000
60441  -8.305  -17.675  55.987 0.0000000000
59221  -8.428  -18.710  55.859 0.0000000000
58039  -9.074  -19.358  55.277 0.0000000000
58019  -9.863  -20.135  55.421 0.0000000000
58020  -10.816  -20.105  55.832 0.0000000000
61566  -14.868  -17.267  58.284 0.0000000000
53130  -4.764  -23.741  60.975 0.0000000000
54293  -4.386  -22.807  61.395 0.0000000000
53129  -4.418  -23.371  61.622 0.0000000000
53120  -4.220  -23.317  62.030 0.0000000000
53110  -3.796  -23.650  62.257 0.0000000000
54277  -3.409  -22.765  62.739 0.0000000000
54276  -2.954  -22.976  63.092 0.0000000000
140757  -36.446  3.101  31.420 0.0000000000
83775  -37.616  3.648  30.710 0.0000000000
84703  -38.364  3.854  30.096 0.0000000000
74463  -35.659  -5.155  40.121 0.0000000000
62958  -26.679  -15.360  48.211 0.0000000000
63946  -10.395  -14.777  54.482 0.0000000000
62822  -10.506  -15.581  53.826 0.0000000000
61653  -12.258  -17.286  53.293 0.0000000000
61670  -14.410  -16.925  52.713 0.0000000000
61607  -14.602  -17.458  55.913 0.0000000000
66402  -33.298  -12.308  44.227 0.0000000000
67644  -33.866  -12.119  43.348 0.0000000000
66415  -32.988  -12.459  43.325 0.0000000000
66438  -31.445  -12.433  41.342 0.0000000000
66436  -29.575  -11.950  41.733 0.0000000000
67661  -29.739  -11.644  40.946 0.0000000000
66452  -30.875  -11.930  40.810 0.0000000000
67676  -30.358  -11.249  40.346 0.0000000000
139995  -28.754  -8.908  39.390 0.0000000000
72230  -25.524  -8.101  41.052 0.0000000000
72251  -25.897  -7.471  40.908 0.0000000000
71187  -26.356  -8.035  40.878 0.0000000000
73314  -26.805  -5.864  41.984 0.0000000000
72252  -26.470  -6.931  40.602 0.0000000000
71188  -26.846  -7.702  40.264 0.0000000000
71196  -27.335  -7.931  39.593 0.0000000000
72279  -27.329  -7.130  38.745 0.0000000000
71204  -28.164  -7.344  38.624 0.0000000000
72214  -28.805  -6.360  40.046 0.0000000000
73317  -29.059  -5.815  41.001 0.0000000000
73295  -28.960  -5.484  41.782 0.0000000000
63968  -18.076  -15.146  51.540 0.0000000000
63990  -18.712  -14.503  49.834 0.0000000000
62904  -19.570  -15.351  50.483 0.0000000000
62905  -20.560  -15.642  50.230 0.0000000000
62926  -21.529  -15.826  49.320 0.0000000000
66312  -20.527  -12.751  49.440 0.0000000000
65143  -20.243  -13.701  48.530 0.0000000000
66332  -21.755  -13.205  48.581 0.0000000000
65144  -20.814  -13.695  48.373 0.0000000000
64010  -21.552  -15.385  48.875 0.0000000000
62927  -22.324  -16.156  49.292 0.0000000000
66292  -24.530  -12.046  50.222 0.0000000000
64050  -25.714  -15.165  46.839 0.0000000000
62988  -26.443  -15.272  46.801 0.0000000000
64067  -25.669  -14.224  45.905 0.0000000000
64069  -27.114  -14.399  45.947 0.0000000000
64082  -27.214  -13.853  45.766 0.0000000000
65201  -27.423  -13.422  45.845 0.0000000000
66381  -27.666  -12.649  45.404 0.0000000000
68748  -24.222  -10.851  45.360 0.0000000000
68749  -24.569  -11.428  44.869 0.0000000000
68762  -24.730  -10.791  44.282 0.0000000000
67606  -25.275  -11.879  44.689 0.0000000000
66382  -28.719  -12.382  45.733 0.0000000000
67610  -29.238  -12.092  45.131 0.0000000000
67628  -29.792  -12.267  44.631 0.0000000000
66401  -32.413  -12.559  44.279 0.0000000000
66263  -16.164  -12.090  50.752 0.0000000000
66285  -16.858  -12.218  50.433 0.0000000000
65088  -16.399  -13.065  50.548 0.0000000000
63975  -16.528  -13.953  50.796 0.0000000000
75553  -38.791  -4.749  33.720 0.0000000000
77641  -37.839  -3.122  30.884 0.0000000000
76619  -39.489  -3.674  32.093 0.0000000000
76653  -39.624  -3.143  31.074 0.0000000000
140824  -37.184  1.451  31.913 0.0000000000
81905  -37.603  1.036  31.547 0.0000000000
80805  -38.928  0.140  30.071 0.0000000000
140825  -35.494  0.691  28.909 0.0000000000
140851  -35.747  0.562  28.336 0.0000000000
80817  -36.440  0.531  28.804 0.0000000000
79677  -40.454  -0.497  30.316 0.0000000000
83829  -47.686  3.867  24.607 0.0000000000
83839  -47.374  4.329  24.061 0.0000000000
83840  -48.293  4.110  24.081 0.0000000000
84769  -48.692  4.879  22.949 0.0000000000
85745  -49.039  6.012  22.272 0.0000000000
54303  -5.914  -23.064  59.765 0.0000000000
53144  -5.470  -23.642  60.368 0.0000000000
53143  -4.811  -23.197  60.534 0.0000000000
52014  -5.154  -24.729  61.383 0.0000000000
51995  -6.214  -24.950  63.048 0.0000000000
67679  -33.405  -11.367  40.914 0.0000000000
68815  -30.616  -8.497  39.306 0.0000000000
70009  -32.509  -8.938  38.998 0.0000000000
70011  -34.518  -9.662  39.330 0.0000000000
70012  -35.281  -9.601  39.836 0.0000000000
71197  -36.062  -8.724  40.654 0.0000000000
71210  -36.401  -7.700  40.168 0.0000000000
72283  -36.456  -7.097  39.505 0.0000000000
72293  -35.815  -7.011  38.592 0.0000000000
72294  -35.965  -6.568  39.177 0.0000000000
73391  -35.888  -6.331  39.617 0.0000000000
73390  -35.586  -5.752  39.714 0.0000000000
76477  -29.381  -3.372  39.135 0.0000000000
74500  -31.287  -5.465  37.808 0.0000000000
76497  -29.961  -3.397  37.291 0.0000000000
73429  -32.036  -5.896  37.891 0.0000000000
73430  -32.662  -5.942  37.805 0.0000000000
73431  -33.217  -5.772  37.909 0.0000000000
74486  -33.573  -5.134  37.932 0.0000000000
74487  -34.284  -5.208  38.565 0.0000000000
75456  -35.041  -4.178  39.146 0.0000000000
75551  -36.928  -4.820  33.657 0.0000000000
77626  -36.802  -3.188  31.492 0.0000000000
77612  -36.747  -2.527  31.703 0.0000000000
79651  -39.331  -0.529  32.530 0.0000000000
62868  -18.899  -15.526  52.287 0.0000000000
62850  -20.324  -15.818  53.125 0.0000000000
61663  -21.978  -16.390  54.619 0.0000000000
62887  -23.225  -16.632  51.456 0.0000000000
61681  -23.648  -16.465  52.725 0.0000000000
61674  -23.651  -16.434  53.118 0.0000000000
62855  -24.574  -16.335  53.195 0.0000000000
62854  -23.813  -16.327  53.525 0.0000000000
62832  -24.080  -16.014  54.189 0.0000000000
62912  -27.318  -15.548  50.120 0.0000000000
56689  -7.376  -21.220  57.870 0.0000000000
59200  -7.106  -18.231  57.599 0.0000000000
59209  -7.086  -19.250  57.383 0.0000000000
57995  -6.930  -19.489  57.509 0.0000000000
55486  -8.262  -21.924  58.151 0.0000000000
56669  -10.262  -21.401  58.952 0.0000000000
61651  -9.856  -16.689  53.809 0.0000000000
59243  -10.274  -18.524  54.489 0.0000000000
60453  -11.533  -18.867  54.854 0.0000000000
59235  -10.906  -19.102  54.869 0.0000000000
59223  -11.405  -19.636  55.825 0.0000000000
57998  -11.290  -20.184  56.589 0.0000000000
59202  -12.494  -19.055  58.157 0.0000000000
59201  -12.051  -19.603  57.914 0.0000000000
57981  -11.583  -20.179  57.600 0.0000000000
50799  -3.764  -25.980  64.672 0.0000000000
50804  -3.435  -26.051  63.712 0.0000000000
49589  -2.716  -26.616  64.318 0.0000000000
50803  -2.926  -26.177  63.449 0.0000000000
51989  -2.656  -24.719  62.236 0.0000000000
53119  -2.078  -23.757  62.386 0.0000000000
54286  -4.238  -22.076  61.472 0.0000000000
56729  -10.120  -20.651  55.993 0.0000000000
58038  -8.700  -19.115  55.543 0.0000000000
60460  -9.217  -17.564  54.324 0.0000000000
61673  -23.420  -16.391  53.180 0.0000000000
61680  -23.383  -16.398  52.940 0.0000000000
61682  -24.097  -16.487  52.655 0.0000000000
61692  -21.644  -16.361  50.818 0.0000000000
61693  -21.850  -16.494  50.866 0.0000000000
61708  -22.849  -16.895  50.336 0.0000000000
61725  -21.901  -16.442  49.873 0.0000000000
61727  -23.091  -16.791  49.991 0.0000000000
62906  -21.314  -16.057  50.088 0.0000000000
62976  -26.178  -15.409  47.442 0.0000000000
64026  -20.415  -14.030  48.426 0.0000000000
64070  -27.504  -13.885  46.245 0.0000000000
64081  -26.974  -14.006  45.637 0.0000000000
65125  -21.246  -13.269  48.505 0.0000000000
65186  -26.077  -13.911  45.662 0.0000000000
65198  -25.447  -13.050  45.308 0.0000000000
66333  -22.097  -13.449  48.575 0.0000000000
66397  -27.138  -12.497  44.757 0.0000000000
66421  -30.030  -12.422  42.292 0.0000000000
66451  -30.512  -11.846  40.807 0.0000000000
67643  -29.045  -11.978  43.370 0.0000000000
67650  -26.545  -10.712  42.538 0.0000000000
67662  -30.268  -11.793  40.830 0.0000000000
68708  -24.661  -10.555  49.968 0.0000000000
68773  -25.383  -10.585  43.360 0.0000000000
68774  -25.762  -10.873  43.039 0.0000000000
68786  -27.502  -10.677  42.101 0.0000000000
68794  -27.865  -10.469  41.347 0.0000000000
68795  -28.418  -10.586  40.866 0.0000000000
68802  -27.236  -9.151  40.827 0.0000000000
69976  -24.019  -8.978  43.630 0.0000000000
69986  -25.350  -9.468  42.471 0.0000000000
69988  -26.794  -9.496  41.504 0.0000000000
70004  -36.201  -8.937  41.173 0.0000000000
70018  -32.753  -8.526  38.611 0.0000000000
71129  -22.785  -7.207  46.746 0.0000000000
71138  -23.076  -8.113  45.294 0.0000000000
71160  -28.556  -5.996  41.056 0.0000000000
71162  -28.451  -6.275  40.219 0.0000000000
71173  -25.289  -8.496  41.610 0.0000000000
71174  -25.913  -8.394  41.200 0.0000000000
71175  -28.379  -6.105  40.810 0.0000000000
71185  -24.898  -8.023  41.251 0.0000000000
71186  -25.080  -8.140  41.094 0.0000000000
71189  -27.057  -7.067  39.537 0.0000000000
72177  -22.718  -6.746  46.072 0.0000000000
72187  -21.736  -6.264  44.479 0.0000000000
72189  -22.730  -7.361  44.590 0.0000000000
72197  -21.614  -6.368  44.129 0.0000000000
72207  -21.777  -6.299  43.521 0.0000000000
72208  -22.383  -6.383  43.249 0.0000000000
72209  -22.856  -6.320  43.094 0.0000000000
72213  -28.825  -6.112  40.742 0.0000000000
72228  -24.351  -7.373  41.537 0.0000000000
72229  -25.252  -8.117  41.093 0.0000000000
72231  -28.221  -5.887  41.399 0.0000000000
72233  -29.068  -6.195  40.310 0.0000000000
72250  -25.068  -7.718  40.563 0.0000000000
72267  -24.600  -7.492  40.745 0.0000000000
72268  -24.515  -7.321  40.509 0.0000000000
72277  -24.373  -7.315  40.726 0.0000000000
72278  -24.207  -7.220  40.678 0.0000000000
73251  -21.896  -6.063  47.508 0.0000000000
73260  -21.909  -6.118  44.706 0.0000000000
73272  -21.544  -6.013  44.363 0.0000000000
73287  -21.590  -5.887  43.820 0.0000000000
73288  -22.102  -5.914  43.357 0.0000000000
73289  -22.676  -5.970  43.096 0.0000000000
73311  -24.284  -6.761  41.482 0.0000000000
73334  -24.341  -7.169  41.056 0.0000000000
73335  -24.572  -6.720  40.685 0.0000000000
73339  -29.334  -5.397  40.994 0.0000000000
73362  -24.436  -7.367  40.911 0.0000000000
73363  -24.429  -7.174  40.738 0.0000000000
73365  -35.794  -5.869  40.152 0.0000000000
73385  -24.200  -7.419  40.873 0.0000000000
73386  -24.274  -7.280  40.802 0.0000000000
73387  -27.884  -6.764  38.737 0.0000000000
73388  -30.186  -6.941  38.751 0.0000000000
73414  -35.791  -6.368  39.309 0.0000000000
74342  -21.796  -5.948  44.524 0.0000000000
74364  -21.865  -5.813  44.278 0.0000000000
74365  -22.489  -5.757  44.303 0.0000000000
74387  -22.085  -5.757  43.831 0.0000000000
74389  -22.983  -5.862  43.377 0.0000000000
74474  -34.822  -4.855  38.924 0.0000000000
74523  -34.746  -5.234  34.917 0.0000000000
74524  -35.180  -5.299  34.939 0.0000000000
74543  -34.631  -5.236  34.307 0.0000000000
74544  -35.048  -5.387  34.420 0.0000000000
74545  -37.205  -5.283  34.843 0.0000000000
74567  -34.861  -5.349  34.024 0.0000000000
76680  -38.219  -3.240  30.865 0.0000000000
76682  -39.077  -2.906  30.631 0.0000000000
77558  -31.006  -2.516  34.918 0.0000000000
77642  -38.119  -2.956  30.625 0.0000000000
79709  -37.441  -0.111  24.774 0.0000000000
79710  -37.818  -0.070  24.710 0.0000000000
79727  -37.450  0.111  24.651 0.0000000000
81923  -35.572  1.342  30.550 0.0000000000
81933  -34.736  0.979  25.788 0.0000000000
81934  -36.833  1.945  24.654 0.0000000000
82901  -35.266  3.098  30.310 0.0000000000
82906  -38.363  2.665  26.367 0.0000000000
82921  -35.121  1.732  25.474 0.0000000000
84730  -40.155  3.254  26.845 0.0000000000
85708  -45.901  5.628  24.378 0.0000000000
139996  -30.445  -8.040  39.149 0.0000000000
139998  -28.243  -6.370  39.887 0.0000000000
140000  -28.448  -6.414  39.769 0.0000000000
140003  -27.410  -6.754  39.262 0.0000000000
140004  -27.386  -6.702  38.925 0.0000000000
140005  -30.228  -7.750  39.023 0.0000000000
140010  -29.976  -8.114  39.216 0.0000000000
140335  -38.098  0.513  24.479 0.0000000000
140398  -35.828  0.728  24.660 0.0000000000
140400  -36.840  2.540  25.121 0.0000000000
140735  -35.535  2.628  31.096 0.0000000000
140736  -35.078  2.822  30.296 0.0000000000
140737  -35.362  3.043  30.696 0.0000000000
140738  -35.442  3.173  30.520 0.0000000000
140740  -35.848  3.100  31.078 0.0000000000
140753  -35.483  1.830  31.035 0.0000000000
140754  -35.084  2.348  30.603 0.0000000000
140755  -36.512  1.409  30.731 0.0000000000
140756  -34.880  2.775  29.557 0.0000000000
140782  -35.301  1.257  30.330 0.0000000000
140783  -35.458  1.292  30.417 0.0000000000
140784  -35.032  1.622  30.373 0.0000000000
140785  -34.717  2.377  29.917 0.0000000000
140786  -34.674  2.723  29.458 0.0000000000
140788  -34.358  2.631  29.322 0.0000000000
140789  -35.196  3.102  29.939 0.0000000000
140809  -34.934  2.998  29.448 0.0000000000
140829  -34.619  1.440  26.054 0.0000000000
140854  -35.359  2.421  25.646 0.0000000000
140867  -36.338  0.473  28.275 0.0000000000
140869  -34.986  0.198  25.674 0.0000000000
140888  -35.383  -0.097  25.584 0.0000000000
