#!ascii label  , from subject la02 vox2ras=TkReg
1233
60376  -5.698  -15.643  61.422 0.0000000000
75325  -26.629  -4.181  47.956 0.0000000000
77417  -29.419  -2.837  41.793 0.0000000000
67430  -25.972  -11.156  54.675 0.0000000000
140855  -38.158  1.380  32.848 0.0000000000
80734  -33.538  0.833  34.865 0.0000000000
73206  -31.417  -7.817  52.502 0.0000000000
75248  -22.318  -4.440  52.854 0.0000000000
85565  -42.301  5.381  35.556 0.0000000000
85593  -45.569  5.943  32.393 0.0000000000
85661  -48.354  5.864  28.641 0.0000000000
80666  -32.058  1.141  40.986 0.0000000000
79540  -30.537  -0.641  37.504 0.0000000000
82830  -33.160  3.006  35.734 0.0000000000
140873  -35.506  3.969  33.692 0.0000000000
68631  -16.416  -10.468  54.295 0.0000000000
60345  -3.534  -15.992  63.261 0.0000000000
74351  -30.068  -5.065  44.874 0.0000000000
78352  -32.782  -1.231  45.685 0.0000000000
66288  -19.552  -12.178  50.716 0.0000000000
65108  -24.190  -12.865  49.808 0.0000000000
85707  -45.293  5.926  24.905 0.0000000000
86510  -50.454  7.446  24.774 0.0000000000
79586  -37.329  -0.764  35.240 0.0000000000
85551  -39.358  5.365  36.232 0.0000000000
61547  -8.117  -15.415  58.460 0.0000000000
55435  -2.681  -22.176  63.137 0.0000000000
85574  -44.990  5.877  34.406 0.0000000000
81820  -32.165  2.105  37.467 0.0000000000
66242  -13.684  -12.451  52.561 0.0000000000
61468  -4.693  -15.158  62.956 0.0000000000
74391  -26.682  -5.462  43.539 0.0000000000
74331  -28.338  -4.675  46.136 0.0000000000
66233  -23.219  -12.965  53.060 0.0000000000
66291  -22.271  -12.945  49.851 0.0000000000
66248  -24.617  -11.950  52.340 0.0000000000
75272  -25.037  -3.713  50.351 0.0000000000
73234  -22.166  -6.171  49.951 0.0000000000
75321  -22.475  -4.550  47.633 0.0000000000
66187  -24.073  -12.895  55.548 0.0000000000
66210  -21.508  -12.516  54.176 0.0000000000
84716  -39.847  4.599  28.683 0.0000000000
85694  -44.257  5.982  26.055 0.0000000000
86479  -50.450  6.439  26.179 0.0000000000
79583  -32.044  -0.218  35.778 0.0000000000
80736  -35.443  0.154  35.133 0.0000000000
85549  -37.241  5.133  35.973 0.0000000000
65048  -12.246  -13.254  55.710 0.0000000000
63924  -11.015  -13.889  57.624 0.0000000000
63907  -10.253  -14.198  59.819 0.0000000000
62781  -8.628  -15.424  56.509 0.0000000000
54278  -3.835  -22.521  62.362 0.0000000000
75276  -28.858  -5.118  50.719 0.0000000000
141475  -29.681  -4.351  49.409 0.0000000000
75266  -31.382  -4.632  51.691 0.0000000000
72068  -22.551  -7.898  56.746 0.0000000000
71036  -22.656  -8.781  54.440 0.0000000000
76186  -24.100  -3.993  55.763 0.0000000000
75241  -26.807  -4.185  53.772 0.0000000000
84665  -39.294  4.554  33.897 0.0000000000
84686  -40.178  4.561  32.395 0.0000000000
85624  -42.033  5.216  30.972 0.0000000000
85640  -43.196  5.366  29.489 0.0000000000
85658  -45.213  5.849  28.175 0.0000000000
85629  -47.268  5.824  30.452 0.0000000000
78424  -31.382  -0.724  41.796 0.0000000000
78445  -30.016  -1.635  39.835 0.0000000000
80670  -31.182  0.378  39.691 0.0000000000
80692  -32.117  1.122  37.219 0.0000000000
80694  -33.076  2.513  34.835 0.0000000000
81837  -35.562  1.553  34.765 0.0000000000
83753  -34.739  3.562  34.835 0.0000000000
66178  -15.280  -11.574  55.569 0.0000000000
66204  -13.060  -12.410  54.217 0.0000000000
87353  -51.049  7.582  21.495 0.0000000000
61467  -2.879  -15.580  63.613 0.0000000000
72231  -28.221  -5.887  41.399 0.0000000000
74420  -30.193  -4.657  43.264 0.0000000000
75328  -31.346  -4.346  46.991 0.0000000000
75363  -31.503  -3.602  46.023 0.0000000000
77373  -31.183  -2.083  44.339 0.0000000000
80634  -31.876  0.782  43.034 0.0000000000
69904  -24.416  -9.563  51.064 0.0000000000
65052  -19.871  -12.867  56.004 0.0000000000
67476  -18.646  -10.739  52.165 0.0000000000
86460  -46.760  6.519  26.523 0.0000000000
86507  -47.863  7.427  24.315 0.0000000000
87344  -49.436  7.347  22.633 0.0000000000
89068  -50.471  9.155  23.307 0.0000000000
59176  -5.775  -18.197  59.535 0.0000000000
57912  -4.607  -18.807  60.348 0.0000000000
79633  -40.217  -0.221  33.911 0.0000000000
80698  -37.752  0.834  36.977 0.0000000000
82866  -42.647  2.104  36.976 0.0000000000
140870  -38.249  2.403  33.967 0.0000000000
85553  -41.256  5.573  36.432 0.0000000000
61510  -6.871  -15.424  60.235 0.0000000000
57870  -3.516  -18.568  61.939 0.0000000000
57868  -3.041  -18.915  62.789 0.0000000000
57890  -2.647  -18.621  62.387 0.0000000000
61481  -5.443  -15.286  62.216 0.0000000000
74319  -25.886  -4.587  47.090 0.0000000000
74329  -26.194  -4.789  46.123 0.0000000000
74320  -26.931  -4.625  47.062 0.0000000000
66234  -24.229  -12.655  53.289 0.0000000000
65068  -23.768  -13.162  52.733 0.0000000000
66235  -24.845  -11.775  53.728 0.0000000000
75286  -25.601  -3.833  49.649 0.0000000000
75284  -23.390  -4.086  49.314 0.0000000000
75323  -24.572  -4.413  47.964 0.0000000000
74327  -23.976  -4.858  46.330 0.0000000000
69824  -24.478  -10.504  55.825 0.0000000000
67379  -24.172  -11.446  56.939 0.0000000000
66189  -25.318  -11.789  55.599 0.0000000000
66212  -23.687  -12.682  54.335 0.0000000000
85674  -43.704  5.760  27.149 0.0000000000
75424  -29.195  -4.201  41.212 0.0000000000
75438  -29.253  -4.189  40.380 0.0000000000
80733  -32.781  0.479  35.190 0.0000000000
79604  -32.696  -0.274  34.940 0.0000000000
80735  -34.440  0.698  34.755 0.0000000000
63940  -10.529  -14.138  55.192 0.0000000000
65032  -11.560  -13.395  56.912 0.0000000000
62795  -10.283  -14.355  56.300 0.0000000000
62782  -10.058  -14.798  57.279 0.0000000000
62794  -9.437  -14.763  55.959 0.0000000000
73225  -29.353  -6.853  51.428 0.0000000000
72147  -30.713  -6.794  50.272 0.0000000000
73228  -32.194  -7.068  51.022 0.0000000000
75184  -23.260  -4.775  57.282 0.0000000000
75198  -22.873  -4.833  56.155 0.0000000000
76171  -24.365  -4.532  56.732 0.0000000000
71024  -29.241  -8.145  54.451 0.0000000000
74260  -27.100  -5.595  54.640 0.0000000000
73214  -27.861  -7.136  52.546 0.0000000000
75252  -28.228  -5.105  52.595 0.0000000000
84661  -41.005  5.054  34.757 0.0000000000
84674  -39.635  4.444  33.088 0.0000000000
84667  -41.407  4.765  34.164 0.0000000000
85581  -45.192  5.967  33.425 0.0000000000
85591  -43.533  5.335  32.636 0.0000000000
85611  -43.794  5.335  31.586 0.0000000000
85625  -43.006  5.188  30.677 0.0000000000
85612  -44.836  5.504  31.453 0.0000000000
85627  -45.190  5.473  30.366 0.0000000000
85614  -46.833  5.986  31.394 0.0000000000
80649  -31.398  0.446  42.182 0.0000000000
80664  -30.780  0.189  40.481 0.0000000000
80671  -31.841  0.858  39.748 0.0000000000
81819  -31.981  1.597  38.171 0.0000000000
81833  -32.260  1.897  36.943 0.0000000000
80693  -32.217  1.929  35.889 0.0000000000
81835  -33.597  3.318  34.927 0.0000000000
81822  -34.228  3.406  35.491 0.0000000000
83752  -33.344  3.669  35.710 0.0000000000
66181  -18.270  -11.436  55.931 0.0000000000
66152  -16.754  -12.304  56.184 0.0000000000
67408  -15.863  -11.076  55.399 0.0000000000
66228  -13.235  -12.533  53.309 0.0000000000
88163  -51.148  8.819  21.989 0.0000000000
90102  -51.443  10.258  21.464 0.0000000000
60344  -3.243  -15.929  63.599 0.0000000000
74370  -27.848  -5.286  44.198 0.0000000000
73293  -27.647  -5.596  43.107 0.0000000000
74393  -28.730  -5.442  43.494 0.0000000000
74394  -29.604  -5.236  43.156 0.0000000000
74373  -30.309  -5.164  44.177 0.0000000000
76308  -31.138  -3.944  49.361 0.0000000000
74313  -30.227  -4.513  48.028 0.0000000000
75289  -32.174  -3.862  48.836 0.0000000000
78336  -32.864  -1.181  46.786 0.0000000000
76350  -32.521  -2.915  46.856 0.0000000000
77359  -31.765  -1.700  45.767 0.0000000000
76379  -30.654  -2.847  45.292 0.0000000000
78364  -31.988  -1.613  44.411 0.0000000000
79442  -32.291  -0.809  43.370 0.0000000000
79427  -32.461  -0.607  44.488 0.0000000000
65107  -23.682  -13.306  50.298 0.0000000000
73190  -22.307  -6.619  54.015 0.0000000000
71067  -22.889  -8.711  52.688 0.0000000000
72126  -22.378  -7.546  52.209 0.0000000000
69925  -24.036  -9.195  49.025 0.0000000000
66130  -21.561  -13.090  56.795 0.0000000000
67479  -20.558  -12.012  52.263 0.0000000000
67450  -20.062  -11.584  53.076 0.0000000000
67505  -19.381  -11.674  51.321 0.0000000000
67524  -17.596  -11.453  50.476 0.0000000000
85660  -47.351  5.956  28.547 0.0000000000
85676  -45.894  6.212  27.145 0.0000000000
85678  -48.007  6.157  27.714 0.0000000000
86495  -50.046  6.800  25.259 0.0000000000
86494  -49.031  6.817  25.136 0.0000000000
86509  -49.588  7.408  24.447 0.0000000000
87320  -48.591  7.603  23.807 0.0000000000
86524  -49.787  7.765  24.019 0.0000000000
88145  -50.240  8.531  23.184 0.0000000000
88138  -50.592  8.748  24.159 0.0000000000
79530  -29.541  -0.972  38.967 0.0000000000
77471  -29.517  -2.487  38.731 0.0000000000
78523  -38.948  -1.188  33.599 0.0000000000
79611  -39.540  -0.724  34.250 0.0000000000
82833  -35.876  1.810  33.821 0.0000000000
81838  -36.616  1.356  35.671 0.0000000000
82834  -36.793  1.865  34.646 0.0000000000
85550  -38.402  5.258  36.067 0.0000000000
140889  -37.507  2.895  34.281 0.0000000000
140872  -37.791  4.470  34.718 0.0000000000
82874  -39.144  2.006  34.860 0.0000000000
84649  -38.707  5.029  35.232 0.0000000000
84659  -39.055  4.801  34.644 0.0000000000
85537  -41.020  5.379  37.232 0.0000000000
62754  -8.819  -14.691  58.845 0.0000000000
62740  -8.703  -14.479  60.028 0.0000000000
62721  -7.815  -14.441  60.816 0.0000000000
61527  -7.355  -15.568  59.322 0.0000000000
60405  -6.962  -16.695  59.612 0.0000000000
60414  -7.047  -16.893  58.788 0.0000000000
56606  -4.329  -20.396  61.056 0.0000000000
57894  -3.862  -19.018  61.221 0.0000000000
56605  -4.196  -20.821  61.545 0.0000000000
55436  -3.124  -21.917  63.154 0.0000000000
56585  -3.280  -20.870  63.220 0.0000000000
56584  -2.758  -20.999  63.108 0.0000000000
57891  -2.834  -19.287  62.758 0.0000000000
56604  -2.647  -20.754  62.625 0.0000000000
75213  -25.894  -5.009  56.549 0.0000000000
86398  -44.572  6.153  36.731 0.0000000000
85567  -43.970  5.569  35.338 0.0000000000
86400  -46.128  6.827  36.168 0.0000000000
81811  -31.837  1.728  39.552 0.0000000000
67501  -15.755  -11.055  51.783 0.0000000000
68651  -15.168  -10.459  53.520 0.0000000000
61439  -5.065  -14.436  64.008 0.0000000000
60346  -3.995  -15.896  62.963 0.0000000000
74368  -25.707  -5.300  44.085 0.0000000000
74348  -27.551  -4.959  45.127 0.0000000000
74332  -29.088  -4.696  45.653 0.0000000000
80576  -32.334  0.774  45.510 0.0000000000
66266  -21.392  -12.404  51.224 0.0000000000
66290  -21.410  -12.650  50.141 0.0000000000
65077  -22.899  -13.260  52.011 0.0000000000
65091  -23.615  -13.302  51.348 0.0000000000
65092  -24.236  -12.640  51.054 0.0000000000
76263  -23.133  -3.579  51.554 0.0000000000
74292  -22.100  -5.375  50.908 0.0000000000
75270  -22.719  -4.091  50.356 0.0000000000
74307  -22.013  -5.247  48.793 0.0000000000
73261  -22.283  -6.024  45.531 0.0000000000
66158  -23.257  -12.778  56.375 0.0000000000
66157  -22.313  -12.818  56.077 0.0000000000
66186  -23.029  -12.552  55.280 0.0000000000
66232  -21.992  -12.482  53.201 0.0000000000
84708  -39.088  4.227  29.411 0.0000000000
85706  -44.143  5.277  25.450 0.0000000000
85663  -50.275  5.580  28.783 0.0000000000
85679  -49.003  5.975  27.807 0.0000000000
79559  -31.217  -0.503  36.585 0.0000000000
79607  -35.316  -0.673  34.020 0.0000000000
79585  -36.320  -0.549  35.075 0.0000000000
85518  -37.191  6.001  38.399 0.0000000000
84656  -36.500  4.973  35.215 0.0000000000
85519  -38.110  5.944  38.198 0.0000000000
65016  -13.483  -13.020  57.385 0.0000000000
64997  -13.040  -13.336  58.011 0.0000000000
63909  -11.836  -13.256  59.258 0.0000000000
63908  -11.077  -13.940  59.556 0.0000000000
62769  -9.694  -14.507  58.432 0.0000000000
62768  -8.918  -15.162  57.838 0.0000000000
60424  -7.519  -16.680  57.344 0.0000000000
61584  -8.114  -16.497  56.410 0.0000000000
75288  -28.008  -3.797  50.001 0.0000000000
75306  -29.011  -4.400  49.179 0.0000000000
72156  -29.329  -5.687  49.603 0.0000000000
141476  -30.330  -4.825  50.432 0.0000000000
71039  -24.384  -9.652  55.146 0.0000000000
69866  -24.718  -9.986  54.045 0.0000000000
72085  -22.381  -7.543  55.590 0.0000000000
73174  -22.362  -6.634  55.106 0.0000000000
76201  -22.627  -3.972  54.400 0.0000000000
75229  -26.061  -5.353  55.688 0.0000000000
76203  -24.890  -3.618  54.902 0.0000000000
76222  -24.396  -3.409  53.615 0.0000000000
75249  -25.655  -3.462  51.726 0.0000000000
75274  -27.216  -3.702  50.858 0.0000000000
72054  -22.850  -8.772  56.895 0.0000000000
140739  -37.696  2.918  33.150 0.0000000000
140824  -37.184  1.451  31.913 0.0000000000
140757  -36.446  3.101  31.420 0.0000000000
83765  -38.111  3.900  31.628 0.0000000000
84698  -38.698  4.179  31.082 0.0000000000
84677  -42.132  4.773  33.305 0.0000000000
84700  -40.671  4.814  31.797 0.0000000000
84704  -39.414  4.386  30.445 0.0000000000
85638  -41.130  5.091  30.284 0.0000000000
85654  -40.939  5.241  28.975 0.0000000000
85656  -43.372  5.667  28.288 0.0000000000
85657  -44.278  5.805  27.971 0.0000000000
85641  -44.414  5.664  29.169 0.0000000000
85643  -46.762  5.780  29.447 0.0000000000
85644  -47.771  5.797  29.514 0.0000000000
85595  -48.099  6.358  31.828 0.0000000000
85646  -49.678  5.593  29.556 0.0000000000
77419  -31.285  -2.038  41.169 0.0000000000
77435  -29.871  -2.863  40.782 0.0000000000
78422  -30.425  -1.336  40.529 0.0000000000
79519  -29.916  -0.596  39.658 0.0000000000
79532  -30.948  -0.082  38.664 0.0000000000
81810  -31.961  1.109  39.035 0.0000000000
80681  -31.480  0.544  38.683 0.0000000000
79541  -31.427  0.092  37.650 0.0000000000
79560  -31.868  0.316  36.779 0.0000000000
80714  -32.293  0.899  35.974 0.0000000000
80715  -32.903  1.491  35.121 0.0000000000
80716  -33.832  1.650  34.513 0.0000000000
80695  -34.345  2.411  34.134 0.0000000000
81823  -35.136  2.688  34.470 0.0000000000
140859  -34.659  4.087  34.199 0.0000000000
140860  -34.629  4.935  35.268 0.0000000000
85547  -35.885  5.497  36.818 0.0000000000
65036  -15.100  -12.282  57.016 0.0000000000
67426  -14.306  -11.212  54.125 0.0000000000
66177  -14.302  -11.787  55.263 0.0000000000
65050  -13.778  -11.909  55.764 0.0000000000
65057  -12.367  -13.214  54.755 0.0000000000
74419  -29.545  -4.914  42.257 0.0000000000
76413  -29.391  -3.405  42.646 0.0000000000
75327  -28.767  -4.584  47.478 0.0000000000
74322  -29.459  -4.603  46.565 0.0000000000
74323  -30.452  -4.528  46.419 0.0000000000
75346  -31.837  -4.090  46.352 0.0000000000
75361  -30.870  -4.457  45.068 0.0000000000
75392  -31.092  -4.060  44.113 0.0000000000
76394  -30.480  -3.287  43.839 0.0000000000
77401  -30.057  -2.721  42.687 0.0000000000
78388  -31.997  -1.950  42.245 0.0000000000
80633  -31.408  0.031  43.149 0.0000000000
80650  -31.806  1.194  41.998 0.0000000000
81764  -32.436  1.058  44.039 0.0000000000
81782  -32.477  1.477  42.862 0.0000000000
68658  -24.363  -10.449  53.424 0.0000000000
68686  -24.726  -10.415  51.856 0.0000000000
67527  -24.872  -11.201  50.553 0.0000000000
71091  -22.734  -8.178  50.440 0.0000000000
69916  -24.474  -10.082  49.940 0.0000000000
66155  -19.152  -12.225  56.410 0.0000000000
67411  -18.755  -10.842  55.219 0.0000000000
66209  -20.503  -12.478  54.267 0.0000000000
67428  -19.418  -10.870  54.366 0.0000000000
68654  -17.439  -10.606  53.306 0.0000000000
67523  -16.781  -11.473  50.749 0.0000000000
85675  -44.753  6.005  27.092 0.0000000000
85695  -45.321  6.216  26.110 0.0000000000
86474  -45.840  6.545  25.399 0.0000000000
86461  -47.702  6.492  26.764 0.0000000000
86476  -47.433  6.803  25.837 0.0000000000
86491  -46.351  6.889  24.839 0.0000000000
86506  -46.993  6.996  23.917 0.0000000000
87342  -48.427  6.885  22.684 0.0000000000
86539  -49.552  6.646  22.175 0.0000000000
87345  -50.261  7.733  22.433 0.0000000000
88156  -50.759  8.527  22.510 0.0000000000
60394  -5.750  -17.356  60.245 0.0000000000
60375  -5.121  -16.255  61.518 0.0000000000
59163  -5.236  -18.056  60.114 0.0000000000
76477  -29.381  -3.372  39.135 0.0000000000
80760  -39.768  0.545  32.963 0.0000000000
80717  -34.944  1.200  34.770 0.0000000000
80718  -36.090  0.423  35.750 0.0000000000
79563  -38.279  -0.374  36.482 0.0000000000
83756  -36.888  2.459  33.924 0.0000000000
80699  -39.339  1.390  37.965 0.0000000000
79589  -40.593  -0.417  36.063 0.0000000000
80751  -41.182  0.570  34.437 0.0000000000
81865  -39.604  1.356  33.814 0.0000000000
140857  -38.403  1.600  33.515 0.0000000000
84664  -38.421  4.104  33.797 0.0000000000
84660  -40.196  5.216  35.026 0.0000000000
85554  -42.158  5.516  36.444 0.0000000000
62672  -6.586  -14.349  62.779 0.0000000000
62696  -7.518  -14.359  61.630 0.0000000000
61509  -6.249  -15.677  60.663 0.0000000000
60395  -6.334  -16.861  60.224 0.0000000000
59188  -6.209  -18.689  58.588 0.0000000000
60374  -4.601  -17.080  61.800 0.0000000000
59130  -4.089  -17.576  61.961 0.0000000000
59108  -3.455  -16.656  62.962 0.0000000000
55438  -3.931  -21.433  62.338 0.0000000000
56566  -3.293  -19.619  62.516 0.0000000000
60361  -3.227  -16.818  63.383 0.0000000000
60360  -3.049  -16.782  63.605 0.0000000000
60373  -2.715  -16.978  63.132 0.0000000000
54284  -2.030  -23.047  62.617 0.0000000000
56603  -2.700  -21.238  61.932 0.0000000000
61482  -6.020  -14.974  61.964 0.0000000000
66214  -25.296  -11.714  54.884 0.0000000000
66236  -25.479  -11.279  54.142 0.0000000000
75304  -26.160  -3.904  48.835 0.0000000000
75303  -25.072  -4.247  48.763 0.0000000000
75324  -25.534  -4.308  47.966 0.0000000000
74318  -24.837  -4.577  47.153 0.0000000000
68614  -25.594  -10.763  55.153 0.0000000000
67413  -25.474  -11.391  55.661 0.0000000000
66213  -24.626  -12.414  54.609 0.0000000000
85673  -42.558  5.543  27.382 0.0000000000
76430  -28.829  -3.400  41.974 0.0000000000
76447  -29.316  -3.485  41.057 0.0000000000
80747  -32.889  0.142  34.968 0.0000000000
80748  -33.193  0.150  34.765 0.0000000000
80749  -33.962  0.125  34.497 0.0000000000
62809  -9.945  -14.517  55.563 0.0000000000
73216  -29.691  -7.582  51.792 0.0000000000
73227  -31.457  -7.602  51.086 0.0000000000
73218  -32.062  -7.381  51.977 0.0000000000
75185  -23.973  -4.339  57.711 0.0000000000
76154  -23.879  -4.556  57.070 0.0000000000
75200  -24.974  -4.473  57.351 0.0000000000
71056  -29.764  -8.321  53.069 0.0000000000
72100  -27.969  -8.057  53.745 0.0000000000
71071  -29.390  -8.279  52.486 0.0000000000
73215  -28.759  -7.157  52.120 0.0000000000
75175  -24.151  -3.961  58.439 0.0000000000
85570  -41.680  5.241  34.897 0.0000000000
84666  -40.386  4.649  34.085 0.0000000000
85571  -42.347  5.154  34.608 0.0000000000
85592  -44.525  5.604  32.500 0.0000000000
85613  -45.842  5.680  31.357 0.0000000000
85594  -46.328  6.045  32.022 0.0000000000
80665  -31.373  0.699  40.949 0.0000000000
81821  -33.072  2.739  35.650 0.0000000000
81834  -33.073  2.196  36.065 0.0000000000
67410  -17.668  -10.774  55.477 0.0000000000
67409  -16.708  -10.936  55.470 0.0000000000
68610  -16.173  -10.640  54.958 0.0000000000
90090  -50.722  10.282  22.252 0.0000000000
89087  -51.316  9.440  21.765 0.0000000000
61437  -4.182  -14.450  64.088 0.0000000000
61450  -3.674  -15.103  63.688 0.0000000000
61449  -3.350  -14.910  63.792 0.0000000000
74350  -29.298  -4.991  44.943 0.0000000000
74371  -28.701  -5.282  44.299 0.0000000000
74372  -29.498  -5.302  44.173 0.0000000000
75290  -32.934  -3.664  48.974 0.0000000000
77360  -32.084  -1.742  46.583 0.0000000000
78351  -32.308  -1.444  45.228 0.0000000000
78365  -32.510  -1.250  44.648 0.0000000000
78366  -33.003  -0.891  44.980 0.0000000000
66310  -18.779  -12.448  50.043 0.0000000000
66311  -19.612  -12.676  49.775 0.0000000000
74273  -22.412  -5.391  53.503 0.0000000000
73202  -22.204  -6.522  52.848 0.0000000000
74281  -22.338  -5.396  52.242 0.0000000000
66265  -20.344  -12.097  51.462 0.0000000000
67478  -20.086  -11.803  52.086 0.0000000000
67526  -19.123  -11.973  50.810 0.0000000000
66287  -19.007  -12.125  50.551 0.0000000000
85718  -46.246  6.054  24.133 0.0000000000
86525  -50.096  7.750  24.306 0.0000000000
87322  -50.535  8.046  24.446 0.0000000000
88127  -50.869  8.393  24.663 0.0000000000
79539  -29.719  -0.905  38.117 0.0000000000
78480  -29.478  -1.636  38.338 0.0000000000
78481  -29.852  -1.503  37.393 0.0000000000
79609  -37.155  -1.048  34.406 0.0000000000
79610  -38.262  -1.055  34.445 0.0000000000
84644  -34.840  3.071  33.257 0.0000000000
83755  -35.838  2.115  33.426 0.0000000000
61528  -8.174  -14.921  59.142 0.0000000000
62739  -7.596  -14.844  60.070 0.0000000000
61546  -7.476  -16.264  58.211 0.0000000000
54276  -2.954  -22.976  63.092 0.0000000000
55448  -2.469  -21.984  62.679 0.0000000000
82820  -31.716  2.006  39.232 0.0000000000
66261  -15.016  -11.298  51.748 0.0000000000
61453  -5.225  -14.557  63.554 0.0000000000
62626  -5.527  -14.302  64.275 0.0000000000
61452  -4.538  -14.934  63.390 0.0000000000
60347  -4.395  -15.515  62.928 0.0000000000
74367  -24.659  -5.543  44.247 0.0000000000
74330  -27.230  -4.794  46.104 0.0000000000
74347  -26.510  -4.995  45.126 0.0000000000
74349  -28.475  -4.898  45.040 0.0000000000
66246  -22.456  -12.951  52.132 0.0000000000
65079  -24.031  -12.888  52.179 0.0000000000
76286  -24.476  -3.522  50.801 0.0000000000
76285  -23.648  -3.555  50.825 0.0000000000
75271  -23.949  -3.828  50.169 0.0000000000
75301  -22.973  -4.291  48.376 0.0000000000
75283  -22.575  -4.609  49.126 0.0000000000
75300  -22.041  -4.642  48.259 0.0000000000
73249  -22.012  -6.031  48.410 0.0000000000
74314  -21.133  -5.140  47.409 0.0000000000
73255  -22.284  -5.268  46.519 0.0000000000
74344  -23.000  -5.554  45.422 0.0000000000
66160  -24.591  -12.116  57.090 0.0000000000
67378  -24.412  -11.650  57.087 0.0000000000
66133  -23.718  -12.083  57.636 0.0000000000
66159  -24.110  -12.606  56.737 0.0000000000
66211  -22.608  -12.534  54.187 0.0000000000
66245  -21.111  -12.192  52.290 0.0000000000
78495  -31.127  -0.860  36.023 0.0000000000
79582  -31.450  -0.661  35.933 0.0000000000
80750  -34.852  -0.122  34.595 0.0000000000
79584  -35.613  -0.450  34.684 0.0000000000
80737  -36.081  -0.092  35.523 0.0000000000
86384  -37.986  6.356  39.083 0.0000000000
85533  -37.295  5.649  37.359 0.0000000000
86386  -39.834  6.191  38.856 0.0000000000
65034  -12.840  -12.872  56.572 0.0000000000
65015  -12.590  -13.115  57.291 0.0000000000
63925  -11.617  -13.376  57.661 0.0000000000
64996  -12.237  -13.255  57.861 0.0000000000
63918  -11.676  -13.343  58.288 0.0000000000
63917  -11.055  -13.758  58.671 0.0000000000
141481  -28.992  -4.319  50.189 0.0000000000
72155  -28.965  -5.416  49.908 0.0000000000
74304  -31.332  -5.705  50.912 0.0000000000
73237  -30.633  -5.764  50.383 0.0000000000
75277  -30.908  -4.941  51.060 0.0000000000
71010  -23.036  -8.791  55.993 0.0000000000
71021  -23.323  -8.931  55.460 0.0000000000
72067  -22.392  -7.435  56.315 0.0000000000
74243  -22.508  -5.675  55.657 0.0000000000
75211  -22.644  -4.812  55.108 0.0000000000
75228  -22.442  -4.816  54.277 0.0000000000
76202  -23.671  -3.611  54.655 0.0000000000
141410  -27.120  -5.904  56.665 0.0000000000
75231  -27.172  -5.207  54.230 0.0000000000
76205  -26.375  -4.486  54.422 0.0000000000
76224  -26.307  -4.066  54.259 0.0000000000
75240  -26.474  -3.571  53.366 0.0000000000
76241  -25.139  -3.378  52.449 0.0000000000
75250  -26.387  -3.413  52.552 0.0000000000
76267  -28.817  -5.029  51.612 0.0000000000
75264  -28.453  -3.931  52.273 0.0000000000
75275  -28.577  -3.830  51.104 0.0000000000
75287  -26.754  -3.737  49.836 0.0000000000
73143  -22.531  -6.963  57.524 0.0000000000
72069  -22.822  -8.723  56.509 0.0000000000
71011  -23.356  -9.289  55.691 0.0000000000
140831  -37.931  3.276  33.165 0.0000000000
140856  -36.997  2.347  32.249 0.0000000000
84673  -38.185  3.931  32.701 0.0000000000
84685  -39.078  4.294  32.076 0.0000000000
83775  -37.616  3.648  30.710 0.0000000000
85573  -44.085  5.676  34.465 0.0000000000
85578  -42.602  5.040  33.802 0.0000000000
85579  -43.355  5.360  33.632 0.0000000000
85610  -42.798  5.178  31.773 0.0000000000
85609  -41.932  5.125  31.928 0.0000000000
85623  -41.244  5.041  31.324 0.0000000000
84705  -40.408  4.729  30.843 0.0000000000
84709  -40.146  4.723  29.769 0.0000000000
85626  -44.069  5.400  30.462 0.0000000000
85639  -42.089  5.237  29.821 0.0000000000
85655  -42.204  5.457  28.585 0.0000000000
85628  -46.267  5.623  30.406 0.0000000000
85642  -45.683  5.694  29.329 0.0000000000
85631  -49.172  5.778  30.354 0.0000000000
77437  -30.906  -1.666  40.761 0.0000000000
78423  -31.026  -1.119  41.139 0.0000000000
79501  -30.309  -0.488  40.562 0.0000000000
79520  -30.484  -0.044  39.637 0.0000000000
80682  -31.886  1.028  38.504 0.0000000000
80691  -31.750  0.684  37.891 0.0000000000
79542  -31.834  0.543  37.395 0.0000000000
82831  -34.644  3.278  35.398 0.0000000000
82832  -35.288  2.678  34.675 0.0000000000
84643  -34.231  3.512  34.300 0.0000000000
85530  -34.666  5.525  37.200 0.0000000000
85531  -35.570  5.646  37.560 0.0000000000
85546  -35.149  5.459  36.418 0.0000000000
86383  -37.107  6.326  39.271 0.0000000000
66151  -15.729  -12.089  56.241 0.0000000000
65037  -16.154  -12.627  56.924 0.0000000000
66243  -14.300  -11.737  52.310 0.0000000000
68629  -14.786  -10.683  54.033 0.0000000000
66229  -13.879  -11.765  53.306 0.0000000000
66205  -13.830  -11.908  54.300 0.0000000000
66176  -13.527  -12.265  54.981 0.0000000000
65049  -13.017  -12.567  55.624 0.0000000000
65058  -12.937  -12.694  54.780 0.0000000000
73338  -26.975  -6.334  41.212 0.0000000000
72211  -28.602  -5.727  41.710 0.0000000000
75413  -29.864  -4.172  42.894 0.0000000000
141478  -29.744  -4.318  48.904 0.0000000000
75307  -31.711  -4.208  48.100 0.0000000000
75347  -32.529  -3.473  46.890 0.0000000000
75362  -31.259  -4.131  45.488 0.0000000000
75376  -30.993  -4.307  44.654 0.0000000000
75377  -30.936  -3.826  45.081 0.0000000000
76378  -30.508  -2.929  44.554 0.0000000000
77372  -30.641  -2.671  44.115 0.0000000000
77385  -30.223  -2.901  43.532 0.0000000000
77386  -30.788  -2.495  43.446 0.0000000000
77402  -31.432  -2.405  42.262 0.0000000000
77387  -31.759  -2.141  43.197 0.0000000000
80613  -31.884  -0.288  43.519 0.0000000000
79461  -32.021  -0.505  43.236 0.0000000000
81745  -33.124  1.580  44.698 0.0000000000
81744  -32.421  1.061  45.102 0.0000000000
81794  -32.194  1.708  41.914 0.0000000000
66312  -20.527  -12.751  49.440 0.0000000000
66313  -21.462  -12.818  49.059 0.0000000000
69853  -24.095  -9.684  54.428 0.0000000000
69865  -23.828  -9.888  53.537 0.0000000000
71082  -23.611  -9.261  51.812 0.0000000000
69892  -24.441  -10.094  52.081 0.0000000000
69905  -24.756  -9.908  51.557 0.0000000000
67507  -24.833  -11.084  51.565 0.0000000000
68697  -25.061  -10.216  50.898 0.0000000000
73224  -22.144  -6.531  50.755 0.0000000000
72144  -22.204  -7.241  50.118 0.0000000000
66182  -19.269  -11.955  55.695 0.0000000000
66207  -19.444  -11.276  55.039 0.0000000000
66185  -22.001  -12.734  55.077 0.0000000000
66184  -21.014  -12.858  54.971 0.0000000000
67477  -19.256  -11.051  52.342 0.0000000000
67449  -19.455  -10.907  53.374 0.0000000000
68656  -18.789  -10.588  52.908 0.0000000000
68634  -18.788  -10.532  53.704 0.0000000000
69877  -17.725  -10.521  52.732 0.0000000000
67475  -16.942  -10.770  51.885 0.0000000000
67503  -17.304  -10.840  51.305 0.0000000000
86459  -46.074  6.415  26.151 0.0000000000
86463  -49.708  6.149  26.981 0.0000000000
86462  -48.698  6.347  26.896 0.0000000000
86493  -48.089  7.082  25.126 0.0000000000
86492  -47.180  7.094  24.955 0.0000000000
87331  -48.667  7.585  23.069 0.0000000000
86538  -48.704  6.586  22.491 0.0000000000
86540  -49.918  7.144  22.187 0.0000000000
89080  -50.770  9.377  22.504 0.0000000000
90076  -50.517  10.082  23.367 0.0000000000
59164  -5.803  -17.583  60.044 0.0000000000
59175  -5.221  -18.746  59.687 0.0000000000
77453  -29.811  -2.450  39.797 0.0000000000
76464  -29.384  -3.427  40.102 0.0000000000
78524  -39.530  -0.888  33.457 0.0000000000
79632  -39.945  -0.391  33.133 0.0000000000
80696  -35.371  1.348  34.972 0.0000000000
80697  -36.365  1.062  35.981 0.0000000000
80719  -37.224  0.264  36.529 0.0000000000
80720  -37.824  0.124  37.020 0.0000000000
84657  -36.835  4.965  35.396 0.0000000000
140892  -36.419  3.953  33.752 0.0000000000
140905  -36.775  3.224  33.708 0.0000000000
82849  -39.897  2.269  37.161 0.0000000000
82848  -38.168  2.193  35.551 0.0000000000
80686  -42.196  1.422  39.091 0.0000000000
79565  -40.333  -0.196  37.186 0.0000000000
79590  -41.460  -0.191  36.707 0.0000000000
79613  -41.608  -0.248  35.663 0.0000000000
80753  -42.442  0.837  35.737 0.0000000000
81855  -39.937  1.542  34.627 0.0000000000
81854  -39.014  1.714  34.230 0.0000000000
140858  -38.148  3.287  33.875 0.0000000000
84650  -39.504  5.280  35.460 0.0000000000
85563  -40.763  5.685  35.774 0.0000000000
61492  -6.751  -14.839  61.005 0.0000000000
61483  -6.680  -14.721  61.671 0.0000000000
60396  -6.817  -16.179  59.846 0.0000000000
60413  -6.818  -17.879  58.366 0.0000000000
60404  -6.600  -17.560  59.278 0.0000000000
59155  -4.645  -17.806  60.800 0.0000000000
59146  -4.651  -17.247  61.380 0.0000000000
59154  -4.181  -18.467  60.984 0.0000000000
57893  -3.609  -19.061  61.557 0.0000000000
57871  -3.796  -18.412  61.552 0.0000000000
59129  -3.705  -17.250  62.531 0.0000000000
56565  -3.241  -20.049  62.896 0.0000000000
59128  -3.148  -17.621  62.909 0.0000000000
59127  -3.111  -17.689  63.143 0.0000000000
59126  -2.901  -17.618  63.191 0.0000000000
59144  -2.720  -17.846  62.733 0.0000000000
55447  -2.228  -22.531  62.047 0.0000000000
61469  -5.138  -15.006  62.702 0.0000000000
74346  -25.419  -5.047  45.158 0.0000000000
74321  -27.814  -4.600  46.954 0.0000000000
65067  -23.486  -13.202  52.706 0.0000000000
66249  -24.676  -11.380  53.125 0.0000000000
75285  -24.499  -4.055  49.468 0.0000000000
75302  -23.976  -4.363  48.513 0.0000000000
75322  -24.060  -4.469  47.965 0.0000000000
74326  -22.782  -4.842  46.745 0.0000000000
74317  -23.889  -4.538  47.391 0.0000000000
74328  -25.110  -4.844  46.183 0.0000000000
69822  -23.129  -10.017  56.078 0.0000000000
68581  -24.303  -11.000  56.299 0.0000000000
67395  -25.180  -11.773  56.482 0.0000000000
66188  -24.958  -12.232  55.887 0.0000000000
85671  -40.432  4.880  28.166 0.0000000000
85693  -43.181  5.220  26.211 0.0000000000
74442  -29.407  -4.991  41.197 0.0000000000
78508  -32.178  -0.717  35.165 0.0000000000
63933  -11.473  -13.592  55.796 0.0000000000
65033  -11.932  -13.229  56.577 0.0000000000
63932  -11.079  -13.758  56.587 0.0000000000
62783  -10.636  -14.229  56.971 0.0000000000
61605  -8.438  -16.567  55.530 0.0000000000
62793  -8.890  -15.605  55.261 0.0000000000
74295  -28.999  -6.215  51.264 0.0000000000
73235  -29.193  -6.767  50.465 0.0000000000
73226  -30.223  -7.363  50.900 0.0000000000
72139  -31.702  -7.474  50.680 0.0000000000
74296  -31.818  -6.012  51.382 0.0000000000
74229  -22.696  -6.179  57.344 0.0000000000
74228  -22.714  -5.734  56.726 0.0000000000
76170  -23.579  -4.402  56.433 0.0000000000
74244  -27.114  -5.878  55.169 0.0000000000
73191  -27.879  -7.289  54.408 0.0000000000
73203  -27.692  -7.181  53.476 0.0000000000
75242  -27.540  -5.124  53.449 0.0000000000
75251  -27.583  -3.822  52.727 0.0000000000
74284  -28.408  -6.317  52.433 0.0000000000
74285  -29.030  -6.423  51.958 0.0000000000
75173  -23.063  -4.927  57.926 0.0000000000
84675  -40.738  4.564  33.296 0.0000000000
85580  -44.270  5.651  33.510 0.0000000000
79502  -30.803  -0.098  41.482 0.0000000000
65039  -18.173  -12.677  56.959 0.0000000000
66153  -17.775  -12.204  56.277 0.0000000000
66180  -17.291  -11.610  55.713 0.0000000000
66179  -16.295  -11.648  55.721 0.0000000000
65065  -12.196  -13.317  53.769 0.0000000000
88157  -51.108  8.277  21.859 0.0000000000
88164  -51.670  8.499  21.308 0.0000000000
89088  -52.112  9.399  21.120 0.0000000000
60343  -3.055  -15.818  63.709 0.0000000000
73277  -27.364  -5.433  43.759 0.0000000000
73276  -27.032  -5.513  43.520 0.0000000000
73294  -28.501  -5.586  42.344 0.0000000000
74395  -30.610  -4.908  43.739 0.0000000000
141479  -30.154  -4.183  49.091 0.0000000000
76351  -33.042  -2.908  47.446 0.0000000000
76364  -32.335  -2.507  46.922 0.0000000000
76363  -31.782  -2.665  46.469 0.0000000000
76380  -31.029  -3.023  46.048 0.0000000000
75378  -30.944  -3.430  45.679 0.0000000000
76362  -30.997  -2.276  45.973 0.0000000000
77358  -31.119  -1.931  45.279 0.0000000000
78374  -32.144  -1.503  43.789 0.0000000000
79443  -32.258  -0.526  43.852 0.0000000000
80614  -31.896  0.115  43.931 0.0000000000
81765  -33.267  1.922  43.684 0.0000000000
65106  -22.950  -13.344  50.604 0.0000000000
72098  -21.920  -8.093  54.019 0.0000000000
71053  -22.416  -8.615  53.732 0.0000000000
72112  -22.066  -7.778  53.446 0.0000000000
71081  -22.937  -8.324  51.510 0.0000000000
72154  -22.226  -6.857  49.054 0.0000000000
71102  -22.657  -7.923  49.393 0.0000000000
65053  -20.591  -13.040  55.635 0.0000000000
66231  -20.872  -12.091  53.369 0.0000000000
67504  -18.397  -10.943  51.472 0.0000000000
67525  -18.602  -11.788  50.562 0.0000000000
66309  -18.030  -12.453  49.757 0.0000000000
85659  -46.304  5.941  28.370 0.0000000000
85677  -46.988  6.256  27.534 0.0000000000
86478  -49.388  6.460  26.041 0.0000000000
86508  -48.705  7.331  24.470 0.0000000000
87321  -49.082  7.548  24.050 0.0000000000
87332  -49.407  7.774  23.512 0.0000000000
87333  -50.047  8.126  23.756 0.0000000000
57948  -5.646  -19.017  58.983 0.0000000000
57947  -5.364  -19.573  59.325 0.0000000000
78464  -29.662  -1.711  39.223 0.0000000000
77494  -29.582  -2.459  37.734 0.0000000000
78522  -37.932  -1.228  33.597 0.0000000000
81824  -35.700  1.633  34.577 0.0000000000
81825  -36.501  1.618  35.068 0.0000000000
85534  -38.214  5.560  37.159 0.0000000000
140890  -37.168  3.784  34.115 0.0000000000
82862  -38.321  2.448  34.763 0.0000000000
82875  -40.184  1.898  35.481 0.0000000000
140871  -37.778  3.205  34.041 0.0000000000
84658  -38.339  4.446  34.413 0.0000000000
85552  -40.293  5.577  36.206 0.0000000000
62755  -9.543  -14.271  59.356 0.0000000000
62741  -9.607  -14.268  59.964 0.0000000000
63899  -9.386  -14.374  60.898 0.0000000000
60422  -6.973  -18.047  57.853 0.0000000000
57929  -4.557  -19.701  60.498 0.0000000000
57911  -4.240  -19.169  60.828 0.0000000000
56588  -4.106  -19.701  61.279 0.0000000000
56587  -3.744  -20.051  61.812 0.0000000000
54277  -3.409  -22.765  62.739 0.0000000000
55437  -3.565  -21.679  62.857 0.0000000000
57892  -3.020  -20.060  62.964 0.0000000000
57867  -2.964  -18.317  62.870 0.0000000000
141429  -25.839  -4.518  57.610 0.0000000000
71025  -29.959  -8.031  54.763 0.0000000000
85556  -43.907  5.562  36.193 0.0000000000
85566  -43.162  5.311  35.458 0.0000000000
85557  -44.568  5.761  36.002 0.0000000000
85568  -44.789  5.839  35.313 0.0000000000
86401  -45.571  6.322  35.302 0.0000000000
86409  -46.010  6.465  33.372 0.0000000000
86420  -46.329  6.387  32.634 0.0000000000
81805  -32.109  1.626  40.921 0.0000000000
80672  -32.068  1.298  40.111 0.0000000000
82829  -32.295  2.082  36.914 0.0000000000
68653  -16.617  -10.589  53.560 0.0000000000
68652  -15.895  -10.472  53.660 0.0000000000
67472  -15.150  -10.704  52.602 0.0000000000
61451  -4.067  -15.106  63.545 0.0000000000
74390  -26.226  -5.429  43.509 0.0000000000
74369  -26.879  -5.307  44.129 0.0000000000
79416  -32.877  -0.582  45.539 0.0000000000
66289  -20.467  -12.392  50.442 0.0000000000
66267  -22.283  -12.867  50.915 0.0000000000
65078  -23.314  -13.225  52.264 0.0000000000
65090  -22.913  -13.305  51.559 0.0000000000
66268  -24.674  -11.796  51.144 0.0000000000
76239  -22.728  -3.678  52.579 0.0000000000
75260  -22.325  -4.289  51.719 0.0000000000
74300  -22.210  -5.175  49.713 0.0000000000
73243  -22.138  -5.893  49.181 0.0000000000
73262  -22.533  -5.538  46.210 0.0000000000
66131  -22.486  -12.902  57.116 0.0000000000
84707  -38.048  3.600  29.152 0.0000000000
85662  -49.323  5.695  28.697 0.0000000000
85680  -49.993  5.763  27.879 0.0000000000
86464  -50.751  6.192  27.160 0.0000000000
87310  -51.052  7.947  24.962 0.0000000000
79558  -30.745  -0.803  36.779 0.0000000000
85560  -35.987  5.289  36.132 0.0000000000
140893  -36.084  4.629  34.461 0.0000000000
85548  -36.558  5.412  36.661 0.0000000000
85520  -39.037  5.857  38.080 0.0000000000
85535  -39.178  5.461  37.162 0.0000000000
85521  -39.943  5.653  38.072 0.0000000000
85522  -40.811  5.513  38.067 0.0000000000
65014  -11.871  -13.207  57.261 0.0000000000
63916  -10.322  -14.061  59.015 0.0000000000
63923  -10.456  -14.222  58.221 0.0000000000
61564  -7.494  -16.543  57.646 0.0000000000
61565  -7.878  -15.992  57.367 0.0000000000
60432  -7.677  -16.988  56.817 0.0000000000
54275  -2.424  -23.009  63.050 0.0000000000
75305  -27.410  -3.941  48.949 0.0000000000
141480  -29.186  -5.167  49.691 0.0000000000
141472  -30.079  -6.114  49.733 0.0000000000
141474  -29.655  -5.119  49.851 0.0000000000
141473  -30.179  -4.293  49.855 0.0000000000
75267  -31.893  -4.903  52.343 0.0000000000
69855  -25.410  -10.385  54.915 0.0000000000
68636  -25.586  -10.553  54.457 0.0000000000
69854  -25.034  -9.866  54.734 0.0000000000
71037  -23.400  -9.147  54.828 0.0000000000
71020  -22.738  -8.450  55.205 0.0000000000
73158  -22.358  -6.613  56.089 0.0000000000
72099  -22.199  -7.790  54.560 0.0000000000
74259  -22.420  -5.636  54.620 0.0000000000
76220  -22.464  -3.848  53.425 0.0000000000
75212  -25.307  -4.670  56.834 0.0000000000
76187  -25.043  -4.590  55.984 0.0000000000
75230  -26.632  -5.203  54.881 0.0000000000
76204  -25.824  -4.497  54.916 0.0000000000
76221  -23.187  -3.478  53.544 0.0000000000
76240  -23.745  -3.356  52.523 0.0000000000
76264  -24.174  -3.366  51.542 0.0000000000
75262  -26.144  -3.568  51.459 0.0000000000
74294  -26.959  -3.605  51.500 0.0000000000
75273  -26.169  -3.693  50.687 0.0000000000
70996  -22.932  -8.900  57.150 0.0000000000
70998  -23.370  -10.219  55.757 0.0000000000
69844  -24.751  -9.961  55.392 0.0000000000
81888  -37.822  1.279  32.247 0.0000000000
83774  -37.101  3.334  31.394 0.0000000000
83784  -36.068  3.329  30.763 0.0000000000
84668  -42.022  4.821  33.861 0.0000000000
84687  -41.193  4.741  32.599 0.0000000000
85590  -42.471  4.960  32.829 0.0000000000
85588  -41.421  4.842  32.392 0.0000000000
84699  -39.750  4.483  31.447 0.0000000000
84703  -38.364  3.854  30.096 0.0000000000
86421  -47.083  6.451  32.264 0.0000000000
86437  -47.306  6.295  31.729 0.0000000000
85615  -47.819  6.195  31.440 0.0000000000
85630  -48.236  5.851  30.420 0.0000000000
85645  -48.742  5.740  29.531 0.0000000000
77418  -30.519  -2.585  41.491 0.0000000000
77436  -30.496  -2.118  40.545 0.0000000000
78446  -30.281  -1.675  40.212 0.0000000000
79500  -29.915  -0.993  40.198 0.0000000000
79518  -29.712  -1.170  39.687 0.0000000000
79531  -30.083  -0.393  38.730 0.0000000000
81836  -34.934  2.890  34.429 0.0000000000
83754  -34.943  2.467  33.960 0.0000000000
84642  -34.004  4.301  35.518 0.0000000000
140832  -33.979  4.422  34.893 0.0000000000
85545  -34.383  5.273  36.168 0.0000000000
84654  -35.432  5.238  35.657 0.0000000000
85532  -36.448  5.693  37.624 0.0000000000
68630  -15.551  -10.567  54.329 0.0000000000
67427  -14.993  -10.962  54.616 0.0000000000
66206  -14.678  -11.470  54.844 0.0000000000
66150  -14.678  -11.770  56.175 0.0000000000
65035  -13.737  -12.063  56.851 0.0000000000
63941  -11.587  -13.739  54.919 0.0000000000
91178  -50.890  10.789  21.703 0.0000000000
73316  -29.229  -5.382  41.293 0.0000000000
75412  -29.262  -4.221  42.095 0.0000000000
76412  -28.841  -3.116  42.539 0.0000000000
75326  -27.787  -4.242  47.909 0.0000000000
74333  -29.839  -4.738  45.637 0.0000000000
74334  -30.532  -4.682  45.430 0.0000000000
75329  -32.342  -4.083  47.293 0.0000000000
75345  -31.109  -4.375  45.927 0.0000000000
74352  -30.596  -4.877  44.774 0.0000000000
74374  -30.831  -4.751  44.387 0.0000000000
74396  -31.006  -4.555  44.077 0.0000000000
74421  -30.831  -4.508  43.688 0.0000000000
76396  -30.699  -3.475  44.756 0.0000000000
75414  -30.632  -4.134  43.431 0.0000000000
76414  -30.194  -3.487  43.303 0.0000000000
78403  -31.695  -1.521  41.867 0.0000000000
78389  -32.173  -1.445  42.722 0.0000000000
78404  -31.749  -0.845  42.295 0.0000000000
79480  -31.283  -0.270  42.363 0.0000000000
80596  -32.004  0.205  45.025 0.0000000000
68659  -25.226  -10.479  54.042 0.0000000000
67453  -24.785  -11.016  53.651 0.0000000000
67480  -24.599  -10.998  52.650 0.0000000000
69878  -23.457  -9.407  52.943 0.0000000000
68675  -24.375  -10.448  52.556 0.0000000000
66292  -24.530  -12.046  50.222 0.0000000000
73213  -22.206  -6.456  51.680 0.0000000000
72136  -22.363  -7.407  51.122 0.0000000000
71092  -23.526  -8.961  50.772 0.0000000000
71103  -23.401  -8.715  49.734 0.0000000000
69915  -24.140  -9.629  50.106 0.0000000000
68696  -24.682  -9.805  50.565 0.0000000000
68707  -24.695  -10.026  50.279 0.0000000000
65040  -19.108  -12.527  56.995 0.0000000000
66154  -18.658  -12.111  56.410 0.0000000000
68612  -17.916  -10.403  54.748 0.0000000000
66156  -21.387  -12.979  55.821 0.0000000000
66183  -19.995  -12.788  55.081 0.0000000000
66230  -20.163  -11.955  53.810 0.0000000000
66208  -19.728  -11.885  54.561 0.0000000000
68613  -18.615  -10.545  54.415 0.0000000000
68633  -18.037  -10.485  53.927 0.0000000000
68632  -17.248  -10.467  54.150 0.0000000000
68670  -16.640  -10.759  52.868 0.0000000000
67502  -16.329  -11.122  51.308 0.0000000000
86490  -45.843  6.511  24.756 0.0000000000
86477  -48.383  6.636  25.956 0.0000000000
86475  -46.580  6.750  25.625 0.0000000000
86504  -45.906  6.534  24.515 0.0000000000
86505  -46.117  6.624  24.398 0.0000000000
85719  -47.161  6.099  23.520 0.0000000000
87319  -47.894  7.519  23.494 0.0000000000
87318  -47.696  7.093  23.327 0.0000000000
86536  -47.854  6.431  22.846 0.0000000000
86550  -50.398  6.833  21.654 0.0000000000
87352  -50.550  7.389  21.792 0.0000000000
87346  -50.838  8.000  22.077 0.0000000000
90089  -50.373  10.802  23.044 0.0000000000
60385  -5.734  -16.085  60.864 0.0000000000
60384  -5.483  -17.040  60.602 0.0000000000
57930  -4.912  -19.393  59.956 0.0000000000
81889  -38.827  0.856  32.583 0.0000000000
79561  -36.582  -0.321  35.653 0.0000000000
79562  -37.255  -0.397  36.037 0.0000000000
84645  -36.073  3.081  33.089 0.0000000000
81839  -37.679  1.647  36.316 0.0000000000
81840  -39.028  2.068  37.456 0.0000000000
79544  -39.203  0.372  37.426 0.0000000000
79564  -39.404  -0.306  36.724 0.0000000000
79587  -38.405  -0.751  35.387 0.0000000000
79588  -39.556  -0.549  35.594 0.0000000000
79612  -40.801  -0.250  34.717 0.0000000000
81856  -40.955  1.585  35.068 0.0000000000
81866  -40.729  1.184  34.086 0.0000000000
80761  -40.442  0.364  33.759 0.0000000000
81876  -40.102  0.990  33.403 0.0000000000
81875  -39.196  1.134  33.162 0.0000000000
85564  -41.346  5.528  35.522 0.0000000000
62673  -7.180  -14.309  62.335 0.0000000000
61491  -6.095  -15.278  61.267 0.0000000000
60423  -7.235  -17.394  57.619 0.0000000000
60364  -5.048  -15.671  62.211 0.0000000000
60363  -4.466  -16.169  62.421 0.0000000000
59145  -4.197  -17.897  61.336 0.0000000000
60362  -3.985  -16.427  62.686 0.0000000000
59109  -3.765  -16.531  62.780 0.0000000000
55449  -4.157  -21.362  61.784 0.0000000000
56567  -3.349  -19.228  62.167 0.0000000000
56586  -3.613  -20.607  62.769 0.0000000000
57869  -3.266  -18.529  62.466 0.0000000000
60359  -2.850  -16.524  63.540 0.0000000000
60358  -2.604  -16.173  63.269 0.0000000000
57910  -2.686  -20.196  62.319 0.0000000000
63939  -10.201  -14.650  54.799 0.0000000000
65013  -11.425  -13.518  57.217 0.0000000000
65051  -19.476  -12.461  56.410 0.0000000000
66203  -12.576  -12.832  54.260 0.0000000000
66244  -20.520  -12.044  52.035 0.0000000000
66247  -23.016  -13.148  52.511 0.0000000000
66264  -19.792  -11.997  51.282 0.0000000000
66286  -17.445  -12.349  50.087 0.0000000000
67396  -24.958  -11.276  56.506 0.0000000000
67407  -15.291  -11.213  55.088 0.0000000000
67412  -25.275  -11.786  55.925 0.0000000000
67429  -19.854  -11.406  53.861 0.0000000000
67448  -14.432  -10.955  53.288 0.0000000000
67451  -20.547  -11.928  52.619 0.0000000000
67452  -24.462  -10.750  53.075 0.0000000000
67454  -25.867  -10.828  53.933 0.0000000000
67473  -15.933  -10.823  52.438 0.0000000000
67474  -16.472  -10.851  52.165 0.0000000000
67481  -24.548  -11.096  53.197 0.0000000000
67500  -15.463  -10.915  52.109 0.0000000000
67506  -19.890  -11.929  51.550 0.0000000000
67542  -18.003  -11.866  49.979 0.0000000000
67543  -18.352  -12.137  50.089 0.0000000000
68580  -23.402  -10.716  56.520 0.0000000000
68595  -23.010  -9.732  56.584 0.0000000000
68596  -23.000  -9.967  56.414 0.0000000000
68597  -25.138  -10.845  55.819 0.0000000000
68609  -15.566  -10.865  54.923 0.0000000000
68611  -16.991  -10.302  54.976 0.0000000000
68635  -25.303  -10.234  54.363 0.0000000000
68655  -18.128  -10.407  53.187 0.0000000000
68657  -24.045  -10.175  53.048 0.0000000000
68660  -25.681  -10.646  54.086 0.0000000000
68668  -15.568  -10.483  53.185 0.0000000000
68669  -16.000  -10.600  53.031 0.0000000000
68671  -17.307  -10.675  52.565 0.0000000000
68672  -18.106  -10.452  52.397 0.0000000000
68673  -18.722  -10.679  52.460 0.0000000000
68674  -24.187  -10.265  52.763 0.0000000000
68684  -17.472  -10.595  51.995 0.0000000000
68685  -17.828  -10.573  51.754 0.0000000000
69821  -22.991  -9.434  56.652 0.0000000000
69823  -23.905  -10.425  55.724 0.0000000000
69833  -23.008  -9.577  56.304 0.0000000000
69834  -22.992  -9.797  56.242 0.0000000000
69835  -24.407  -10.172  55.564 0.0000000000
69836  -24.803  -10.423  55.755 0.0000000000
69845  -25.209  -10.334  55.339 0.0000000000
69851  -22.830  -9.094  53.967 0.0000000000
69852  -23.316  -9.374  54.150 0.0000000000
69862  -17.781  -10.503  53.126 0.0000000000
69863  -17.867  -10.417  52.906 0.0000000000
69864  -23.138  -9.191  53.501 0.0000000000
69867  -25.152  -10.072  54.261 0.0000000000
69876  -17.649  -10.604  52.955 0.0000000000
69879  -23.924  -9.885  52.518 0.0000000000
69880  -24.270  -10.165  52.442 0.0000000000
69891  -24.272  -9.776  51.774 0.0000000000
70997  -23.043  -9.321  56.149 0.0000000000
71009  -22.612  -8.251  55.938 0.0000000000
71012  -23.778  -9.874  55.629 0.0000000000
71022  -23.848  -9.045  55.273 0.0000000000
71023  -24.055  -9.773  55.302 0.0000000000
71035  -22.166  -8.369  54.187 0.0000000000
71038  -24.090  -9.424  54.900 0.0000000000
71040  -28.372  -8.206  53.123 0.0000000000
71041  -28.910  -8.293  53.671 0.0000000000
71042  -29.861  -8.253  53.949 0.0000000000
71052  -22.043  -8.355  53.937 0.0000000000
71054  -28.397  -8.174  52.543 0.0000000000
71055  -28.929  -8.309  52.836 0.0000000000
71068  -23.485  -9.308  52.490 0.0000000000
71069  -28.499  -8.122  52.151 0.0000000000
71070  -28.885  -8.243  52.264 0.0000000000
72053  -22.710  -8.087  57.559 0.0000000000
72101  -28.468  -8.005  54.551 0.0000000000
72111  -22.002  -8.228  53.750 0.0000000000
72113  -27.867  -7.918  52.890 0.0000000000
72114  -29.937  -8.170  52.390 0.0000000000
72115  -30.667  -8.185  52.790 0.0000000000
72127  -28.169  -7.835  52.181 0.0000000000
72128  -28.827  -7.917  51.870 0.0000000000
72129  -29.440  -8.065  52.074 0.0000000000
72137  -30.332  -7.209  50.287 0.0000000000
72138  -31.066  -7.391  50.533 0.0000000000
72145  -28.970  -6.368  49.724 0.0000000000
72146  -29.753  -6.790  49.817 0.0000000000
72148  -31.572  -7.164  50.459 0.0000000000
72212  -28.626  -5.880  41.261 0.0000000000
73159  -22.471  -6.781  56.844 0.0000000000
73204  -29.878  -7.910  52.076 0.0000000000
73205  -30.420  -7.966  52.159 0.0000000000
73217  -30.896  -7.753  51.712 0.0000000000
73236  -29.840  -7.178  50.272 0.0000000000
73238  -31.502  -6.477  50.611 0.0000000000
73244  -28.674  -6.058  50.203 0.0000000000
73292  -26.516  -5.626  42.927 0.0000000000
74200  -22.914  -5.269  58.237 0.0000000000
74212  -22.837  -5.440  57.581 0.0000000000
74261  -27.490  -6.163  54.299 0.0000000000
74274  -27.747  -6.207  53.070 0.0000000000
74282  -26.980  -3.518  52.050 0.0000000000
74283  -27.265  -3.532  52.000 0.0000000000
74293  -26.614  -3.530  51.709 0.0000000000
74301  -26.507  -3.634  51.267 0.0000000000
74302  -26.683  -3.683  51.083 0.0000000000
74303  -28.807  -5.995  50.740 0.0000000000
74309  -21.202  -4.894  47.785 0.0000000000
74310  -21.491  -5.314  47.983 0.0000000000
74311  -23.481  -4.370  48.138 0.0000000000
74312  -23.738  -4.446  47.949 0.0000000000
74315  -21.611  -5.440  47.142 0.0000000000
74316  -23.216  -4.432  47.689 0.0000000000
74324  -21.407  -5.025  46.911 0.0000000000
74325  -21.928  -5.062  46.783 0.0000000000
74392  -28.247  -5.411  43.791 0.0000000000
74443  -29.402  -5.416  40.762 0.0000000000
75199  -24.427  -4.441  57.423 0.0000000000
75239  -22.367  -4.439  53.700 0.0000000000
75253  -28.867  -5.644  51.978 0.0000000000
75261  -25.516  -3.589  51.037 0.0000000000
75263  -27.667  -3.540  51.739 0.0000000000
75265  -28.858  -5.518  51.238 0.0000000000
75278  -31.464  -5.244  51.468 0.0000000000
75299  -21.559  -4.767  47.922 0.0000000000
75319  -21.479  -4.753  47.518 0.0000000000
75320  -21.877  -4.662  47.620 0.0000000000
75342  -21.356  -4.829  47.221 0.0000000000
75343  -21.690  -4.787  47.172 0.0000000000
75344  -22.124  -4.760  47.182 0.0000000000
75393  -30.914  -3.801  44.525 0.0000000000
76155  -24.159  -4.502  57.229 0.0000000000
76172  -24.900  -4.622  56.720 0.0000000000
76185  -23.173  -4.159  55.464 0.0000000000
76188  -25.590  -4.995  55.745 0.0000000000
76223  -25.853  -3.533  53.676 0.0000000000
76242  -25.843  -3.240  52.874 0.0000000000
76243  -28.603  -4.571  52.315 0.0000000000
76244  -28.685  -4.948  52.115 0.0000000000
76265  -25.013  -3.438  51.356 0.0000000000
76266  -28.828  -4.404  51.833 0.0000000000
76268  -31.097  -4.318  51.456 0.0000000000
76287  -25.033  -3.526  50.837 0.0000000000
76288  -28.861  -4.649  51.289 0.0000000000
76289  -28.807  -5.068  51.210 0.0000000000
76377  -30.465  -3.081  44.178 0.0000000000
76395  -30.735  -3.538  44.250 0.0000000000
76415  -30.724  -3.727  43.764 0.0000000000
76429  -28.536  -3.062  42.292 0.0000000000
77371  -30.425  -2.850  43.880 0.0000000000
77374  -31.835  -1.618  44.934 0.0000000000
77399  -28.699  -2.826  42.465 0.0000000000
77400  -29.134  -2.814  42.483 0.0000000000
77403  -31.980  -2.084  42.579 0.0000000000
77416  -28.797  -2.797  42.109 0.0000000000
77454  -30.201  -1.985  40.069 0.0000000000
78375  -32.653  -0.974  43.927 0.0000000000
78421  -30.095  -1.361  40.164 0.0000000000
79428  -32.584  -0.548  45.088 0.0000000000
79441  -32.218  -0.590  43.362 0.0000000000
79462  -31.811  -0.548  42.919 0.0000000000
79499  -29.913  -1.264  39.984 0.0000000000
79543  -38.430  0.035  37.172 0.0000000000
79545  -40.180  0.484  37.949 0.0000000000
79546  -40.832  0.542  38.230 0.0000000000
79566  -41.116  0.182  37.696 0.0000000000
80577  -32.589  0.195  45.797 0.0000000000
80597  -32.466  -0.258  45.415 0.0000000000
80612  -32.056  -0.418  43.448 0.0000000000
80632  -31.798  -0.319  43.272 0.0000000000
80673  -40.679  1.929  39.496 0.0000000000
80674  -41.010  1.849  39.589 0.0000000000
80675  -41.708  1.757  39.607 0.0000000000
80683  -39.675  1.746  38.695 0.0000000000
80684  -40.272  1.754  39.135 0.0000000000
80685  -41.197  1.355  39.241 0.0000000000
80700  -40.490  0.973  38.649 0.0000000000
80701  -41.559  0.764  38.437 0.0000000000
80702  -42.621  1.153  38.153 0.0000000000
80721  -42.106  0.425  37.412 0.0000000000
80722  -42.679  1.104  37.110 0.0000000000
80738  -42.285  0.390  36.239 0.0000000000
80739  -42.639  1.070  36.341 0.0000000000
80752  -41.904  0.426  35.145 0.0000000000
81719  -32.463  1.040  45.510 0.0000000000
81813  -40.801  2.074  39.485 0.0000000000
81814  -41.505  2.155  39.656 0.0000000000
81815  -42.380  2.066  39.554 0.0000000000
81826  -39.623  2.013  38.625 0.0000000000
81827  -40.373  2.251  39.052 0.0000000000
81828  -43.036  1.829  38.800 0.0000000000
81841  -43.190  1.708  37.813 0.0000000000
81848  -42.460  1.875  36.370 0.0000000000
81849  -42.859  1.660  36.849 0.0000000000
81857  -41.882  1.665  35.678 0.0000000000
81858  -42.504  1.381  36.005 0.0000000000
81867  -41.575  1.103  34.875 0.0000000000
81868  -42.146  1.079  35.421 0.0000000000
82822  -41.093  2.313  39.305 0.0000000000
82823  -41.864  2.462  39.230 0.0000000000
82824  -42.693  2.377  38.993 0.0000000000
82835  -39.898  2.353  38.304 0.0000000000
82836  -40.948  2.421  38.533 0.0000000000
82837  -42.160  2.512  38.429 0.0000000000
82838  -43.093  2.339  38.265 0.0000000000
82850  -41.363  2.402  37.518 0.0000000000
82851  -42.474  2.381  37.574 0.0000000000
82852  -43.083  2.155  37.477 0.0000000000
82863  -39.360  2.184  35.761 0.0000000000
82864  -40.635  2.267  36.423 0.0000000000
82865  -41.861  2.196  36.617 0.0000000000
82876  -41.135  2.017  35.832 0.0000000000
83789  -35.543  3.235  30.351 0.0000000000
83795  -35.394  3.209  30.166 0.0000000000
84655  -35.970  5.089  35.303 0.0000000000
84676  -41.574  4.648  33.366 0.0000000000
84688  -41.887  4.720  32.927 0.0000000000
84689  -42.177  4.761  33.022 0.0000000000
85536  -40.102  5.383  37.186 0.0000000000
85559  -35.609  5.386  36.288 0.0000000000
85561  -36.498  5.158  35.845 0.0000000000
85562  -36.763  5.064  35.626 0.0000000000
85572  -43.260  5.335  34.557 0.0000000000
85589  -41.716  4.863  32.458 0.0000000000
85596  -48.477  6.286  31.831 0.0000000000
85608  -41.353  4.971  32.104 0.0000000000
85717  -45.810  6.316  24.520 0.0000000000
86438  -47.544  6.378  31.912 0.0000000000
86522  -47.662  6.664  23.151 0.0000000000
86523  -47.917  6.890  22.959 0.0000000000
86537  -48.111  6.656  22.755 0.0000000000
87329  -47.817  7.010  23.127 0.0000000000
87330  -48.135  7.147  22.950 0.0000000000
87343  -48.804  7.071  22.624 0.0000000000
140874  -35.336  4.712  34.673 0.0000000000
140891  -36.855  4.614  34.753 0.0000000000
141405  -27.601  -6.254  55.403 0.0000000000
141430  -26.432  -4.998  57.411 0.0000000000
141477  -29.320  -5.381  49.742 0.0000000000
