#!ascii label  , from subject la02 vox2ras=TkReg
2153
76158  -31.295  -3.365  57.837 0.0000000000
88898  -50.007  10.314  37.311 0.0000000000
140791  -31.791  4.754  35.973 0.0000000000
63944  -4.323  -14.208  54.828 0.0000000000
66099  -19.513  -11.914  59.909 0.0000000000
73198  -8.916  -5.970  54.366 0.0000000000
75141  -6.540  -4.179  61.136 0.0000000000
88803  -42.433  10.565  44.434 0.0000000000
75357  -9.851  -5.112  45.524 0.0000000000
62671  -2.216  -14.814  62.734 0.0000000000
76310  -33.126  -3.492  49.737 0.0000000000
75187  -25.344  -4.296  58.104 0.0000000000
73096  -22.734  -6.325  61.308 0.0000000000
87264  -53.292  6.955  32.907 0.0000000000
87932  -37.777  8.613  45.090 0.0000000000
65017  -14.482  -12.940  57.519 0.0000000000
77341  -4.866  -1.682  46.193 0.0000000000
68606  -6.180  -10.766  55.343 0.0000000000
68666  -7.900  -10.327  51.986 0.0000000000
63972  -4.498  -14.803  51.262 0.0000000000
68444  -7.419  -11.068  67.978 0.0000000000
68446  -3.651  -10.501  66.039 0.0000000000
83711  -32.955  3.365  42.680 0.0000000000
71922  -19.829  -6.824  65.172 0.0000000000
66131  -22.486  -12.902  57.116 0.0000000000
74207  -7.725  -5.702  57.305 0.0000000000
69800  -5.139  -10.112  58.926 0.0000000000
87145  -47.125  9.185  42.475 0.0000000000
66044  -10.920  -12.705  65.398 0.0000000000
64956  -12.262  -13.456  61.070 0.0000000000
75254  -10.192  -4.751  50.851 0.0000000000
71117  -7.421  -9.023  47.144 0.0000000000
76093  -5.978  -3.387  64.890 0.0000000000
69738  -2.869  -9.688  62.362 0.0000000000
63915  -2.987  -14.505  59.521 0.0000000000
77230  -33.463  -2.293  56.042 0.0000000000
73176  -32.456  -6.215  55.804 0.0000000000
77277  -32.402  -3.434  53.921 0.0000000000
141377  -28.674  -6.736  58.892 0.0000000000
141395  -28.109  -6.902  55.934 0.0000000000
141385  -28.124  -5.447  61.027 0.0000000000
88038  -51.691  8.641  35.754 0.0000000000
87221  -46.287  7.466  37.668 0.0000000000
87237  -48.127  7.905  34.838 0.0000000000
86413  -49.544  6.574  33.219 0.0000000000
86327  -34.486  6.596  41.635 0.0000000000
82828  -31.768  2.186  38.042 0.0000000000
140790  -32.574  4.170  35.237 0.0000000000
140833  -33.743  5.228  36.594 0.0000000000
68623  -4.499  -11.507  54.710 0.0000000000
66241  -4.964  -12.281  53.239 0.0000000000
65073  -4.719  -14.035  52.972 0.0000000000
60485  -3.757  -17.730  51.367 0.0000000000
60469  -5.112  -17.570  53.629 0.0000000000
63806  -6.821  -14.332  65.236 0.0000000000
62596  -5.107  -13.987  65.387 0.0000000000
84616  -35.204  3.449  45.328 0.0000000000
79360  -33.497  -0.807  49.983 0.0000000000
77331  -33.019  -2.394  48.308 0.0000000000
80544  -32.849  0.923  47.597 0.0000000000
81746  -33.875  2.021  44.388 0.0000000000
76099  -21.615  -3.501  65.154 0.0000000000
68562  -23.202  -9.749  57.540 0.0000000000
67348  -23.590  -10.830  59.457 0.0000000000
85682  -51.929  5.793  28.291 0.0000000000
87300  -52.374  8.225  26.518 0.0000000000
74186  -7.195  -5.347  59.251 0.0000000000
72032  -6.770  -7.664  58.841 0.0000000000
72003  -6.222  -7.471  60.426 0.0000000000
87940  -45.527  9.348  43.645 0.0000000000
87206  -39.405  7.611  41.029 0.0000000000
86332  -41.879  7.255  41.228 0.0000000000
86357  -43.545  6.598  40.559 0.0000000000
69690  -9.893  -10.656  64.270 0.0000000000
70870  -11.326  -10.414  62.588 0.0000000000
76231  -6.941  -3.369  52.474 0.0000000000
76281  -7.200  -3.451  50.391 0.0000000000
74268  -10.110  -4.761  52.445 0.0000000000
66307  -5.579  -12.653  49.495 0.0000000000
68706  -7.559  -10.165  49.278 0.0000000000
67559  -4.636  -11.493  47.731 0.0000000000
76062  -6.736  -4.570  65.195 0.0000000000
66043  -2.902  -12.670  63.976 0.0000000000
69685  -2.594  -9.707  64.342 0.0000000000
66053  -2.359  -12.806  62.726 0.0000000000
67331  -2.092  -11.634  60.621 0.0000000000
62738  -2.134  -15.149  60.753 0.0000000000
77287  -34.150  -2.373  52.461 0.0000000000
76101  -23.728  -3.641  64.185 0.0000000000
141424  -25.379  -4.792  63.582 0.0000000000
75163  -23.380  -4.838  59.898 0.0000000000
87287  -54.652  7.486  30.027 0.0000000000
85618  -50.546  5.821  31.164 0.0000000000
87908  -40.147  10.119  45.229 0.0000000000
86382  -36.485  6.276  39.474 0.0000000000
65039  -18.173  -12.677  56.959 0.0000000000
65001  -16.912  -13.390  58.481 0.0000000000
76348  -7.753  -3.025  46.326 0.0000000000
71004  -8.545  -8.460  55.630 0.0000000000
71033  -9.334  -8.768  53.596 0.0000000000
68648  -6.599  -11.379  53.411 0.0000000000
67498  -5.834  -12.214  51.954 0.0000000000
65120  -4.045  -13.862  50.193 0.0000000000
69660  -6.656  -9.203  65.369 0.0000000000
73033  -5.363  -6.710  65.700 0.0000000000
68441  -4.895  -11.170  66.733 0.0000000000
63788  -3.728  -13.409  65.379 0.0000000000
140712  -29.398  2.103  34.825 0.0000000000
82807  -32.298  2.291  41.725 0.0000000000
67293  -20.917  -9.454  61.749 0.0000000000
71944  -22.159  -6.557  62.686 0.0000000000
66090  -22.612  -11.310  61.516 0.0000000000
65005  -20.908  -13.309  58.639 0.0000000000
76194  -7.393  -3.566  54.808 0.0000000000
76164  -6.674  -2.824  56.597 0.0000000000
74237  -8.156  -5.467  55.600 0.0000000000
70989  -7.836  -8.426  57.261 0.0000000000
69829  -5.810  -10.419  56.834 0.0000000000
68591  -3.863  -11.667  56.760 0.0000000000
87981  -48.864  9.886  40.178 0.0000000000
86378  -45.297  6.866  39.189 0.0000000000
69672  -8.037  -10.390  64.875 0.0000000000
67273  -9.245  -11.633  67.200 0.0000000000
63841  -8.331  -13.454  63.468 0.0000000000
64968  -16.501  -13.051  60.394 0.0000000000
67303  -15.529  -11.753  62.832 0.0000000000
68474  -14.017  -10.693  63.148 0.0000000000
64931  -12.339  -12.734  63.636 0.0000000000
63870  -9.610  -14.303  62.146 0.0000000000
77312  -4.840  -2.581  48.397 0.0000000000
76322  -7.477  -3.322  48.542 0.0000000000
75296  -10.302  -4.626  47.863 0.0000000000
71079  -10.290  -8.502  51.479 0.0000000000
71101  -10.227  -8.134  49.304 0.0000000000
139991  -10.083  -6.570  47.018 0.0000000000
76110  -5.624  -3.959  63.022 0.0000000000
74112  -4.454  -6.304  65.808 0.0000000000
74144  -4.255  -6.326  64.250 0.0000000000
71947  -4.906  -7.117  62.722 0.0000000000
69781  -3.367  -9.504  60.123 0.0000000000
67359  -2.862  -11.904  58.792 0.0000000000
63931  -4.239  -14.811  57.480 0.0000000000
59153  -2.386  -18.043  61.269 0.0000000000
59174  -2.656  -18.730  59.873 0.0000000000
59230  -4.363  -18.264  56.478 0.0000000000
76176  -31.562  -2.794  57.130 0.0000000000
77208  -31.368  -2.544  57.738 0.0000000000
74231  -31.616  -5.223  56.646 0.0000000000
77228  -31.152  -2.753  55.669 0.0000000000
141367  -31.482  -6.384  58.222 0.0000000000
141361  -30.924  -6.975  56.991 0.0000000000
141383  -30.555  -5.157  59.477 0.0000000000
141379  -30.373  -6.257  59.545 0.0000000000
88925  -51.605  9.298  36.728 0.0000000000
87993  -47.979  9.751  38.152 0.0000000000
87227  -47.113  8.340  36.719 0.0000000000
88013  -49.140  9.251  36.303 0.0000000000
88036  -49.739  8.635  35.583 0.0000000000
85501  -32.655  6.104  38.734 0.0000000000
86311  -34.089  6.695  42.505 0.0000000000
86364  -32.291  6.478  39.792 0.0000000000
83750  -31.988  2.223  36.700 0.0000000000
85514  -33.168  5.542  37.674 0.0000000000
66202  -3.986  -12.926  54.726 0.0000000000
66225  -4.418  -12.673  54.004 0.0000000000
63953  -4.369  -13.939  54.101 0.0000000000
62840  -5.061  -15.521  52.978 0.0000000000
62821  -4.997  -15.584  54.341 0.0000000000
61470  -5.897  -14.637  62.775 0.0000000000
61453  -5.225  -14.557  63.554 0.0000000000
80509  -33.291  1.345  49.427 0.0000000000
79361  -33.747  0.088  49.291 0.0000000000
81687  -34.139  1.688  47.679 0.0000000000
82708  -35.036  2.263  46.774 0.0000000000
86482  -53.674  7.379  27.707 0.0000000000
86481  -52.709  7.087  26.847 0.0000000000
89038  -53.321  9.946  26.507 0.0000000000
75150  -6.866  -4.522  60.575 0.0000000000
73100  -6.807  -6.348  59.952 0.0000000000
73089  -6.313  -6.386  61.034 0.0000000000
87912  -44.518  9.873  43.556 0.0000000000
89844  -45.338  10.867  44.745 0.0000000000
87111  -41.526  9.455  43.037 0.0000000000
87207  -40.320  7.641  40.789 0.0000000000
87140  -42.826  8.268  42.787 0.0000000000
87141  -43.706  7.946  43.077 0.0000000000
70916  -11.416  -9.460  61.712 0.0000000000
70898  -12.474  -9.214  61.883 0.0000000000
67322  -19.616  -10.072  59.619 0.0000000000
66085  -18.653  -11.501  60.479 0.0000000000
76361  -8.284  -3.894  45.322 0.0000000000
76211  -7.998  -3.682  53.494 0.0000000000
76212  -8.883  -3.889  52.637 0.0000000000
74267  -9.660  -5.346  52.958 0.0000000000
66328  -3.995  -12.730  49.058 0.0000000000
66330  -5.865  -12.169  48.729 0.0000000000
66344  -4.041  -12.587  48.250 0.0000000000
76084  -7.748  -3.898  64.850 0.0000000000
74106  -7.692  -4.710  66.173 0.0000000000
63838  -2.435  -13.943  62.929 0.0000000000
66042  -2.653  -12.423  63.532 0.0000000000
63854  -2.160  -14.006  62.535 0.0000000000
64943  -1.842  -13.334  61.694 0.0000000000
62695  -1.893  -14.672  62.276 0.0000000000
77266  -34.637  -2.384  54.362 0.0000000000
77279  -34.053  -2.506  53.348 0.0000000000
79297  -34.292  -0.632  54.139 0.0000000000
79295  -33.140  -0.099  53.041 0.0000000000
141358  -26.538  -5.079  58.943 0.0000000000
141404  -25.774  -4.471  61.371 0.0000000000
76141  -24.308  -3.817  59.178 0.0000000000
74213  -22.724  -6.056  58.020 0.0000000000
87276  -54.003  7.274  31.747 0.0000000000
86415  -51.255  6.719  32.880 0.0000000000
85598  -50.009  6.013  31.742 0.0000000000
86426  -52.016  6.487  32.386 0.0000000000
86446  -53.004  6.235  30.444 0.0000000000
87907  -39.006  9.460  45.503 0.0000000000
88747  -39.304  10.633  48.062 0.0000000000
87864  -38.464  9.907  48.417 0.0000000000
86349  -35.802  6.351  40.793 0.0000000000
85516  -35.115  5.817  38.339 0.0000000000
87188  -37.474  7.384  42.168 0.0000000000
87167  -38.883  8.136  42.547 0.0000000000
78350  -4.722  -1.372  45.365 0.0000000000
77357  -6.347  -2.072  45.601 0.0000000000
77343  -6.855  -2.091  46.629 0.0000000000
69842  -7.577  -9.988  55.504 0.0000000000
69843  -8.356  -9.538  54.989 0.0000000000
68626  -6.375  -11.069  54.351 0.0000000000
66260  -4.687  -13.056  52.057 0.0000000000
67470  -5.674  -12.071  52.771 0.0000000000
66281  -4.582  -13.078  51.079 0.0000000000
66282  -4.869  -12.719  50.659 0.0000000000
63988  -3.893  -14.702  50.445 0.0000000000
62902  -3.738  -15.419  50.618 0.0000000000
68448  -6.778  -10.944  66.672 0.0000000000
69650  -5.912  -10.701  66.172 0.0000000000
67267  -6.182  -11.437  68.197 0.0000000000
61437  -4.182  -14.450  64.088 0.0000000000
63789  -4.236  -13.604  66.143 0.0000000000
61436  -3.845  -14.358  64.134 0.0000000000
62607  -3.342  -14.122  64.053 0.0000000000
83744  -31.140  3.152  40.167 0.0000000000
83712  -33.483  2.931  42.943 0.0000000000
82780  -33.693  2.531  43.346 0.0000000000
83725  -32.662  2.750  42.217 0.0000000000
82815  -31.855  2.605  40.558 0.0000000000
73041  -18.845  -5.750  65.367 0.0000000000
70873  -19.187  -7.767  64.301 0.0000000000
68467  -20.055  -8.153  63.461 0.0000000000
74151  -23.143  -5.126  63.245 0.0000000000
74143  -22.797  -5.119  63.670 0.0000000000
71957  -22.511  -6.889  61.958 0.0000000000
66122  -23.410  -11.642  58.596 0.0000000000
67333  -23.135  -11.060  60.612 0.0000000000
66111  -22.781  -12.026  59.523 0.0000000000
66102  -21.968  -12.044  60.309 0.0000000000
65024  -21.714  -13.196  57.857 0.0000000000
65023  -20.603  -13.220  57.535 0.0000000000
75181  -7.284  -4.692  57.900 0.0000000000
75194  -7.653  -4.508  57.049 0.0000000000
75206  -7.567  -4.451  56.154 0.0000000000
73152  -8.211  -6.794  56.586 0.0000000000
73137  -7.871  -6.736  57.241 0.0000000000
69801  -6.177  -9.624  58.761 0.0000000000
69802  -6.896  -9.242  58.192 0.0000000000
69815  -5.300  -10.304  57.630 0.0000000000
68592  -4.517  -11.053  56.638 0.0000000000
68576  -4.592  -10.581  57.420 0.0000000000
87965  -47.887  9.826  41.299 0.0000000000
87974  -48.918  10.395  41.193 0.0000000000
87959  -48.321  10.565  42.624 0.0000000000
87196  -45.130  7.772  41.626 0.0000000000
86377  -44.592  6.514  39.508 0.0000000000
86337  -45.943  7.654  40.458 0.0000000000
87209  -46.779  8.226  39.881 0.0000000000
69704  -7.864  -9.560  62.984 0.0000000000
69665  -10.957  -10.552  65.705 0.0000000000
68457  -9.937  -10.682  66.781 0.0000000000
66039  -9.883  -12.577  66.098 0.0000000000
64923  -8.328  -13.867  64.633 0.0000000000
64924  -9.135  -13.578  64.473 0.0000000000
65000  -15.897  -13.473  58.406 0.0000000000
64983  -17.217  -13.217  59.358 0.0000000000
64982  -16.206  -13.445  59.363 0.0000000000
64957  -13.116  -13.436  60.792 0.0000000000
64958  -14.464  -13.165  61.020 0.0000000000
66066  -14.240  -12.383  62.578 0.0000000000
67289  -14.443  -11.422  63.434 0.0000000000
66055  -13.334  -12.286  63.213 0.0000000000
66047  -13.195  -11.382  64.302 0.0000000000
64935  -12.462  -12.830  62.926 0.0000000000
63886  -9.753  -14.410  61.388 0.0000000000
77303  -4.429  -3.146  49.041 0.0000000000
76257  -9.798  -3.850  50.899 0.0000000000
76304  -7.354  -3.463  49.458 0.0000000000
76305  -8.324  -3.525  49.257 0.0000000000
76323  -8.364  -3.659  48.228 0.0000000000
75268  -10.685  -4.689  49.757 0.0000000000
68667  -8.634  -9.909  52.490 0.0000000000
69875  -10.082  -8.882  52.004 0.0000000000
69874  -9.290  -9.783  51.873 0.0000000000
69912  -7.543  -9.649  48.729 0.0000000000
69914  -9.100  -9.270  49.220 0.0000000000
71109  -8.364  -8.465  48.211 0.0000000000
72160  -9.836  -7.686  48.107 0.0000000000
72166  -8.662  -8.007  47.275 0.0000000000
72184  -7.888  -7.846  45.517 0.0000000000
77147  -5.967  -3.200  64.309 0.0000000000
70843  -4.867  -9.330  65.938 0.0000000000
73035  -4.898  -6.862  65.987 0.0000000000
70847  -4.024  -8.775  64.940 0.0000000000
69720  -2.766  -9.751  63.088 0.0000000000
71934  -3.668  -8.165  63.807 0.0000000000
73066  -3.937  -7.891  63.207 0.0000000000
73068  -4.758  -6.679  63.323 0.0000000000
71960  -3.895  -8.024  62.405 0.0000000000
72000  -3.947  -8.109  61.114 0.0000000000
70933  -3.305  -9.031  61.376 0.0000000000
66108  -1.845  -13.130  59.541 0.0000000000
67345  -2.273  -11.967  59.609 0.0000000000
66119  -2.615  -13.006  58.889 0.0000000000
66128  -3.187  -12.979  57.635 0.0000000000
63930  -4.002  -14.889  58.343 0.0000000000
56622  -2.425  -20.508  60.418 0.0000000000
59162  -2.303  -17.895  60.563 0.0000000000
77251  -35.315  -1.777  55.742 0.0000000000
72117  -32.188  -7.308  53.855 0.0000000000
141603  -32.337  -5.532  53.128 0.0000000000
77264  -31.293  -3.518  54.572 0.0000000000
77248  -32.883  -2.753  54.709 0.0000000000
141364  -27.686  -6.109  58.487 0.0000000000
141355  -28.525  -7.210  57.203 0.0000000000
72087  -30.106  -7.732  55.668 0.0000000000
141374  -28.266  -5.925  60.115 0.0000000000
87246  -52.513  7.677  34.070 0.0000000000
86402  -46.306  6.883  35.210 0.0000000000
86405  -47.386  6.982  33.966 0.0000000000
86411  -47.658  6.793  33.156 0.0000000000
87242  -48.698  7.467  34.371 0.0000000000
87244  -50.631  7.599  34.289 0.0000000000
87134  -36.549  7.646  43.781 0.0000000000
87888  -37.056  8.266  46.735 0.0000000000
87093  -36.205  7.786  45.617 0.0000000000
87076  -35.335  7.833  46.405 0.0000000000
81812  -31.859  1.895  40.117 0.0000000000
82820  -31.716  2.006  39.232 0.0000000000
82829  -32.295  2.082  36.914 0.0000000000
83751  -32.412  3.030  35.726 0.0000000000
140811  -33.324  4.654  35.550 0.0000000000
86366  -34.231  6.198  39.909 0.0000000000
68605  -5.364  -10.881  55.280 0.0000000000
68625  -5.618  -11.240  54.370 0.0000000000
68646  -5.039  -11.479  54.056 0.0000000000
66240  -4.735  -12.808  53.045 0.0000000000
65085  -4.771  -14.405  52.167 0.0000000000
62880  -3.834  -15.884  51.092 0.0000000000
62861  -4.925  -15.538  51.971 0.0000000000
60475  -4.825  -17.669  52.497 0.0000000000
64887  -7.392  -12.839  67.229 0.0000000000
64885  -5.872  -13.577  67.641 0.0000000000
63805  -6.053  -14.358  65.348 0.0000000000
83698  -33.625  3.436  43.424 0.0000000000
77306  -33.505  -2.327  49.934 0.0000000000
76325  -34.483  -2.989  48.682 0.0000000000
77316  -33.151  -1.866  48.961 0.0000000000
78299  -33.640  -0.519  47.818 0.0000000000
79402  -33.237  -0.362  46.357 0.0000000000
81706  -33.683  1.288  46.520 0.0000000000
82747  -34.622  2.288  44.525 0.0000000000
75096  -21.244  -4.647  67.328 0.0000000000
72024  -22.983  -7.878  59.973 0.0000000000
70925  -22.888  -8.464  60.825 0.0000000000
69791  -23.473  -10.116  59.049 0.0000000000
66134  -23.681  -11.670  57.621 0.0000000000
86464  -50.751  6.192  27.160 0.0000000000
86480  -51.521  6.626  26.460 0.0000000000
87311  -51.655  8.079  25.674 0.0000000000
88128  -51.396  8.841  24.917 0.0000000000
74195  -7.249  -5.660  58.399 0.0000000000
73123  -7.109  -6.502  58.581 0.0000000000
73112  -6.803  -6.650  59.302 0.0000000000
70959  -6.080  -8.509  59.653 0.0000000000
70958  -5.271  -8.832  60.051 0.0000000000
87116  -45.914  8.971  43.265 0.0000000000
88808  -46.455  10.362  44.248 0.0000000000
85520  -39.037  5.857  38.080 0.0000000000
86387  -40.730  6.001  38.818 0.0000000000
86388  -41.423  5.818  38.712 0.0000000000
86356  -42.525  6.663  40.563 0.0000000000
87173  -44.894  8.070  42.333 0.0000000000
68505  -8.882  -10.065  62.244 0.0000000000
69724  -10.414  -9.733  62.403 0.0000000000
70869  -10.338  -10.562  63.390 0.0000000000
67281  -11.476  -11.426  65.214 0.0000000000
64978  -12.506  -13.310  58.594 0.0000000000
63888  -11.660  -13.827  60.993 0.0000000000
76253  -6.044  -3.203  51.542 0.0000000000
76280  -6.211  -3.387  50.532 0.0000000000
76254  -7.063  -3.389  51.376 0.0000000000
76234  -9.564  -3.718  51.580 0.0000000000
74276  -10.036  -5.422  51.893 0.0000000000
67522  -6.618  -11.972  50.513 0.0000000000
68683  -7.942  -10.772  50.739 0.0000000000
67541  -6.722  -11.651  49.477 0.0000000000
67561  -6.300  -11.458  48.608 0.0000000000
68725  -5.847  -10.335  47.246 0.0000000000
78091  -7.997  -1.572  64.509 0.0000000000
77136  -7.222  -3.118  64.844 0.0000000000
77134  -5.937  -3.766  65.442 0.0000000000
67276  -3.065  -11.692  65.190 0.0000000000
68462  -3.050  -10.139  65.379 0.0000000000
68460  -2.652  -11.229  64.216 0.0000000000
68470  -2.590  -11.571  63.514 0.0000000000
68502  -2.496  -11.146  62.640 0.0000000000
68537  -2.283  -11.309  61.226 0.0000000000
67318  -2.176  -12.073  61.652 0.0000000000
64964  -1.493  -13.437  60.494 0.0000000000
62752  -2.430  -15.423  60.059 0.0000000000
76291  -31.888  -3.707  50.642 0.0000000000
141606  -31.787  -4.098  52.631 0.0000000000
76246  -32.955  -3.009  52.114 0.0000000000
76272  -33.065  -3.233  51.167 0.0000000000
78256  -33.538  -1.795  51.413 0.0000000000
79326  -33.442  0.476  51.025 0.0000000000
74162  -23.892  -4.912  62.729 0.0000000000
141403  -27.304  -5.911  62.701 0.0000000000
75148  -23.771  -4.683  61.558 0.0000000000
74181  -22.970  -5.655  60.988 0.0000000000
73118  -22.706  -6.857  59.531 0.0000000000
85616  -48.749  5.995  31.172 0.0000000000
85648  -51.434  5.393  29.714 0.0000000000
86455  -53.625  6.763  29.239 0.0000000000
88801  -41.089  10.536  45.313 0.0000000000
89816  -41.706  11.183  46.200 0.0000000000
89814  -40.072  11.586  47.250 0.0000000000
140834  -33.965  4.881  35.601 0.0000000000
86370  -37.838  6.576  39.922 0.0000000000
87168  -39.917  8.287  42.383 0.0000000000
65003  -18.885  -13.366  58.526 0.0000000000
64970  -18.474  -13.021  60.045 0.0000000000
65020  -17.566  -13.190  57.654 0.0000000000
65037  -16.154  -12.627  56.924 0.0000000000
76360  -7.742  -2.923  45.023 0.0000000000
76349  -8.346  -4.022  46.257 0.0000000000
73167  -8.888  -6.864  55.121 0.0000000000
72095  -9.477  -7.190  54.179 0.0000000000
71018  -9.026  -8.371  54.603 0.0000000000
69850  -8.740  -9.456  53.912 0.0000000000
68665  -6.988  -11.313  52.378 0.0000000000
67447  -5.988  -11.757  53.211 0.0000000000
67471  -6.237  -11.841  52.595 0.0000000000
67499  -6.451  -11.859  51.654 0.0000000000
66283  -5.442  -12.694  50.439 0.0000000000
74114  -6.467  -5.793  65.554 0.0000000000
71915  -6.029  -7.784  65.567 0.0000000000
69648  -4.877  -10.310  66.119 0.0000000000
67264  -3.616  -10.879  67.070 0.0000000000
64884  -4.716  -13.254  67.844 0.0000000000
64883  -3.793  -12.695  67.583 0.0000000000
66031  -3.124  -11.962  65.843 0.0000000000
64911  -3.290  -12.969  65.040 0.0000000000
62624  -3.018  -14.567  63.741 0.0000000000
61466  -2.633  -15.508  63.375 0.0000000000
140759  -31.192  4.456  34.369 0.0000000000
85512  -31.023  5.369  37.290 0.0000000000
84648  -28.540  4.809  34.988 0.0000000000
75330  -33.085  -3.665  47.681 0.0000000000
81795  -32.450  1.834  42.085 0.0000000000
83749  -31.306  2.315  37.372 0.0000000000
69712  -19.796  -8.247  62.625 0.0000000000
66070  -20.654  -10.225  59.947 0.0000000000
76100  -22.685  -3.452  64.708 0.0000000000
74134  -22.012  -5.250  65.528 0.0000000000
71932  -21.049  -6.540  64.197 0.0000000000
69714  -22.573  -8.977  61.237 0.0000000000
68494  -22.085  -9.210  61.854 0.0000000000
68478  -21.041  -8.614  63.210 0.0000000000
66072  -21.626  -11.171  61.642 0.0000000000
66101  -21.063  -11.994  60.346 0.0000000000
64972  -20.274  -12.443  59.718 0.0000000000
65022  -19.506  -13.141  57.672 0.0000000000
89062  -51.323  9.787  24.670 0.0000000000
90066  -50.645  10.931  24.178 0.0000000000
91167  -50.291  11.509  23.523 0.0000000000
76210  -6.706  -3.248  53.617 0.0000000000
76195  -7.996  -4.051  54.391 0.0000000000
76180  -7.228  -3.620  55.903 0.0000000000
75219  -7.560  -4.234  55.493 0.0000000000
73183  -8.628  -6.178  54.991 0.0000000000
73166  -8.516  -6.622  55.770 0.0000000000
70990  -8.229  -8.413  56.490 0.0000000000
69831  -7.354  -9.695  56.288 0.0000000000
70977  -7.331  -8.403  58.031 0.0000000000
69817  -7.292  -9.420  57.305 0.0000000000
68594  -5.784  -10.683  56.074 0.0000000000
68604  -4.750  -11.095  55.454 0.0000000000
68603  -4.181  -11.571  55.704 0.0000000000
66175  -3.547  -13.006  55.607 0.0000000000
88865  -49.449  10.342  38.886 0.0000000000
85524  -42.588  5.682  38.236 0.0000000000
85525  -43.547  5.919  38.486 0.0000000000
85540  -43.826  5.933  37.019 0.0000000000
86392  -45.971  7.162  38.073 0.0000000000
87210  -47.352  8.753  39.531 0.0000000000
69671  -7.067  -9.301  64.691 0.0000000000
69655  -7.941  -10.504  66.692 0.0000000000
69689  -8.984  -10.530  64.107 0.0000000000
68456  -8.829  -10.549  66.777 0.0000000000
67272  -8.463  -11.536  67.539 0.0000000000
63839  -7.015  -13.512  64.135 0.0000000000
66097  -17.660  -12.533  60.515 0.0000000000
66084  -17.697  -11.995  61.157 0.0000000000
67305  -17.067  -11.250  62.053 0.0000000000
64967  -15.386  -13.337  60.215 0.0000000000
66082  -15.957  -12.734  61.607 0.0000000000
68510  -16.407  -10.394  62.159 0.0000000000
69710  -15.429  -9.901  62.179 0.0000000000
70883  -14.692  -8.983  62.392 0.0000000000
71967  -13.481  -8.640  62.131 0.0000000000
69677  -12.483  -10.965  62.779 0.0000000000
67282  -12.267  -11.269  64.859 0.0000000000
64926  -11.532  -12.886  64.643 0.0000000000
63872  -11.342  -13.993  61.631 0.0000000000
63857  -10.291  -14.058  62.605 0.0000000000
64929  -10.134  -13.569  63.637 0.0000000000
63855  -8.677  -13.534  62.705 0.0000000000
77325  -5.049  -1.862  47.207 0.0000000000
76320  -5.634  -3.355  48.769 0.0000000000
76334  -6.095  -3.022  48.230 0.0000000000
77326  -6.022  -2.137  47.786 0.0000000000
76336  -7.508  -3.012  47.509 0.0000000000
76337  -8.461  -3.794  47.145 0.0000000000
75316  -10.370  -4.659  47.155 0.0000000000
73211  -9.757  -6.388  52.877 0.0000000000
72125  -10.266  -7.053  51.788 0.0000000000
73231  -10.421  -6.413  50.739 0.0000000000
69888  -9.331  -9.944  50.574 0.0000000000
71090  -10.237  -8.071  50.161 0.0000000000
73232  -11.046  -6.176  50.269 0.0000000000
73248  -11.414  -6.141  48.794 0.0000000000
139988  -10.912  -5.811  47.820 0.0000000000
74339  -10.660  -5.527  46.169 0.0000000000
73253  -9.246  -6.783  45.515 0.0000000000
75090  -5.848  -5.184  66.128 0.0000000000
76059  -4.969  -4.770  67.441 0.0000000000
75098  -4.475  -4.731  66.220 0.0000000000
71936  -3.989  -8.403  64.559 0.0000000000
74135  -4.258  -6.161  64.792 0.0000000000
75116  -4.729  -4.947  64.651 0.0000000000
74146  -5.117  -5.518  63.544 0.0000000000
74153  -5.532  -5.184  62.593 0.0000000000
74154  -5.682  -5.521  62.034 0.0000000000
71982  -5.122  -7.819  61.515 0.0000000000
70936  -5.080  -8.482  60.899 0.0000000000
69782  -4.113  -9.300  59.738 0.0000000000
67332  -2.494  -11.049  60.318 0.0000000000
68551  -3.002  -9.978  59.435 0.0000000000
69813  -3.761  -10.140  58.460 0.0000000000
67377  -3.478  -12.055  57.696 0.0000000000
66148  -3.251  -13.370  56.451 0.0000000000
65046  -3.276  -14.038  56.171 0.0000000000
60372  -2.420  -16.720  62.621 0.0000000000
57909  -2.645  -19.440  61.786 0.0000000000
60383  -2.235  -16.874  61.739 0.0000000000
60393  -2.224  -17.012  60.919 0.0000000000
60403  -2.190  -17.160  60.189 0.0000000000
61545  -2.535  -16.551  59.494 0.0000000000
59197  -2.498  -18.113  58.524 0.0000000000
61583  -3.284  -16.846  58.490 0.0000000000
61603  -3.821  -17.029  57.790 0.0000000000
61604  -4.395  -16.733  57.059 0.0000000000
61628  -4.916  -16.541  55.653 0.0000000000
59232  -4.649  -18.194  54.875 0.0000000000
56752  -4.495  -19.973  53.838 0.0000000000
77209  -32.022  -2.423  57.407 0.0000000000
75188  -31.425  -4.386  57.251 0.0000000000
76175  -31.130  -3.249  56.673 0.0000000000
141373  -31.236  -5.621  58.627 0.0000000000
74215  -31.379  -5.462  57.666 0.0000000000
75176  -31.267  -4.661  58.445 0.0000000000
88924  -50.653  9.579  36.745 0.0000000000
88900  -51.810  9.823  37.485 0.0000000000
88876  -48.547  10.100  37.817 0.0000000000
88001  -48.116  9.624  36.966 0.0000000000
88923  -49.742  9.821  36.603 0.0000000000
88014  -50.191  9.129  36.188 0.0000000000
85513  -32.146  5.581  37.408 0.0000000000
86346  -32.891  6.527  40.720 0.0000000000
65056  -3.921  -13.433  54.993 0.0000000000
65063  -4.240  -13.441  54.224 0.0000000000
63945  -4.653  -14.728  54.432 0.0000000000
62820  -4.669  -14.896  54.790 0.0000000000
81673  -33.824  2.047  48.636 0.0000000000
74175  -6.629  -5.457  60.715 0.0000000000
75149  -6.422  -4.773  61.130 0.0000000000
88804  -43.606  10.718  43.952 0.0000000000
88780  -43.620  11.115  44.570 0.0000000000
88765  -42.781  10.995  45.524 0.0000000000
87936  -41.981  10.080  43.677 0.0000000000
87139  -41.867  8.853  42.451 0.0000000000
87937  -43.167  9.625  43.318 0.0000000000
87911  -43.826  9.967  43.376 0.0000000000
69763  -12.782  -9.025  60.272 0.0000000000
69743  -12.370  -9.230  60.984 0.0000000000
70918  -12.882  -9.058  61.597 0.0000000000
66086  -19.681  -10.979  59.494 0.0000000000
75336  -8.837  -4.478  45.778 0.0000000000
75355  -8.786  -4.591  45.051 0.0000000000
75233  -8.442  -4.560  54.142 0.0000000000
75234  -8.928  -4.524  53.288 0.0000000000
74266  -8.870  -5.396  53.792 0.0000000000
74128  -8.757  -5.374  66.111 0.0000000000
61490  -1.979  -15.669  62.224 0.0000000000
78221  -35.034  -1.193  54.268 0.0000000000
77280  -34.984  -2.087  53.520 0.0000000000
79278  -34.212  0.074  54.353 0.0000000000
141428  -25.784  -4.492  58.443 0.0000000000
141407  -25.328  -4.285  59.095 0.0000000000
75186  -24.695  -4.191  58.109 0.0000000000
87265  -53.872  7.177  32.566 0.0000000000
87263  -52.641  6.889  32.883 0.0000000000
86427  -52.972  6.526  32.415 0.0000000000
86442  -53.485  6.698  31.974 0.0000000000
87108  -37.968  8.608  44.199 0.0000000000
87890  -38.472  9.215  46.579 0.0000000000
87165  -36.934  7.468  42.797 0.0000000000
86314  -36.912  6.984  42.080 0.0000000000
87135  -37.479  8.078  43.587 0.0000000000
87136  -38.396  8.460  43.303 0.0000000000
78349  -4.224  -1.222  45.836 0.0000000000
77342  -5.749  -1.836  46.468 0.0000000000
69841  -6.877  -10.220  55.712 0.0000000000
68607  -6.977  -10.604  55.014 0.0000000000
65102  -4.451  -13.854  51.182 0.0000000000
68443  -6.827  -10.995  67.705 0.0000000000
62609  -4.224  -13.910  64.635 0.0000000000
83735  -31.530  3.193  40.899 0.0000000000
83734  -30.964  3.204  40.564 0.0000000000
83723  -31.867  3.357  41.587 0.0000000000
76309  -32.340  -3.684  49.678 0.0000000000
82806  -32.000  3.016  41.055 0.0000000000
74107  -19.494  -4.821  66.734 0.0000000000
71921  -19.401  -7.186  65.415 0.0000000000
70859  -19.384  -8.072  65.016 0.0000000000
70860  -19.777  -7.693  64.500 0.0000000000
73086  -22.764  -5.864  62.122 0.0000000000
73075  -22.690  -5.919  62.860 0.0000000000
71973  -22.606  -6.936  61.382 0.0000000000
66121  -23.118  -12.319  58.423 0.0000000000
65025  -22.673  -13.042  58.175 0.0000000000
65007  -22.552  -12.654  59.129 0.0000000000
66130  -21.561  -13.090  56.795 0.0000000000
76150  -7.264  -3.545  57.655 0.0000000000
69814  -4.463  -10.220  58.163 0.0000000000
87146  -47.584  9.658  41.996 0.0000000000
87966  -48.116  10.109  41.673 0.0000000000
87958  -47.662  10.022  42.502 0.0000000000
87175  -46.704  8.363  41.918 0.0000000000
87197  -45.977  7.939  41.320 0.0000000000
87198  -46.613  8.308  40.806 0.0000000000
67278  -11.095  -11.391  65.907 0.0000000000
67277  -10.406  -11.345  66.356 0.0000000000
66040  -10.495  -12.176  65.832 0.0000000000
64914  -9.762  -13.096  65.684 0.0000000000
64915  -10.524  -12.866  65.527 0.0000000000
65018  -15.526  -13.120  57.553 0.0000000000
64999  -14.884  -13.377  58.313 0.0000000000
64946  -13.456  -12.686  61.941 0.0000000000
66065  -13.552  -12.405  62.597 0.0000000000
64936  -13.160  -12.451  62.643 0.0000000000
64945  -12.105  -13.487  61.784 0.0000000000
76301  -4.441  -3.447  49.744 0.0000000000
76283  -9.115  -3.694  50.069 0.0000000000
76284  -10.007  -4.031  50.008 0.0000000000
76307  -10.138  -4.237  49.379 0.0000000000
69873  -8.636  -10.327  51.086 0.0000000000
69924  -7.095  -9.509  47.766 0.0000000000
71098  -8.140  -9.039  48.576 0.0000000000
71108  -7.676  -8.879  48.053 0.0000000000
71119  -8.687  -8.061  47.726 0.0000000000
71118  -8.170  -8.447  47.377 0.0000000000
71128  -7.730  -8.523  46.421 0.0000000000
71127  -6.792  -8.896  46.286 0.0000000000
76082  -6.126  -3.456  65.071 0.0000000000
76092  -5.692  -3.692  64.621 0.0000000000
69651  -4.373  -9.919  65.848 0.0000000000
70846  -4.560  -8.989  65.502 0.0000000000
69658  -3.922  -9.593  65.391 0.0000000000
70893  -3.222  -9.000  62.844 0.0000000000
71945  -3.563  -8.317  63.267 0.0000000000
73076  -3.932  -8.045  62.834 0.0000000000
70911  -3.327  -8.939  62.046 0.0000000000
70912  -3.515  -8.580  61.604 0.0000000000
64994  -2.619  -13.785  59.408 0.0000000000
66118  -2.273  -13.414  59.361 0.0000000000
64995  -3.107  -13.872  58.960 0.0000000000
65011  -3.503  -14.096  58.363 0.0000000000
63922  -3.420  -14.763  58.973 0.0000000000
55468  -2.046  -22.134  60.640 0.0000000000
56641  -2.132  -21.378  60.340 0.0000000000
77232  -35.125  -2.020  56.219 0.0000000000
72090  -32.416  -6.891  54.922 0.0000000000
74264  -32.639  -5.774  54.325 0.0000000000
74263  -32.081  -5.128  54.976 0.0000000000
77229  -32.126  -2.562  56.199 0.0000000000
77250  -34.949  -2.253  55.391 0.0000000000
141370  -28.227  -6.565  58.650 0.0000000000
141378  -28.285  -6.998  57.887 0.0000000000
72072  -31.504  -7.026  56.395 0.0000000000
72071  -30.554  -7.335  56.495 0.0000000000
72073  -32.036  -6.988  55.994 0.0000000000
71044  -31.408  -8.050  54.700 0.0000000000
141380  -29.703  -7.017  58.858 0.0000000000
141376  -28.883  -6.371  59.564 0.0000000000
141369  -28.245  -6.280  59.224 0.0000000000
88058  -52.164  8.037  34.922 0.0000000000
88059  -53.212  8.111  34.694 0.0000000000
88039  -52.727  8.642  35.525 0.0000000000
86397  -46.034  6.858  37.111 0.0000000000
86399  -45.307  6.321  36.291 0.0000000000
87226  -46.527  7.472  36.941 0.0000000000
88033  -47.584  8.270  35.514 0.0000000000
87235  -46.943  7.448  35.125 0.0000000000
86404  -46.655  6.872  34.275 0.0000000000
87241  -47.837  7.434  34.466 0.0000000000
86406  -48.042  6.977  33.931 0.0000000000
88037  -50.685  8.621  35.595 0.0000000000
88056  -50.205  8.156  34.907 0.0000000000
88057  -51.161  8.041  34.991 0.0000000000
87245  -51.578  7.616  34.188 0.0000000000
87164  -35.990  7.269  43.080 0.0000000000
87133  -35.730  7.336  43.838 0.0000000000
87163  -35.331  7.150  43.326 0.0000000000
86288  -34.038  7.052  44.034 0.0000000000
86279  -34.883  7.215  44.644 0.0000000000
86278  -34.395  7.308  44.677 0.0000000000
84640  -31.817  3.470  36.190 0.0000000000
84641  -32.856  4.369  36.340 0.0000000000
140812  -32.778  4.959  36.341 0.0000000000
85502  -33.667  5.944  38.905 0.0000000000
86348  -34.837  6.409  40.781 0.0000000000
68624  -5.008  -11.260  54.350 0.0000000000
67444  -4.577  -11.932  54.154 0.0000000000
65064  -4.471  -13.808  53.670 0.0000000000
65072  -4.564  -13.372  53.370 0.0000000000
65084  -4.710  -13.721  52.279 0.0000000000
63973  -4.794  -14.952  51.840 0.0000000000
63962  -4.859  -14.765  52.602 0.0000000000
61666  -5.211  -16.583  53.232 0.0000000000
59256  -4.392  -18.696  52.463 0.0000000000
59247  -4.761  -18.460  53.269 0.0000000000
63792  -6.584  -14.321  66.022 0.0000000000
83671  -35.047  3.308  44.521 0.0000000000
77304  -33.404  -1.740  50.249 0.0000000000
77305  -33.376  -1.886  49.860 0.0000000000
78284  -33.500  -1.097  49.278 0.0000000000
79374  -33.653  0.189  48.130 0.0000000000
78285  -33.715  -0.525  48.556 0.0000000000
79388  -33.590  0.013  47.211 0.0000000000
78317  -33.696  -0.582  47.325 0.0000000000
80563  -32.875  0.588  47.056 0.0000000000
80562  -32.824  0.636  46.528 0.0000000000
83647  -35.353  2.857  45.934 0.0000000000
82722  -34.958  1.947  45.571 0.0000000000
76089  -20.776  -3.780  65.734 0.0000000000
76090  -21.310  -3.889  66.124 0.0000000000
70969  -23.173  -8.628  59.061 0.0000000000
70970  -23.095  -8.703  59.872 0.0000000000
68552  -23.317  -9.865  58.182 0.0000000000
85681  -50.992  5.868  28.077 0.0000000000
86465  -51.848  6.180  27.372 0.0000000000
86497  -51.912  7.380  26.163 0.0000000000
88116  -52.221  8.976  25.818 0.0000000000
73113  -7.011  -6.154  59.128 0.0000000000
73101  -7.062  -5.799  59.576 0.0000000000
70937  -5.675  -8.267  60.423 0.0000000000
87915  -46.435  9.928  43.892 0.0000000000
87914  -45.814  9.819  44.068 0.0000000000
86371  -38.760  6.644  39.774 0.0000000000
87208  -40.946  7.493  40.643 0.0000000000
86372  -39.692  6.660  39.627 0.0000000000
86373  -40.659  6.584  39.587 0.0000000000
86374  -41.690  6.295  39.574 0.0000000000
86333  -42.346  6.984  41.290 0.0000000000
87114  -44.267  8.591  43.225 0.0000000000
87172  -44.065  7.565  42.484 0.0000000000
87115  -45.045  8.870  43.255 0.0000000000
87143  -45.454  8.540  42.814 0.0000000000
69741  -10.650  -9.554  61.428 0.0000000000
70897  -11.606  -9.459  62.147 0.0000000000
70879  -10.983  -9.941  62.757 0.0000000000
69692  -10.906  -11.030  63.919 0.0000000000
69675  -10.812  -10.846  64.943 0.0000000000
68464  -11.588  -11.237  64.636 0.0000000000
63909  -11.836  -13.256  59.258 0.0000000000
76232  -7.963  -3.576  52.163 0.0000000000
75235  -9.926  -4.137  52.931 0.0000000000
76213  -9.616  -3.729  52.223 0.0000000000
75243  -10.342  -4.131  51.872 0.0000000000
66284  -6.093  -12.652  50.265 0.0000000000
66308  -6.352  -12.362  49.556 0.0000000000
67560  -5.289  -11.259  47.988 0.0000000000
68716  -6.052  -10.690  47.851 0.0000000000
68715  -5.427  -10.817  47.632 0.0000000000
67574  -4.750  -11.020  47.509 0.0000000000
76083  -7.254  -3.804  64.893 0.0000000000
77129  -6.775  -3.721  64.970 0.0000000000
77128  -6.178  -3.948  65.349 0.0000000000
66037  -3.046  -12.227  64.567 0.0000000000
67275  -2.822  -11.481  64.693 0.0000000000
67280  -2.822  -11.962  64.090 0.0000000000
66048  -2.443  -12.699  63.060 0.0000000000
67284  -2.540  -12.174  63.269 0.0000000000
68481  -2.506  -11.729  63.081 0.0000000000
68482  -2.538  -10.913  63.335 0.0000000000
68501  -2.464  -11.864  62.594 0.0000000000
68521  -2.442  -11.953  62.187 0.0000000000
67302  -2.381  -12.373  62.457 0.0000000000
63883  -1.644  -13.875  61.307 0.0000000000
63897  -1.718  -14.157  60.770 0.0000000000
63906  -1.968  -14.432  60.164 0.0000000000
76290  -30.771  -4.011  50.793 0.0000000000
76268  -31.097  -4.318  51.456 0.0000000000
141612  -32.062  -4.208  53.726 0.0000000000
141610  -31.944  -4.194  53.018 0.0000000000
141609  -32.136  -3.849  53.506 0.0000000000
77285  -33.084  -3.015  52.702 0.0000000000
77286  -33.500  -2.835  52.610 0.0000000000
76247  -33.273  -2.886  52.048 0.0000000000
76248  -33.506  -2.885  52.063 0.0000000000
77289  -33.901  -2.280  51.526 0.0000000000
78245  -33.902  -1.889  52.009 0.0000000000
80455  -33.293  0.248  52.427 0.0000000000
75229  -26.061  -5.353  55.688 0.0000000000
75129  -24.016  -4.886  62.941 0.0000000000
141425  -24.699  -4.671  62.803 0.0000000000
141393  -28.203  -5.385  62.287 0.0000000000
141394  -27.371  -5.885  61.599 0.0000000000
141470  -24.256  -4.169  59.995 0.0000000000
141457  -24.045  -4.376  60.785 0.0000000000
141444  -23.367  -5.043  60.691 0.0000000000
74190  -22.906  -5.815  60.135 0.0000000000
72053  -22.710  -8.087  57.559 0.0000000000
87291  -54.680  7.594  29.391 0.0000000000
86412  -48.601  6.733  33.374 0.0000000000
86422  -48.022  6.482  32.273 0.0000000000
86423  -48.953  6.418  32.494 0.0000000000
85617  -49.620  5.866  31.109 0.0000000000
85632  -50.072  5.613  30.369 0.0000000000
85647  -50.582  5.458  29.622 0.0000000000
85633  -50.937  5.502  30.394 0.0000000000
86451  -53.555  6.780  30.039 0.0000000000
86450  -53.097  6.280  29.624 0.0000000000
86456  -54.087  7.228  29.656 0.0000000000
86468  -54.082  7.343  28.981 0.0000000000
88777  -40.634  10.575  45.889 0.0000000000
88763  -41.080  11.073  45.982 0.0000000000
88762  -40.220  10.963  46.552 0.0000000000
88735  -39.042  10.675  49.022 0.0000000000
89801  -39.271  11.056  48.874 0.0000000000
87862  -36.897  8.776  48.449 0.0000000000
87853  -37.420  9.259  49.499 0.0000000000
84642  -34.004  4.301  35.518 0.0000000000
85505  -36.075  6.182  39.366 0.0000000000
85517  -36.190  5.992  38.696 0.0000000000
86351  -37.592  6.806  40.653 0.0000000000
87934  -39.343  9.566  44.149 0.0000000000
87137  -39.365  8.812  43.112 0.0000000000
87956  -39.851  9.345  43.392 0.0000000000
87935  -40.625  9.797  43.788 0.0000000000
65021  -18.542  -13.122  57.681 0.0000000000
65038  -17.178  -12.752  56.907 0.0000000000
77369  -5.572  -1.719  44.603 0.0000000000
76347  -7.146  -2.451  45.660 0.0000000000
72079  -8.812  -7.550  55.370 0.0000000000
72080  -9.192  -7.388  54.766 0.0000000000
68628  -8.156  -10.384  54.084 0.0000000000
68650  -8.344  -10.078  53.117 0.0000000000
68649  -7.493  -10.719  53.202 0.0000000000
67446  -5.500  -11.706  53.554 0.0000000000
68647  -6.013  -11.501  53.790 0.0000000000
67497  -5.357  -12.400  52.121 0.0000000000
67521  -5.943  -12.317  51.051 0.0000000000
67520  -5.384  -12.484  51.305 0.0000000000
66305  -4.301  -13.107  49.957 0.0000000000
61690  -3.847  -16.777  51.391 0.0000000000
62879  -3.329  -16.642  50.915 0.0000000000
61689  -3.335  -17.377  51.027 0.0000000000
71916  -6.269  -7.565  65.532 0.0000000000
70845  -6.215  -8.621  65.613 0.0000000000
69649  -5.488  -10.236  66.061 0.0000000000
68440  -4.370  -10.659  66.748 0.0000000000
67265  -4.343  -10.939  67.755 0.0000000000
63790  -5.063  -14.226  66.371 0.0000000000
62594  -4.115  -13.607  65.201 0.0000000000
64898  -3.839  -13.714  67.232 0.0000000000
64897  -3.468  -13.243  66.526 0.0000000000
66032  -3.240  -12.100  66.820 0.0000000000
64896  -3.332  -12.896  65.648 0.0000000000
63803  -3.496  -13.393  64.855 0.0000000000
61448  -3.126  -15.125  63.773 0.0000000000
62606  -3.114  -14.110  63.866 0.0000000000
62646  -2.803  -15.166  63.535 0.0000000000
140679  -29.282  2.899  34.753 0.0000000000
85544  -30.225  4.860  34.852 0.0000000000
84653  -28.401  4.094  33.883 0.0000000000
76339  -33.840  -2.778  48.183 0.0000000000
75331  -33.794  -3.359  47.994 0.0000000000
76351  -33.042  -2.908  47.446 0.0000000000
82795  -32.889  2.427  42.520 0.0000000000
81783  -32.886  2.031  42.682 0.0000000000
83748  -30.148  2.164  37.205 0.0000000000
82818  -31.360  2.416  38.574 0.0000000000
83760  -31.029  1.881  36.023 0.0000000000
140734  -30.569  2.563  34.645 0.0000000000
68475  -19.983  -8.822  62.817 0.0000000000
68489  -19.893  -8.587  62.764 0.0000000000
68490  -20.081  -9.047  62.268 0.0000000000
67292  -20.416  -9.408  61.354 0.0000000000
67308  -20.940  -9.850  60.925 0.0000000000
73065  -22.252  -5.835  63.610 0.0000000000
74142  -22.139  -5.164  64.633 0.0000000000
73064  -21.830  -5.853  64.334 0.0000000000
73063  -21.403  -5.829  64.906 0.0000000000
71943  -21.690  -6.436  63.433 0.0000000000
69749  -22.722  -9.273  60.738 0.0000000000
69731  -22.734  -8.914  61.060 0.0000000000
67325  -22.888  -10.260  60.680 0.0000000000
67323  -22.945  -10.784  61.266 0.0000000000
68514  -22.862  -9.986  61.688 0.0000000000
67311  -22.458  -10.382  62.206 0.0000000000
68479  -21.502  -8.656  62.541 0.0000000000
67296  -22.018  -9.746  62.203 0.0000000000
67295  -21.787  -9.840  62.190 0.0000000000
66073  -22.258  -11.282  62.106 0.0000000000
64988  -21.795  -12.362  59.549 0.0000000000
64974  -21.465  -12.082  59.988 0.0000000000
64973  -21.015  -12.298  59.891 0.0000000000
64987  -21.056  -12.976  59.512 0.0000000000
65004  -19.897  -13.314  58.535 0.0000000000
65052  -19.871  -12.867  56.004 0.0000000000
65041  -19.864  -12.919  56.838 0.0000000000
89050  -52.165  9.740  25.193 0.0000000000
90068  -51.915  10.749  24.885 0.0000000000
90075  -50.495  10.866  23.827 0.0000000000
92278  -50.593  12.418  24.371 0.0000000000
77200  -6.787  -2.684  57.134 0.0000000000
76179  -6.573  -3.019  55.603 0.0000000000
74236  -7.777  -5.015  55.929 0.0000000000
75207  -7.757  -4.789  55.616 0.0000000000
75220  -7.982  -4.577  54.976 0.0000000000
72047  -8.078  -7.573  56.927 0.0000000000
72061  -8.484  -7.572  56.170 0.0000000000
69818  -7.855  -9.101  56.718 0.0000000000
72033  -7.058  -7.377  58.515 0.0000000000
69816  -6.366  -9.970  57.573 0.0000000000
69830  -6.506  -10.189  56.456 0.0000000000
68593  -5.169  -10.713  56.390 0.0000000000
67406  -3.717  -12.227  56.040 0.0000000000
88855  -49.663  10.525  39.721 0.0000000000
87982  -49.137  10.282  40.584 0.0000000000
86363  -31.572  6.540  39.940 0.0000000000
86375  -42.805  6.303  39.712 0.0000000000
85506  -42.212  5.847  38.939 0.0000000000
86389  -44.034  6.112  39.094 0.0000000000
86390  -44.484  6.345  38.592 0.0000000000
85526  -43.904  6.022  37.837 0.0000000000
86391  -45.298  6.769  38.304 0.0000000000
86379  -45.909  7.260  38.913 0.0000000000
87199  -47.262  8.940  40.387 0.0000000000
87980  -48.022  9.404  39.920 0.0000000000
87987  -47.902  9.443  39.141 0.0000000000
69661  -7.183  -10.198  65.433 0.0000000000
69662  -8.303  -10.470  66.041 0.0000000000
69723  -9.492  -10.134  62.530 0.0000000000
69705  -8.801  -10.279  63.146 0.0000000000
68451  -9.574  -11.152  67.134 0.0000000000
69663  -9.523  -10.129  66.095 0.0000000000
68450  -9.062  -10.918  67.388 0.0000000000
66034  -8.608  -12.479  67.184 0.0000000000
64902  -8.986  -13.139  66.408 0.0000000000
63823  -8.157  -13.735  64.138 0.0000000000
63822  -7.634  -13.919  64.446 0.0000000000
63840  -7.427  -13.451  63.821 0.0000000000
62648  -7.224  -13.660  63.041 0.0000000000
64984  -18.209  -13.237  59.329 0.0000000000
64969  -17.530  -13.018  60.058 0.0000000000
66096  -17.056  -12.658  60.463 0.0000000000
66083  -16.684  -12.485  61.207 0.0000000000
66069  -17.336  -11.607  61.622 0.0000000000
64981  -15.163  -13.521  59.230 0.0000000000
64966  -14.302  -13.439  60.001 0.0000000000
64947  -14.836  -12.752  61.864 0.0000000000
64948  -15.521  -12.739  61.813 0.0000000000
66067  -15.615  -12.292  62.398 0.0000000000
67304  -16.080  -11.443  62.542 0.0000000000
67291  -15.682  -10.935  62.559 0.0000000000
67286  -14.220  -11.065  63.798 0.0000000000
68487  -14.497  -10.668  62.777 0.0000000000
69695  -14.110  -10.373  62.752 0.0000000000
70882  -14.123  -9.075  62.499 0.0000000000
70872  -13.504  -9.632  62.246 0.0000000000
70871  -12.665  -10.029  61.987 0.0000000000
69678  -13.089  -10.952  62.931 0.0000000000
66046  -12.683  -11.658  64.442 0.0000000000
66050  -12.508  -12.404  64.086 0.0000000000
66049  -11.815  -12.646  64.421 0.0000000000
64930  -11.643  -13.089  63.935 0.0000000000
63901  -10.962  -14.167  60.382 0.0000000000
63887  -10.751  -14.222  61.180 0.0000000000
62723  -9.383  -14.440  61.428 0.0000000000
63871  -10.642  -14.152  62.005 0.0000000000
64933  -10.310  -13.834  62.999 0.0000000000
63856  -9.593  -13.836  62.826 0.0000000000
63842  -9.181  -13.512  63.258 0.0000000000
63869  -8.935  -13.963  62.323 0.0000000000
78292  -4.400  -1.865  48.391 0.0000000000
78310  -4.482  -1.659  47.666 0.0000000000
76303  -6.389  -3.560  49.589 0.0000000000
76321  -6.606  -3.384  48.727 0.0000000000
76335  -6.792  -2.793  48.097 0.0000000000
77327  -7.034  -2.324  47.480 0.0000000000
75279  -9.814  -4.302  48.199 0.0000000000
76324  -9.170  -4.092  47.885 0.0000000000
75295  -9.799  -4.401  47.509 0.0000000000
76338  -9.252  -4.229  47.183 0.0000000000
71034  -9.544  -7.944  53.895 0.0000000000
72110  -9.745  -7.214  53.395 0.0000000000
71065  -10.284  -7.930  51.919 0.0000000000
71066  -10.295  -7.509  51.466 0.0000000000
73223  -10.094  -6.344  51.438 0.0000000000
72135  -10.276  -7.088  51.154 0.0000000000
68695  -7.741  -10.539  49.790 0.0000000000
69887  -8.478  -10.304  50.190 0.0000000000
69901  -8.868  -9.754  49.687 0.0000000000
71100  -9.602  -8.704  49.055 0.0000000000
71089  -9.934  -8.561  49.745 0.0000000000
73240  -10.752  -6.828  50.200 0.0000000000
72152  -10.740  -7.428  49.634 0.0000000000
73241  -11.229  -6.704  49.646 0.0000000000
72162  -11.044  -7.314  49.043 0.0000000000
72167  -9.274  -7.483  47.252 0.0000000000
139982  -10.639  -6.463  47.572 0.0000000000
139990  -10.875  -5.835  46.822 0.0000000000
139980  -10.423  -6.355  46.818 0.0000000000
139992  -10.364  -6.153  46.427 0.0000000000
73250  -9.547  -6.654  46.263 0.0000000000
75130  -5.625  -4.307  62.641 0.0000000000
74103  -6.041  -5.819  65.812 0.0000000000
74100  -5.715  -5.600  66.103 0.0000000000
74099  -5.503  -5.799  66.107 0.0000000000
74101  -4.719  -6.520  65.927 0.0000000000
75085  -4.940  -5.306  67.083 0.0000000000
75088  -4.488  -5.059  66.924 0.0000000000
74113  -4.248  -5.535  66.140 0.0000000000
69667  -2.606  -9.959  65.176 0.0000000000
70853  -3.703  -9.086  65.094 0.0000000000
69686  -2.935  -9.290  64.804 0.0000000000
73056  -4.107  -7.135  64.126 0.0000000000
74136  -4.410  -5.481  64.681 0.0000000000
74137  -4.763  -5.301  64.274 0.0000000000
74145  -4.520  -6.035  63.981 0.0000000000
71946  -4.616  -7.261  62.954 0.0000000000
73069  -5.334  -6.278  62.679 0.0000000000
73079  -5.560  -5.809  62.301 0.0000000000
73070  -5.489  -6.670  62.292 0.0000000000
73080  -5.730  -6.297  61.915 0.0000000000
71963  -5.452  -7.137  62.022 0.0000000000
70934  -3.641  -8.715  60.957 0.0000000000
70935  -4.296  -8.431  60.869 0.0000000000
70956  -4.025  -8.978  60.385 0.0000000000
70957  -4.610  -8.938  60.279 0.0000000000
68538  -2.465  -10.702  60.993 0.0000000000
68560  -2.739  -11.084  59.271 0.0000000000
68561  -3.117  -10.663  58.798 0.0000000000
67360  -3.391  -11.425  58.296 0.0000000000
67376  -3.210  -12.421  58.159 0.0000000000
65031  -3.536  -13.923  57.065 0.0000000000
63937  -4.065  -14.633  56.632 0.0000000000
59144  -2.720  -17.846  62.733 0.0000000000
56621  -2.513  -20.950  60.937 0.0000000000
59143  -2.475  -17.912  62.102 0.0000000000
59173  -2.327  -18.175  59.909 0.0000000000
61544  -2.344  -16.474  59.912 0.0000000000
60411  -2.185  -17.230  59.381 0.0000000000
60421  -2.384  -17.292  58.738 0.0000000000
60430  -2.896  -17.523  58.097 0.0000000000
60438  -3.348  -17.691  57.733 0.0000000000
60439  -3.867  -17.574  57.412 0.0000000000
60448  -4.330  -17.480  56.830 0.0000000000
61627  -4.648  -16.505  56.337 0.0000000000
60449  -4.633  -17.436  56.118 0.0000000000
77211  -34.027  -1.933  56.903 0.0000000000
77210  -33.043  -2.042  57.167 0.0000000000
77195  -32.483  -1.913  57.829 0.0000000000
74230  -31.881  -5.833  56.422 0.0000000000
75201  -31.278  -3.836  55.740 0.0000000000
75202  -31.555  -4.293  56.083 0.0000000000
141368  -30.606  -7.330  57.551 0.0000000000
141363  -31.537  -6.732  57.742 0.0000000000
74214  -31.360  -5.736  56.914 0.0000000000
141381  -29.987  -4.919  60.010 0.0000000000
141372  -31.073  -6.302  59.058 0.0000000000
76144  -30.794  -3.885  59.382 0.0000000000
88946  -51.801  8.942  36.263 0.0000000000
88017  -53.204  9.013  36.267 0.0000000000
88947  -52.280  8.993  36.244 0.0000000000
87222  -46.700  8.159  37.867 0.0000000000
87228  -47.419  9.083  36.999 0.0000000000
88012  -48.180  9.089  36.023 0.0000000000
88035  -48.842  8.591  35.544 0.0000000000
88054  -48.596  8.145  34.980 0.0000000000
86365  -33.266  6.365  39.798 0.0000000000
86347  -33.853  6.383  40.763 0.0000000000
86326  -33.487  6.576  41.626 0.0000000000
86310  -33.119  6.783  42.479 0.0000000000
84639  -31.849  2.200  35.948 0.0000000000
67423  -4.056  -12.214  54.935 0.0000000000
63954  -4.688  -14.501  53.744 0.0000000000
61649  -5.184  -16.749  54.150 0.0000000000
62647  -6.564  -13.956  63.588 0.0000000000
62627  -6.089  -14.240  64.198 0.0000000000
61454  -5.757  -14.445  63.386 0.0000000000
61469  -5.138  -15.006  62.702 0.0000000000
79345  -33.519  0.681  50.195 0.0000000000
80528  -33.085  1.119  48.438 0.0000000000
77143  -22.285  -2.635  64.654 0.0000000000
68565  -23.895  -11.311  56.820 0.0000000000
86466  -52.849  6.397  27.951 0.0000000000
87301  -53.441  8.473  27.294 0.0000000000
89039  -53.967  10.219  27.067 0.0000000000
74176  -7.078  -5.335  59.991 0.0000000000
87913  -45.224  9.790  43.860 0.0000000000
88806  -45.377  10.180  44.240 0.0000000000
88781  -44.725  10.796  44.362 0.0000000000
89843  -44.604  11.082  44.624 0.0000000000
87191  -40.215  7.982  41.565 0.0000000000
86353  -39.529  7.130  40.333 0.0000000000
87169  -41.034  8.375  42.073 0.0000000000
87192  -41.355  7.761  41.258 0.0000000000
87170  -42.184  8.126  42.002 0.0000000000
87193  -42.301  7.460  41.638 0.0000000000
87938  -44.128  9.166  43.206 0.0000000000
69742  -11.514  -9.405  61.122 0.0000000000
70880  -12.197  -9.466  61.954 0.0000000000
69729  -19.625  -9.017  60.972 0.0000000000
76376  -8.042  -3.774  44.317 0.0000000000
75373  -8.534  -4.406  44.522 0.0000000000
66306  -4.797  -12.698  49.688 0.0000000000
66329  -4.766  -12.207  48.548 0.0000000000
76073  -8.008  -4.285  65.562 0.0000000000
75092  -7.433  -4.725  65.610 0.0000000000
64921  -2.653  -13.230  63.441 0.0000000000
64927  -2.380  -13.240  62.825 0.0000000000
64932  -2.185  -13.348  62.352 0.0000000000
63868  -1.768  -14.001  62.038 0.0000000000
62720  -1.833  -14.794  61.543 0.0000000000
77265  -33.740  -2.523  54.111 0.0000000000
77278  -32.960  -3.120  53.125 0.0000000000
78232  -33.998  -1.446  53.242 0.0000000000
78231  -33.039  -0.954  53.048 0.0000000000
79296  -33.539  -0.461  53.738 0.0000000000
73192  -28.412  -7.283  55.132 0.0000000000
141375  -27.322  -5.160  60.464 0.0000000000
141446  -26.585  -4.799  60.280 0.0000000000
141459  -24.891  -4.157  59.765 0.0000000000
74201  -22.853  -5.702  59.002 0.0000000000
75174  -23.410  -4.474  58.640 0.0000000000
86448  -53.999  7.347  30.781 0.0000000000
86414  -50.446  6.544  33.064 0.0000000000
86424  -49.836  6.273  32.428 0.0000000000
86425  -50.848  6.268  32.065 0.0000000000
86440  -51.668  5.934  31.611 0.0000000000
85620  -51.996  5.601  31.075 0.0000000000
86441  -52.726  6.068  31.492 0.0000000000
86447  -53.558  6.915  30.999 0.0000000000
87891  -39.379  9.986  46.489 0.0000000000
88761  -39.542  10.547  47.144 0.0000000000
87876  -39.105  10.188  47.257 0.0000000000
88746  -38.800  10.198  48.486 0.0000000000
88734  -38.591  10.250  49.377 0.0000000000
85504  -35.546  6.074  39.267 0.0000000000
86368  -36.112  6.296  39.964 0.0000000000
86330  -37.356  7.004  41.460 0.0000000000
87189  -38.234  7.601  41.856 0.0000000000
87166  -37.897  7.940  42.677 0.0000000000
87109  -38.719  9.010  43.787 0.0000000000
66154  -18.658  -12.111  56.410 0.0000000000
77356  -5.380  -1.684  45.413 0.0000000000
68608  -7.736  -10.408  54.827 0.0000000000
68627  -7.205  -10.816  54.168 0.0000000000
67468  -4.958  -12.585  52.699 0.0000000000
67469  -5.239  -12.225  52.943 0.0000000000
67496  -4.991  -12.646  52.075 0.0000000000
67519  -4.996  -12.603  51.460 0.0000000000
63987  -3.347  -15.440  50.053 0.0000000000
69653  -6.287  -10.025  65.862 0.0000000000
68447  -6.214  -10.852  66.294 0.0000000000
68442  -5.940  -11.317  66.853 0.0000000000
67266  -5.246  -11.139  68.084 0.0000000000
62610  -4.702  -14.042  64.680 0.0000000000
62595  -4.596  -13.789  65.373 0.0000000000
62608  -3.787  -13.711  64.661 0.0000000000
61435  -3.580  -14.248  64.116 0.0000000000
61449  -3.350  -14.910  63.792 0.0000000000
82826  -29.557  2.185  36.963 0.0000000000
83757  -28.368  2.407  36.429 0.0000000000
83742  -30.195  2.655  38.683 0.0000000000
77347  -32.294  -2.069  47.410 0.0000000000
81766  -33.968  2.467  44.037 0.0000000000
83737  -32.196  2.585  41.506 0.0000000000
82814  -31.654  3.195  40.767 0.0000000000
71930  -18.921  -7.149  65.019 0.0000000000
69679  -19.559  -7.926  64.295 0.0000000000
68491  -20.679  -9.229  62.501 0.0000000000
75123  -23.938  -4.489  63.546 0.0000000000
67347  -23.606  -11.258  59.119 0.0000000000
67334  -23.403  -10.943  60.253 0.0000000000
66112  -23.284  -11.409  59.753 0.0000000000
66104  -23.218  -11.191  60.315 0.0000000000
66103  -22.785  -11.429  60.599 0.0000000000
66089  -22.141  -11.819  61.383 0.0000000000
66110  -22.211  -12.087  59.663 0.0000000000
65006  -21.869  -13.135  58.908 0.0000000000
65042  -20.649  -13.132  56.429 0.0000000000
86479  -50.450  6.439  26.179 0.0000000000
76165  -7.484  -3.502  56.750 0.0000000000
74221  -7.818  -5.207  56.404 0.0000000000
74222  -8.173  -5.986  56.456 0.0000000000
74208  -8.038  -6.296  56.915 0.0000000000
72046  -7.622  -7.508  57.675 0.0000000000
70976  -6.753  -8.319  58.798 0.0000000000
68577  -4.851  -10.595  56.984 0.0000000000
87972  -47.938  9.612  40.702 0.0000000000
87973  -48.517  10.030  40.984 0.0000000000
87967  -48.604  10.478  41.898 0.0000000000
86335  -44.337  7.098  41.302 0.0000000000
86358  -44.511  6.706  40.368 0.0000000000
86336  -45.245  7.344  40.862 0.0000000000
86359  -45.346  6.954  40.060 0.0000000000
86360  -45.906  7.415  39.681 0.0000000000
86338  -46.343  7.877  40.041 0.0000000000
69688  -7.889  -9.996  63.926 0.0000000000
69674  -10.122  -10.263  65.199 0.0000000000
69664  -10.540  -10.201  65.949 0.0000000000
66036  -10.063  -11.762  66.365 0.0000000000
66035  -9.597  -12.238  66.532 0.0000000000
64903  -9.582  -12.782  66.220 0.0000000000
64965  -13.388  -13.448  59.661 0.0000000000
66057  -15.251  -11.852  63.049 0.0000000000
66056  -14.516  -11.882  63.281 0.0000000000
66052  -14.209  -11.516  63.675 0.0000000000
67285  -13.498  -11.094  64.201 0.0000000000
66054  -12.650  -12.530  63.477 0.0000000000
63900  -9.935  -14.313  60.548 0.0000000000
62722  -9.061  -14.372  61.172 0.0000000000
62697  -8.638  -14.236  61.720 0.0000000000
76282  -8.175  -3.375  50.222 0.0000000000
76306  -9.413  -3.975  48.981 0.0000000000
75280  -10.337  -4.462  48.730 0.0000000000
69860  -9.039  -9.413  52.950 0.0000000000
71051  -9.877  -8.289  52.928 0.0000000000
69861  -9.663  -9.156  52.616 0.0000000000
69889  -10.217  -9.113  50.933 0.0000000000
69900  -8.091  -9.975  49.450 0.0000000000
69913  -8.416  -9.436  49.049 0.0000000000
71099  -8.801  -8.875  48.707 0.0000000000
71111  -9.924  -8.111  48.630 0.0000000000
71110  -9.184  -8.175  48.276 0.0000000000
72175  -8.771  -7.168  45.985 0.0000000000
72174  -8.484  -7.977  46.632 0.0000000000
71911  -5.220  -7.966  65.641 0.0000000000
73032  -4.864  -6.719  65.910 0.0000000000
71913  -4.940  -8.064  65.608 0.0000000000
73034  -4.711  -7.084  65.602 0.0000000000
71917  -4.601  -7.987  65.204 0.0000000000
69702  -2.543  -10.137  63.654 0.0000000000
70864  -3.328  -8.880  64.250 0.0000000000
70876  -3.032  -9.088  63.618 0.0000000000
73055  -3.934  -7.690  63.570 0.0000000000
73067  -4.269  -7.097  63.633 0.0000000000
73077  -4.171  -7.760  63.010 0.0000000000
71961  -4.328  -7.619  62.415 0.0000000000
71962  -4.845  -7.413  62.085 0.0000000000
71980  -3.782  -8.062  61.663 0.0000000000
69758  -3.178  -9.321  60.883 0.0000000000
66095  -1.889  -12.112  59.963 0.0000000000
66109  -2.041  -12.516  59.534 0.0000000000
67358  -2.441  -12.362  59.195 0.0000000000
66120  -3.045  -12.612  58.410 0.0000000000
66127  -3.216  -13.462  58.349 0.0000000000
65012  -3.424  -13.688  57.809 0.0000000000
65030  -3.758  -14.222  57.777 0.0000000000
57927  -2.590  -19.257  60.576 0.0000000000
57928  -2.481  -20.029  60.251 0.0000000000
57945  -2.636  -19.571  59.873 0.0000000000
59218  -3.594  -18.068  57.543 0.0000000000
72116  -31.585  -7.874  53.402 0.0000000000
73219  -32.502  -6.831  52.475 0.0000000000
141602  -32.734  -6.059  53.378 0.0000000000
141611  -32.291  -5.121  53.907 0.0000000000
141608  -32.380  -3.018  54.441 0.0000000000
77226  -30.279  -2.930  55.215 0.0000000000
77247  -31.866  -3.019  54.728 0.0000000000
77249  -34.066  -2.392  55.115 0.0000000000
77267  -35.250  -1.905  54.769 0.0000000000
141429  -25.839  -4.518  57.610 0.0000000000
141430  -26.432  -4.998  57.411 0.0000000000
141410  -27.120  -5.904  56.665 0.0000000000
141354  -28.147  -7.038  56.899 0.0000000000
72070  -29.153  -7.494  56.790 0.0000000000
73175  -28.685  -7.373  55.778 0.0000000000
71058  -31.318  -8.191  54.012 0.0000000000
141386  -29.356  -5.417  60.344 0.0000000000
141366  -27.620  -5.749  59.468 0.0000000000
87247  -53.237  7.690  33.953 0.0000000000
88074  -54.445  8.178  33.687 0.0000000000
88073  -53.768  7.991  34.069 0.0000000000
86400  -46.128  6.827  36.168 0.0000000000
86401  -45.571  6.322  35.302 0.0000000000
85574  -44.990  5.877  34.406 0.0000000000
86403  -45.780  6.401  34.338 0.0000000000
87252  -49.337  7.019  33.866 0.0000000000
88055  -49.298  8.151  34.906 0.0000000000
87243  -49.707  7.640  34.284 0.0000000000
87253  -50.111  7.066  33.731 0.0000000000
87254  -51.010  7.075  33.611 0.0000000000
87255  -51.971  7.242  33.256 0.0000000000
87107  -37.081  8.091  44.774 0.0000000000
87905  -37.654  8.436  45.715 0.0000000000
87094  -37.141  8.055  45.895 0.0000000000
87077  -36.456  8.072  46.702 0.0000000000
87063  -36.265  8.274  47.765 0.0000000000
87132  -35.145  7.162  43.825 0.0000000000
82830  -33.160  3.006  35.734 0.0000000000
85515  -34.148  5.650  37.998 0.0000000000
86367  -35.189  6.203  39.986 0.0000000000
86313  -36.175  6.914  42.293 0.0000000000
78330  -4.343  -1.486  46.728 0.0000000000
67425  -5.204  -11.484  54.011 0.0000000000
67445  -5.016  -11.732  53.792 0.0000000000
66226  -4.767  -12.250  53.645 0.0000000000
62881  -4.534  -15.454  51.446 0.0000000000
61691  -4.372  -16.053  51.507 0.0000000000
61679  -4.842  -16.538  52.001 0.0000000000
61678  -4.275  -17.373  51.726 0.0000000000
60474  -4.177  -18.183  51.829 0.0000000000
66029  -7.368  -12.278  67.747 0.0000000000
66028  -6.505  -12.337  68.077 0.0000000000
64886  -6.861  -13.012  67.321 0.0000000000
64900  -6.551  -14.082  66.851 0.0000000000
63791  -5.753  -14.226  65.884 0.0000000000
62612  -5.942  -14.340  64.772 0.0000000000
62611  -5.355  -14.201  64.794 0.0000000000
61438  -4.655  -14.461  64.054 0.0000000000
83710  -32.338  3.495  42.260 0.0000000000
84634  -32.596  3.927  42.866 0.0000000000
76294  -33.635  -3.035  50.284 0.0000000000
75292  -33.981  -3.468  49.317 0.0000000000
76313  -33.976  -2.631  49.366 0.0000000000
77317  -33.574  -2.308  49.272 0.0000000000
78298  -33.268  -1.159  48.287 0.0000000000
78296  -32.697  -1.561  48.036 0.0000000000
78335  -32.700  -1.390  47.330 0.0000000000
78336  -32.864  -1.181  46.786 0.0000000000
80577  -32.589  0.195  45.797 0.0000000000
81720  -32.888  1.100  45.733 0.0000000000
81721  -33.953  1.680  45.202 0.0000000000
82781  -34.363  2.715  44.018 0.0000000000
76066  -19.844  -3.773  67.212 0.0000000000
74120  -20.147  -5.413  66.145 0.0000000000
72009  -22.721  -7.671  60.656 0.0000000000
71993  -22.661  -7.260  60.961 0.0000000000
72010  -22.795  -8.147  60.590 0.0000000000
69768  -23.046  -9.322  60.044 0.0000000000
68539  -23.336  -10.325  59.881 0.0000000000
67363  -23.720  -11.415  57.222 0.0000000000
67362  -23.412  -11.353  57.987 0.0000000000
67361  -23.452  -11.370  58.460 0.0000000000
66123  -23.366  -11.542  58.164 0.0000000000
66132  -23.260  -12.588  57.421 0.0000000000
86496  -51.106  7.124  25.530 0.0000000000
87310  -51.052  7.947  24.962 0.0000000000
90042  -53.071  10.238  26.118 0.0000000000
73136  -7.437  -6.574  57.956 0.0000000000
72017  -6.844  -6.784  58.925 0.0000000000
72016  -6.610  -7.365  59.274 0.0000000000
69784  -5.524  -9.373  59.471 0.0000000000
87117  -46.633  9.212  43.083 0.0000000000
87957  -47.211  9.597  42.802 0.0000000000
87942  -47.000  9.796  43.294 0.0000000000
88783  -45.999  10.473  44.580 0.0000000000
86385  -38.907  6.325  38.933 0.0000000000
87194  -42.763  7.210  41.709 0.0000000000
86315  -43.611  7.290  42.083 0.0000000000
87174  -45.826  8.197  42.159 0.0000000000
69759  -9.098  -9.195  60.946 0.0000000000
69706  -9.979  -10.045  62.916 0.0000000000
70896  -11.062  -9.533  62.049 0.0000000000
68486  -10.689  -9.606  62.894 0.0000000000
70868  -10.246  -10.496  63.973 0.0000000000
69691  -10.219  -10.777  64.338 0.0000000000
68463  -11.216  -10.936  65.487 0.0000000000
66041  -11.146  -11.763  65.464 0.0000000000
65016  -13.483  -13.020  57.385 0.0000000000
64998  -13.925  -13.266  58.193 0.0000000000
64979  -13.323  -13.394  58.807 0.0000000000
63910  -12.743  -13.355  59.274 0.0000000000
63903  -12.509  -13.345  59.994 0.0000000000
63889  -12.225  -13.392  60.648 0.0000000000
63902  -11.624  -13.447  60.202 0.0000000000
63908  -11.077  -13.940  59.556 0.0000000000
76279  -5.197  -3.340  50.651 0.0000000000
76255  -8.040  -3.394  51.165 0.0000000000
76256  -8.923  -3.641  50.965 0.0000000000
68682  -7.246  -11.334  51.259 0.0000000000
68694  -7.305  -11.250  50.114 0.0000000000
68705  -6.959  -10.642  49.046 0.0000000000
66331  -6.432  -12.014  49.028 0.0000000000
69911  -6.856  -10.113  48.154 0.0000000000
69923  -6.467  -10.081  47.395 0.0000000000
69934  -6.694  -9.540  46.906 0.0000000000
78088  -7.464  -2.240  64.717 0.0000000000
78087  -6.994  -2.429  64.709 0.0000000000
77135  -6.538  -3.270  64.897 0.0000000000
67270  -3.120  -11.124  65.770 0.0000000000
68454  -3.366  -10.193  65.523 0.0000000000
68453  -2.907  -10.760  65.296 0.0000000000
69656  -2.534  -10.542  65.087 0.0000000000
69666  -2.442  -10.489  64.638 0.0000000000
68459  -2.643  -11.455  63.828 0.0000000000
69684  -2.485  -10.576  64.090 0.0000000000
68483  -2.585  -10.307  63.233 0.0000000000
68523  -2.573  -10.486  62.015 0.0000000000
68522  -2.406  -11.393  61.858 0.0000000000
67330  -1.715  -12.127  61.029 0.0000000000
66064  -2.228  -12.813  62.083 0.0000000000
66081  -1.724  -12.669  61.334 0.0000000000
66094  -1.530  -12.556  60.326 0.0000000000
64963  -1.581  -13.561  60.246 0.0000000000
64977  -2.031  -13.807  59.650 0.0000000000
62766  -2.720  -14.971  59.759 0.0000000000
76292  -32.708  -3.442  50.535 0.0000000000
74286  -32.276  -6.333  52.128 0.0000000000
141607  -31.930  -3.916  52.559 0.0000000000
76245  -32.623  -3.235  52.246 0.0000000000
76269  -31.845  -3.866  52.016 0.0000000000
76270  -32.484  -3.346  51.462 0.0000000000
76271  -32.951  -3.132  51.269 0.0000000000
76293  -33.249  -3.239  50.428 0.0000000000
76273  -33.411  -2.861  50.943 0.0000000000
78271  -33.680  -1.815  50.924 0.0000000000
79343  -33.073  -0.905  50.625 0.0000000000
78243  -32.715  -0.924  52.231 0.0000000000
79324  -32.775  -0.679  51.755 0.0000000000
79344  -33.506  -0.179  50.431 0.0000000000
79327  -33.462  0.984  50.778 0.0000000000
74152  -23.718  -4.947  62.999 0.0000000000
74161  -23.450  -4.935  62.446 0.0000000000
141422  -26.797  -5.206  63.807 0.0000000000
141426  -24.223  -4.711  62.312 0.0000000000
75147  -23.453  -4.779  61.890 0.0000000000
73107  -22.704  -6.835  60.545 0.0000000000
72039  -22.905  -7.834  58.812 0.0000000000
73129  -22.659  -6.910  58.434 0.0000000000
85597  -49.264  6.126  31.809 0.0000000000
85630  -48.236  5.851  30.420 0.0000000000
85664  -51.196  5.546  28.919 0.0000000000
85665  -52.012  5.526  29.089 0.0000000000
85649  -52.185  5.497  29.837 0.0000000000
85666  -52.639  5.819  29.313 0.0000000000
85683  -52.531  5.904  28.664 0.0000000000
86467  -53.679  6.856  28.444 0.0000000000
86483  -54.038  7.597  28.418 0.0000000000
87910  -41.809  10.452  44.459 0.0000000000
88764  -42.055  10.890  46.019 0.0000000000
89815  -40.528  11.876  46.893 0.0000000000
88748  -39.777  10.897  47.293 0.0000000000
87874  -37.764  9.065  47.495 0.0000000000
88733  -38.083  9.848  49.494 0.0000000000
86352  -38.560  7.050  40.596 0.0000000000
86331  -38.072  7.231  41.143 0.0000000000
87190  -39.242  7.848  41.807 0.0000000000
87138  -40.595  8.994  42.856 0.0000000000
87909  -41.198  10.327  44.599 0.0000000000
64971  -19.406  -12.759  59.867 0.0000000000
64985  -19.199  -13.293  59.343 0.0000000000
65002  -17.899  -13.269  58.514 0.0000000000
65019  -16.558  -13.216  57.601 0.0000000000
65036  -15.100  -12.282  57.016 0.0000000000
65035  -13.737  -12.063  56.851 0.0000000000
77370  -6.089  -2.104  44.714 0.0000000000
75337  -9.537  -4.664  46.054 0.0000000000
73184  -9.139  -6.627  54.572 0.0000000000
71019  -9.358  -7.730  54.400 0.0000000000
73037  -6.086  -6.503  65.450 0.0000000000
71912  -5.867  -8.067  65.453 0.0000000000
69652  -5.770  -9.492  65.877 0.0000000000
70842  -5.525  -8.941  65.799 0.0000000000
70841  -5.155  -9.350  65.901 0.0000000000
70840  -4.954  -9.649  65.982 0.0000000000
69647  -4.616  -10.161  66.071 0.0000000000
68439  -4.108  -10.338  66.469 0.0000000000
66027  -5.520  -12.245  68.171 0.0000000000
66026  -4.525  -11.960  68.103 0.0000000000
63775  -4.412  -14.263  67.118 0.0000000000
66025  -3.767  -11.657  67.697 0.0000000000
67271  -3.281  -11.285  66.373 0.0000000000
66038  -3.232  -12.484  65.120 0.0000000000
64910  -3.187  -13.061  64.443 0.0000000000
63802  -3.263  -13.815  64.116 0.0000000000
63820  -3.009  -13.688  63.866 0.0000000000
63819  -2.767  -14.172  63.495 0.0000000000
62645  -2.617  -14.835  63.324 0.0000000000
61480  -2.352  -15.635  62.965 0.0000000000
140760  -30.598  4.863  35.496 0.0000000000
85543  -29.593  4.975  35.275 0.0000000000
84663  -27.001  3.967  34.084 0.0000000000
75309  -33.466  -3.677  48.429 0.0000000000
75308  -32.683  -3.883  48.176 0.0000000000
75347  -32.529  -3.473  46.890 0.0000000000
81806  -32.001  1.993  40.856 0.0000000000
82821  -31.682  2.129  40.058 0.0000000000
82827  -31.540  2.301  38.343 0.0000000000
140758  -31.273  3.271  35.148 0.0000000000
70884  -19.441  -7.593  63.311 0.0000000000
70885  -19.524  -7.611  62.367 0.0000000000
69730  -19.750  -8.490  61.587 0.0000000000
67307  -20.163  -9.525  60.394 0.0000000000
66100  -20.452  -11.711  59.755 0.0000000000
75121  -22.143  -3.881  64.912 0.0000000000
75122  -22.565  -4.297  64.505 0.0000000000
75114  -21.918  -4.158  65.495 0.0000000000
74123  -22.111  -5.313  66.251 0.0000000000
74132  -21.374  -5.650  65.781 0.0000000000
71923  -20.395  -6.583  64.837 0.0000000000
71974  -22.735  -7.764  60.997 0.0000000000
70886  -22.505  -7.956  61.544 0.0000000000
69713  -22.150  -8.488  61.937 0.0000000000
68529  -22.885  -10.284  61.289 0.0000000000
68495  -22.362  -9.008  61.474 0.0000000000
69700  -21.984  -8.144  62.234 0.0000000000
69699  -21.459  -7.919  62.832 0.0000000000
69682  -20.753  -7.794  63.351 0.0000000000
69681  -20.025  -7.774  63.733 0.0000000000
68468  -20.137  -8.025  63.630 0.0000000000
67294  -21.450  -9.637  62.037 0.0000000000
67309  -21.422  -10.251  61.551 0.0000000000
66088  -21.310  -11.673  60.958 0.0000000000
66071  -21.246  -10.728  60.837 0.0000000000
66087  -20.909  -11.152  60.068 0.0000000000
64986  -20.151  -13.142  59.331 0.0000000000
65040  -19.108  -12.527  56.995 0.0000000000
88127  -50.869  8.393  24.663 0.0000000000
88139  -50.957  9.240  24.515 0.0000000000
90067  -50.853  10.605  24.385 0.0000000000
92290  -50.211  12.350  23.141 0.0000000000
76230  -5.849  -3.234  52.613 0.0000000000
74251  -8.445  -5.386  54.624 0.0000000000
69832  -8.006  -9.206  55.954 0.0000000000
65047  -3.644  -13.754  55.560 0.0000000000
88878  -50.168  10.472  38.154 0.0000000000
88879  -51.017  10.166  38.214 0.0000000000
88866  -50.079  10.639  38.885 0.0000000000
89827  -42.441  11.016  45.902 0.0000000000
85500  -31.434  6.152  38.907 0.0000000000
86345  -31.986  6.643  40.694 0.0000000000
85537  -41.020  5.379  37.232 0.0000000000
85538  -41.958  5.473  37.322 0.0000000000
85507  -43.094  5.920  39.054 0.0000000000
85539  -43.014  5.693  37.399 0.0000000000
85555  -43.076  5.460  36.376 0.0000000000
86398  -44.572  6.153  36.731 0.0000000000
86396  -45.322  6.618  37.358 0.0000000000
86393  -46.344  7.691  38.320 0.0000000000
86361  -46.362  7.715  39.392 0.0000000000
87215  -46.758  8.060  38.964 0.0000000000
87216  -47.321  8.820  38.606 0.0000000000
87994  -48.378  9.879  38.807 0.0000000000
69654  -7.387  -10.618  66.313 0.0000000000
68449  -7.867  -10.781  67.312 0.0000000000
68504  -8.353  -9.641  62.319 0.0000000000
69673  -9.206  -10.418  65.189 0.0000000000
68455  -8.235  -10.497  66.782 0.0000000000
67269  -7.734  -11.500  67.829 0.0000000000
66033  -7.798  -12.637  67.300 0.0000000000
64901  -7.556  -13.458  66.500 0.0000000000
64912  -7.564  -14.005  65.627 0.0000000000
64913  -8.329  -13.715  65.402 0.0000000000
63807  -7.481  -14.161  65.010 0.0000000000
63821  -6.896  -13.922  64.431 0.0000000000
62672  -6.586  -14.349  62.779 0.0000000000
66098  -18.618  -12.347  60.440 0.0000000000
68511  -17.266  -10.719  61.733 0.0000000000
64959  -15.570  -12.985  61.176 0.0000000000
64960  -16.196  -12.846  61.123 0.0000000000
66068  -16.870  -11.963  62.010 0.0000000000
69728  -15.957  -9.334  61.777 0.0000000000
67290  -15.020  -11.251  63.069 0.0000000000
71988  -14.023  -8.317  62.021 0.0000000000
71966  -12.972  -8.937  61.901 0.0000000000
70857  -11.752  -10.822  62.664 0.0000000000
68472  -13.109  -10.927  64.098 0.0000000000
68465  -12.532  -11.075  63.899 0.0000000000
69676  -11.526  -11.062  63.548 0.0000000000
66045  -11.571  -12.219  64.946 0.0000000000
64925  -10.751  -13.233  64.899 0.0000000000
64944  -11.336  -13.868  62.074 0.0000000000
64934  -11.158  -13.692  62.789 0.0000000000
64928  -9.181  -13.598  63.706 0.0000000000
62649  -7.844  -13.569  62.645 0.0000000000
62674  -8.121  -13.888  62.161 0.0000000000
76302  -5.432  -3.481  49.712 0.0000000000
76319  -4.906  -3.277  49.092 0.0000000000
77313  -5.588  -2.898  48.201 0.0000000000
77344  -7.364  -2.460  47.079 0.0000000000
75314  -9.024  -4.324  46.554 0.0000000000
75338  -10.227  -4.786  46.389 0.0000000000
73199  -9.436  -6.284  53.776 0.0000000000
74275  -9.835  -5.885  52.466 0.0000000000
72124  -10.048  -7.205  52.540 0.0000000000
74288  -10.081  -5.694  51.017 0.0000000000
69903  -10.061  -8.691  50.254 0.0000000000
69890  -10.232  -8.470  50.587 0.0000000000
72143  -10.425  -7.296  50.497 0.0000000000
74297  -10.621  -5.498  50.488 0.0000000000
74298  -11.300  -5.394  49.946 0.0000000000
74305  -11.410  -5.275  49.319 0.0000000000
75282  -11.017  -5.440  48.384 0.0000000000
73246  -10.764  -6.644  48.089 0.0000000000
139987  -11.040  -6.175  48.336 0.0000000000
75298  -10.932  -5.134  47.934 0.0000000000
75339  -11.109  -4.954  46.909 0.0000000000
75358  -10.405  -4.945  45.979 0.0000000000
73259  -10.236  -5.819  45.825 0.0000000000
73258  -9.780  -6.313  45.111 0.0000000000
72176  -8.937  -7.007  45.342 0.0000000000
75140  -5.998  -4.350  61.707 0.0000000000
75100  -6.991  -5.182  65.397 0.0000000000
75091  -6.875  -4.973  65.333 0.0000000000
76061  -6.157  -4.821  65.901 0.0000000000
74098  -5.128  -5.811  66.331 0.0000000000
76058  -5.293  -4.930  67.354 0.0000000000
76069  -5.472  -4.412  66.314 0.0000000000
77126  -5.317  -4.165  66.294 0.0000000000
77133  -5.352  -3.972  65.820 0.0000000000
76081  -5.625  -3.939  65.313 0.0000000000
69659  -3.959  -9.085  65.126 0.0000000000
71918  -4.320  -8.334  64.942 0.0000000000
71925  -4.347  -7.730  64.833 0.0000000000
71935  -4.098  -8.070  64.327 0.0000000000
73045  -4.232  -6.946  64.766 0.0000000000
74124  -4.121  -5.912  65.269 0.0000000000
74125  -4.244  -5.352  65.458 0.0000000000
75107  -4.827  -4.619  65.256 0.0000000000
75108  -5.366  -4.201  64.926 0.0000000000
75117  -5.221  -4.553  64.315 0.0000000000
75124  -5.444  -4.507  63.301 0.0000000000
74163  -5.742  -4.994  61.985 0.0000000000
74164  -6.060  -5.387  61.495 0.0000000000
71983  -5.900  -7.260  61.432 0.0000000000
72002  -5.662  -7.933  60.997 0.0000000000
69783  -4.843  -9.477  59.643 0.0000000000
69799  -4.299  -9.725  58.973 0.0000000000
69757  -2.866  -9.672  61.450 0.0000000000
69780  -2.824  -9.861  60.624 0.0000000000
67346  -2.526  -11.355  59.745 0.0000000000
68550  -2.739  -10.489  59.892 0.0000000000
69798  -3.491  -9.697  59.152 0.0000000000
68575  -4.013  -11.044  57.854 0.0000000000
67394  -3.541  -12.249  56.831 0.0000000000
66129  -3.391  -12.521  57.171 0.0000000000
66149  -3.404  -12.739  56.598 0.0000000000
66174  -3.291  -13.535  55.908 0.0000000000
63938  -3.999  -14.509  55.857 0.0000000000
57890  -2.647  -18.621  62.387 0.0000000000
61508  -2.216  -15.943  61.303 0.0000000000
61526  -2.329  -16.218  60.533 0.0000000000
62753  -2.599  -16.066  59.819 0.0000000000
62767  -2.985  -15.618  59.566 0.0000000000
57961  -2.801  -19.226  59.472 0.0000000000
59185  -2.206  -17.850  59.119 0.0000000000
59196  -2.204  -17.651  58.800 0.0000000000
61563  -2.860  -16.633  59.117 0.0000000000
62780  -3.657  -15.872  58.933 0.0000000000
62791  -4.360  -16.030  58.187 0.0000000000
62792  -4.534  -15.811  57.225 0.0000000000
62804  -4.510  -15.504  56.437 0.0000000000
62805  -4.694  -15.363  55.491 0.0000000000
62806  -5.006  -15.970  55.153 0.0000000000
61629  -5.096  -16.619  54.908 0.0000000000
58064  -4.359  -19.372  53.072 0.0000000000
56740  -4.532  -19.359  54.449 0.0000000000
57944  -2.677  -18.857  60.125 0.0000000000
59186  -2.627  -18.642  59.377 0.0000000000
60412  -2.355  -16.927  59.117 0.0000000000
60420  -2.183  -17.501  58.958 0.0000000000
60450  -4.854  -17.447  55.341 0.0000000000
62593  -3.874  -13.588  65.070 0.0000000000
62623  -2.819  -14.570  63.545 0.0000000000
62625  -3.227  -14.697  63.783 0.0000000000
62698  -9.287  -14.420  61.644 0.0000000000
63776  -5.107  -14.123  67.430 0.0000000000
63787  -3.501  -13.249  65.315 0.0000000000
63804  -3.693  -13.502  64.989 0.0000000000
63884  -1.582  -13.677  60.838 0.0000000000
63885  -9.405  -14.435  61.184 0.0000000000
63898  -1.572  -13.655  60.588 0.0000000000
63914  -2.454  -14.454  59.759 0.0000000000
64922  -2.965  -13.164  63.919 0.0000000000
64954  -1.511  -13.302  60.878 0.0000000000
64955  -1.516  -13.460  60.715 0.0000000000
64989  -22.328  -12.220  59.424 0.0000000000
66030  -8.037  -12.094  67.631 0.0000000000
66051  -13.603  -11.709  64.023 0.0000000000
66074  -22.777  -11.092  61.980 0.0000000000
67268  -7.011  -11.577  68.033 0.0000000000
67274  -9.864  -11.465  66.814 0.0000000000
67279  -2.677  -11.817  63.716 0.0000000000
67283  -12.936  -11.139  64.454 0.0000000000
67287  -14.424  -10.937  63.218 0.0000000000
67288  -2.426  -12.399  62.938 0.0000000000
67310  -21.819  -10.535  62.110 0.0000000000
67319  -2.210  -11.585  61.368 0.0000000000
67324  -22.933  -10.482  60.808 0.0000000000
67335  -23.229  -10.509  60.290 0.0000000000
67424  -4.959  -11.496  54.050 0.0000000000
68445  -3.269  -10.635  65.663 0.0000000000
68452  -2.622  -10.934  64.805 0.0000000000
68458  -10.847  -10.750  66.194 0.0000000000
68461  -2.932  -10.280  65.334 0.0000000000
68466  -12.878  -11.008  63.250 0.0000000000
68469  -20.449  -7.999  63.415 0.0000000000
68471  -2.572  -11.104  63.813 0.0000000000
68473  -13.367  -10.905  63.515 0.0000000000
68476  -20.163  -8.910  62.908 0.0000000000
68477  -20.514  -8.791  63.153 0.0000000000
68480  -21.736  -8.484  62.279 0.0000000000
68484  -8.549  -9.989  62.695 0.0000000000
68485  -8.946  -10.253  62.684 0.0000000000
68488  -15.215  -10.556  62.442 0.0000000000
68492  -21.156  -9.263  62.594 0.0000000000
68493  -21.528  -9.263  62.306 0.0000000000
68503  -2.608  -10.387  62.786 0.0000000000
68506  -10.595  -9.784  62.844 0.0000000000
68507  -10.880  -9.497  62.905 0.0000000000
68508  -10.708  -9.303  63.018 0.0000000000
68509  -10.681  -9.203  63.190 0.0000000000
68513  -19.915  -9.215  61.252 0.0000000000
68515  -22.601  -9.334  61.343 0.0000000000
68530  -22.715  -9.832  61.111 0.0000000000
68531  -22.910  -10.050  60.498 0.0000000000
68553  -23.394  -10.302  58.401 0.0000000000
68554  -23.530  -10.582  58.885 0.0000000000
68563  -23.220  -10.379  57.488 0.0000000000
68564  -23.427  -11.051  57.422 0.0000000000
68578  -23.066  -9.627  57.034 0.0000000000
68579  -23.070  -10.086  56.785 0.0000000000
68645  -4.826  -11.536  54.162 0.0000000000
69657  -2.728  -10.391  65.240 0.0000000000
69668  -3.375  -9.536  65.216 0.0000000000
69669  -3.822  -9.269  65.226 0.0000000000
69680  -19.687  -7.950  64.094 0.0000000000
69683  -21.085  -7.450  63.271 0.0000000000
69693  -12.667  -10.507  62.274 0.0000000000
69694  -13.458  -10.425  62.535 0.0000000000
69696  -19.814  -8.099  63.569 0.0000000000
69697  -19.915  -7.944  63.746 0.0000000000
69698  -21.248  -8.292  63.043 0.0000000000
69701  -2.522  -10.708  63.747 0.0000000000
69707  -10.913  -9.574  63.002 0.0000000000
69708  -13.876  -9.713  62.441 0.0000000000
69709  -14.473  -9.884  62.394 0.0000000000
69711  -19.851  -8.237  63.073 0.0000000000
69725  -10.927  -9.572  62.678 0.0000000000
69726  -10.887  -9.308  63.098 0.0000000000
69740  -9.450  -9.775  61.607 0.0000000000
69744  -13.061  -9.131  61.005 0.0000000000
69750  -23.012  -9.824  60.188 0.0000000000
69769  -23.320  -9.975  59.589 0.0000000000
69789  -23.271  -9.263  58.265 0.0000000000
69790  -23.347  -9.522  59.108 0.0000000000
69805  -23.132  -9.243  57.465 0.0000000000
69902  -9.634  -9.203  49.896 0.0000000000
70844  -5.962  -8.734  65.882 0.0000000000
70849  -19.488  -7.696  65.289 0.0000000000
70850  -19.685  -7.566  65.127 0.0000000000
70851  -20.023  -7.249  64.720 0.0000000000
70852  -20.351  -6.969  64.320 0.0000000000
70854  -3.995  -8.801  64.951 0.0000000000
70858  -12.102  -10.593  62.245 0.0000000000
70861  -20.157  -7.362  64.012 0.0000000000
70862  -20.776  -6.957  63.716 0.0000000000
70863  -21.293  -7.068  63.185 0.0000000000
70865  -3.675  -8.845  64.719 0.0000000000
70866  -3.975  -8.590  64.722 0.0000000000
70874  -21.794  -7.247  62.673 0.0000000000
70875  -22.280  -7.541  62.134 0.0000000000
70878  -10.197  -10.409  63.554 0.0000000000
70881  -13.230  -9.214  62.165 0.0000000000
70887  -22.802  -8.268  60.972 0.0000000000
70899  -14.358  -8.483  62.195 0.0000000000
70903  -22.981  -8.368  60.961 0.0000000000
70913  -4.308  -8.063  61.120 0.0000000000
70914  -4.596  -8.134  61.181 0.0000000000
70917  -12.025  -9.203  61.640 0.0000000000
70920  -14.195  -8.467  61.323 0.0000000000
70948  -22.836  -8.663  60.456 0.0000000000
70983  -23.059  -8.639  58.079 0.0000000000
71026  -30.775  -8.038  55.071 0.0000000000
71027  -31.350  -7.847  55.205 0.0000000000
71043  -30.675  -8.226  54.320 0.0000000000
71050  -9.573  -8.987  53.092 0.0000000000
71057  -30.665  -8.278  53.553 0.0000000000
71080  -10.323  -7.995  51.022 0.0000000000
71910  -5.134  -9.020  66.060 0.0000000000
71914  -5.010  -7.337  65.686 0.0000000000
71924  -20.681  -6.687  64.338 0.0000000000
71926  -4.173  -8.315  64.702 0.0000000000
71931  -20.902  -6.355  64.670 0.0000000000
71933  -21.247  -6.641  63.719 0.0000000000
71941  -21.200  -6.232  64.568 0.0000000000
71942  -21.439  -6.285  64.204 0.0000000000
71948  -5.271  -6.984  62.442 0.0000000000
71951  -12.762  -9.090  62.018 0.0000000000
71952  -13.143  -8.966  62.058 0.0000000000
71953  -13.589  -8.774  62.311 0.0000000000
71958  -22.595  -7.550  61.263 0.0000000000
71959  -3.636  -8.320  62.650 0.0000000000
71968  -13.865  -8.460  62.320 0.0000000000
71979  -3.592  -8.321  62.048 0.0000000000
71981  -4.327  -7.857  61.482 0.0000000000
71994  -22.765  -7.772  60.876 0.0000000000
72001  -4.132  -7.969  61.079 0.0000000000
72025  -22.923  -8.311  60.260 0.0000000000
72086  -29.128  -7.766  55.303 0.0000000000
72088  -31.075  -7.644  55.715 0.0000000000
72089  -31.955  -7.311  55.269 0.0000000000
72102  -31.859  -7.693  54.259 0.0000000000
72103  -32.328  -7.115  54.485 0.0000000000
72153  -11.144  -7.090  49.283 0.0000000000
72161  -10.586  -7.490  48.606 0.0000000000
72168  -10.208  -7.068  47.767 0.0000000000
73036  -5.794  -6.727  65.578 0.0000000000
73038  -4.364  -6.975  65.231 0.0000000000
73042  -19.073  -6.188  65.571 0.0000000000
73043  -19.653  -6.141  65.622 0.0000000000
73044  -20.276  -5.999  65.455 0.0000000000
73053  -20.982  -5.952  65.257 0.0000000000
73054  -21.388  -5.701  65.416 0.0000000000
73062  -21.136  -6.100  64.857 0.0000000000
73078  -4.445  -7.359  63.154 0.0000000000
73144  -31.378  -6.231  56.668 0.0000000000
73145  -31.311  -6.183  57.414 0.0000000000
73160  -32.093  -6.438  56.263 0.0000000000
73161  -32.281  -6.710  55.708 0.0000000000
73177  -32.489  -6.484  55.294 0.0000000000
73178  -32.657  -6.543  54.673 0.0000000000
73193  -32.652  -6.820  54.080 0.0000000000
73207  -32.430  -7.021  53.182 0.0000000000
73212  -10.028  -6.374  52.172 0.0000000000
73233  -11.557  -6.075  49.843 0.0000000000
73242  -11.561  -6.197  49.214 0.0000000000
73247  -11.208  -6.667  48.721 0.0000000000
74102  -4.756  -5.916  66.258 0.0000000000
74104  -6.058  -5.923  65.789 0.0000000000
74105  -7.591  -4.991  65.882 0.0000000000
74108  -19.874  -5.047  66.885 0.0000000000
74109  -20.603  -5.304  67.034 0.0000000000
74110  -21.357  -5.444  67.017 0.0000000000
74111  -21.925  -5.353  66.881 0.0000000000
74115  -7.526  -4.981  66.111 0.0000000000
74116  -8.189  -4.813  66.489 0.0000000000
74117  -9.015  -4.689  66.217 0.0000000000
74118  -19.053  -5.370  65.687 0.0000000000
74119  -19.506  -5.252  66.130 0.0000000000
74121  -20.939  -5.529  66.129 0.0000000000
74122  -21.638  -5.607  66.348 0.0000000000
74133  -21.722  -5.567  65.655 0.0000000000
74141  -21.728  -5.413  65.028 0.0000000000
74160  -23.459  -4.879  62.049 0.0000000000
74170  -23.521  -5.011  61.946 0.0000000000
74171  -23.036  -5.150  61.826 0.0000000000
74245  -32.345  -5.938  56.110 0.0000000000
74246  -32.222  -5.528  55.598 0.0000000000
74247  -32.754  -6.016  54.978 0.0000000000
74262  -27.986  -6.689  55.000 0.0000000000
74287  -32.517  -6.375  52.835 0.0000000000
74299  -11.608  -5.680  49.460 0.0000000000
74306  -11.416  -5.638  48.814 0.0000000000
74308  -11.187  -6.013  48.485 0.0000000000
74338  -10.048  -5.509  45.558 0.0000000000
74340  -11.135  -5.004  47.489 0.0000000000
74341  -11.287  -4.890  47.460 0.0000000000
75086  -5.371  -5.285  66.939 0.0000000000
75087  -5.572  -5.420  66.427 0.0000000000
75089  -5.479  -4.980  67.027 0.0000000000
75093  -19.312  -4.595  66.566 0.0000000000
75094  -19.470  -4.413  67.137 0.0000000000
75095  -20.271  -4.524  67.285 0.0000000000
75097  -21.721  -5.064  67.214 0.0000000000
75099  -6.479  -5.526  65.605 0.0000000000
75101  -7.824  -4.412  65.906 0.0000000000
75105  -21.704  -4.328  67.212 0.0000000000
75106  -22.072  -4.718  66.910 0.0000000000
75109  -6.740  -5.777  65.457 0.0000000000
75110  -6.890  -5.682  65.181 0.0000000000
75115  -22.250  -4.749  65.759 0.0000000000
75137  -23.868  -5.049  61.796 0.0000000000
75138  -23.688  -4.804  62.099 0.0000000000
75214  -31.361  -4.267  55.079 0.0000000000
75215  -31.386  -4.158  55.426 0.0000000000
75216  -31.702  -4.725  55.307 0.0000000000
75232  -31.512  -4.455  55.120 0.0000000000
75269  -11.182  -5.004  49.488 0.0000000000
75281  -11.032  -4.991  48.812 0.0000000000
75291  -33.621  -3.623  49.167 0.0000000000
75297  -10.696  -4.890  48.092 0.0000000000
75310  -34.099  -3.535  48.822 0.0000000000
75315  -9.747  -4.493  46.801 0.0000000000
75317  -10.797  -4.859  47.516 0.0000000000
75318  -10.984  -5.051  47.689 0.0000000000
75340  -11.224  -4.880  47.447 0.0000000000
75341  -11.187  -4.906  47.678 0.0000000000
75348  -33.175  -3.389  47.514 0.0000000000
75359  -11.425  -4.715  47.446 0.0000000000
75360  -11.449  -4.934  47.640 0.0000000000
76057  -5.139  -5.086  67.504 0.0000000000
76060  -5.424  -4.712  66.873 0.0000000000
76063  -7.398  -4.502  65.289 0.0000000000
76065  -19.151  -3.827  67.256 0.0000000000
76067  -20.624  -4.007  67.224 0.0000000000
76068  -4.951  -4.350  66.816 0.0000000000
76070  -5.850  -4.298  65.781 0.0000000000
76071  -6.960  -4.058  64.859 0.0000000000
76072  -7.617  -4.083  64.926 0.0000000000
76077  -20.309  -3.564  66.716 0.0000000000
76078  -21.370  -3.911  67.025 0.0000000000
76079  -21.951  -4.155  67.027 0.0000000000
76080  -5.071  -4.220  66.059 0.0000000000
76091  -21.904  -4.207  66.444 0.0000000000
76156  -24.662  -3.982  58.795 0.0000000000
76159  -31.409  -2.681  57.460 0.0000000000
76173  -30.470  -3.324  55.403 0.0000000000
76174  -30.813  -3.393  55.893 0.0000000000
76189  -31.001  -3.841  55.104 0.0000000000
76190  -30.982  -3.684  55.528 0.0000000000
76206  -31.712  -4.457  54.694 0.0000000000
76225  -32.911  -3.087  52.549 0.0000000000
76233  -8.834  -3.745  51.786 0.0000000000
76295  -33.682  -2.804  49.835 0.0000000000
76311  -33.660  -3.332  49.713 0.0000000000
76312  -34.088  -3.125  49.504 0.0000000000
76326  -33.989  -2.552  48.753 0.0000000000
76340  -33.681  -2.544  48.487 0.0000000000
77121  -6.248  -4.311  65.478 0.0000000000
77122  -6.573  -4.144  65.164 0.0000000000
77124  -19.346  -3.305  67.202 0.0000000000
77125  -19.858  -3.235  67.184 0.0000000000
77127  -5.650  -4.194  65.866 0.0000000000
77131  -19.678  -2.949  66.934 0.0000000000
77132  -20.023  -3.049  67.014 0.0000000000
77191  -24.803  -4.004  59.205 0.0000000000
77218  -7.236  -2.785  56.968 0.0000000000
77227  -30.629  -2.895  55.346 0.0000000000
77231  -34.440  -2.118  56.086 0.0000000000
77245  -30.549  -3.196  54.838 0.0000000000
77246  -31.006  -2.860  54.953 0.0000000000
77263  -31.057  -3.733  54.764 0.0000000000
77295  -33.455  -1.923  50.459 0.0000000000
77296  -33.525  -2.125  50.584 0.0000000000
77297  -33.593  -2.199  50.778 0.0000000000
77314  -32.649  -1.707  48.187 0.0000000000
77315  -32.820  -1.703  48.405 0.0000000000
77328  -7.315  -2.519  47.367 0.0000000000
77329  -32.538  -1.690  47.893 0.0000000000
77330  -32.509  -1.890  48.031 0.0000000000
77332  -33.523  -2.348  48.769 0.0000000000
77345  -32.622  -1.573  47.704 0.0000000000
77346  -32.463  -1.716  47.626 0.0000000000
77355  -4.763  -1.527  45.676 0.0000000000
78208  -35.485  -1.183  55.463 0.0000000000
78230  -32.837  -0.560  52.726 0.0000000000
78242  -32.700  -0.801  51.945 0.0000000000
78244  -33.322  -1.494  52.265 0.0000000000
78254  -32.699  -0.903  51.726 0.0000000000
78255  -32.873  -1.285  51.445 0.0000000000
78257  -33.896  -1.984  51.288 0.0000000000
78270  -33.301  -1.579  50.652 0.0000000000
78272  -33.887  -1.871  50.940 0.0000000000
78283  -33.375  -1.398  50.034 0.0000000000
78297  -32.877  -1.411  48.115 0.0000000000
78314  -32.763  -1.460  47.882 0.0000000000
78315  -32.937  -1.253  47.735 0.0000000000
78316  -33.286  -0.963  47.432 0.0000000000
78334  -32.740  -1.434  47.575 0.0000000000
79311  -32.788  -0.597  51.988 0.0000000000
79312  -32.929  -0.289  52.295 0.0000000000
79325  -32.995  -0.365  51.484 0.0000000000
79359  -33.282  -1.152  50.287 0.0000000000
79387  -33.518  -0.689  46.953 0.0000000000
79403  -33.237  0.256  46.807 0.0000000000
80470  -33.141  0.053  52.006 0.0000000000
80471  -33.357  0.449  51.818 0.0000000000
80492  -33.381  1.522  50.417 0.0000000000
81705  -33.053  1.114  46.348 0.0000000000
82805  -31.825  3.153  41.023 0.0000000000
82819  -31.464  2.425  39.394 0.0000000000
82825  -29.204  2.244  37.056 0.0000000000
82844  -29.048  2.240  36.365 0.0000000000
82845  -29.296  2.219  36.531 0.0000000000
82846  -29.991  2.177  36.318 0.0000000000
82847  -30.414  2.266  35.324 0.0000000000
82860  -29.087  2.151  35.809 0.0000000000
82861  -29.449  2.207  36.059 0.0000000000
83724  -32.248  3.003  41.624 0.0000000000
83736  -31.953  2.803  40.891 0.0000000000
83743  -30.872  2.739  39.213 0.0000000000
83747  -29.073  2.382  37.528 0.0000000000
83758  -28.840  2.336  37.028 0.0000000000
83759  -30.477  2.053  36.150 0.0000000000
83761  -28.330  2.121  34.858 0.0000000000
83762  -27.212  2.361  34.683 0.0000000000
84652  -27.241  4.873  34.912 0.0000000000
84671  -26.700  3.216  34.692 0.0000000000
84672  -27.391  2.795  33.438 0.0000000000
84684  -28.450  2.464  33.574 0.0000000000
85496  -31.139  6.488  39.769 0.0000000000
85508  -43.618  5.994  39.093 0.0000000000
85523  -41.672  5.524  38.115 0.0000000000
85619  -51.322  5.670  31.027 0.0000000000
85634  -51.721  5.450  30.444 0.0000000000
85635  -52.433  5.664  30.554 0.0000000000
85650  -52.687  5.852  29.949 0.0000000000
86289  -34.732  7.142  44.166 0.0000000000
86298  -34.598  6.982  43.383 0.0000000000
86312  -35.167  6.907  42.537 0.0000000000
86316  -43.965  7.215  41.927 0.0000000000
86328  -35.487  6.606  41.601 0.0000000000
86329  -36.432  6.638  41.523 0.0000000000
86334  -43.279  7.013  41.509 0.0000000000
86350  -36.722  6.559  40.747 0.0000000000
86354  -40.454  7.165  40.195 0.0000000000
86355  -41.491  7.016  40.558 0.0000000000
86369  -36.971  6.519  40.005 0.0000000000
86376  -43.751  6.283  39.644 0.0000000000
86380  -46.274  7.574  38.772 0.0000000000
86395  -44.569  6.352  37.641 0.0000000000
86410  -46.827  6.744  33.256 0.0000000000
86428  -53.435  6.787  32.484 0.0000000000
86439  -51.097  5.953  31.441 0.0000000000
86452  -54.031  7.262  30.345 0.0000000000
86454  -53.110  6.283  28.840 0.0000000000
87078  -37.093  8.161  46.466 0.0000000000
87092  -35.069  7.430  45.271 0.0000000000
87105  -35.283  7.255  44.403 0.0000000000
87106  -36.023  7.516  44.627 0.0000000000
87110  -39.133  9.184  43.562 0.0000000000
87112  -42.560  9.174  42.949 0.0000000000
87113  -43.502  8.671  43.141 0.0000000000
87118  -47.021  9.421  42.935 0.0000000000
87142  -44.497  8.339  42.915 0.0000000000
87144  -46.357  8.645  42.695 0.0000000000
87171  -43.093  7.526  42.251 0.0000000000
87176  -47.295  9.208  41.431 0.0000000000
87177  -47.692  9.760  41.640 0.0000000000
87195  -44.461  7.557  41.946 0.0000000000
87205  -38.701  7.489  41.279 0.0000000000
87223  -47.354  8.994  37.606 0.0000000000
87231  -46.797  7.415  36.008 0.0000000000
87232  -47.296  7.978  35.741 0.0000000000
87236  -47.549  7.891  35.058 0.0000000000
87240  -47.265  7.339  34.579 0.0000000000
87256  -52.909  7.278  33.447 0.0000000000
87257  -53.722  7.521  33.398 0.0000000000
87282  -54.084  7.413  31.146 0.0000000000
87283  -54.499  7.597  30.728 0.0000000000
87863  -37.931  9.591  48.555 0.0000000000
87873  -37.005  8.500  47.265 0.0000000000
87875  -38.622  9.812  47.640 0.0000000000
87889  -37.575  8.529  46.490 0.0000000000
87892  -40.079  10.222  46.043 0.0000000000
87906  -38.190  8.851  45.703 0.0000000000
87931  -37.433  8.288  45.373 0.0000000000
87933  -38.444  9.120  44.739 0.0000000000
87939  -44.832  9.194  43.430 0.0000000000
87941  -46.218  9.510  43.627 0.0000000000
87955  -39.395  9.262  43.482 0.0000000000
87988  -48.746  9.875  39.309 0.0000000000
88000  -47.553  9.080  36.511 0.0000000000
88002  -48.841  9.782  36.687 0.0000000000
88011  -47.522  8.638  35.937 0.0000000000
88015  -51.076  9.028  36.218 0.0000000000
88016  -51.557  8.958  36.253 0.0000000000
88034  -48.034  8.417  35.382 0.0000000000
88717  -38.682  10.654  49.991 0.0000000000
88736  -39.468  10.983  48.319 0.0000000000
88745  -38.404  9.976  48.884 0.0000000000
88749  -40.463  11.562  46.633 0.0000000000
88750  -41.091  11.291  46.163 0.0000000000
88760  -39.073  10.271  47.751 0.0000000000
88776  -39.995  10.448  46.440 0.0000000000
88778  -41.727  10.679  45.523 0.0000000000
88779  -42.676  10.949  45.130 0.0000000000
88782  -45.431  10.538  44.474 0.0000000000
88802  -41.656  10.696  44.963 0.0000000000
88805  -44.647  10.487  44.016 0.0000000000
88807  -45.959  10.176  44.386 0.0000000000
88824  -42.694  10.209  43.702 0.0000000000
88825  -43.178  10.285  43.687 0.0000000000
88854  -49.376  10.214  39.465 0.0000000000
88877  -49.001  10.227  38.257 0.0000000000
88896  -48.360  9.956  37.538 0.0000000000
88897  -48.981  10.039  37.219 0.0000000000
88899  -50.935  9.807  37.515 0.0000000000
88922  -49.202  9.810  36.627 0.0000000000
89037  -52.713  9.795  26.010 0.0000000000
89785  -38.934  10.991  49.697 0.0000000000
89786  -39.096  11.305  49.171 0.0000000000
89829  -44.402  11.349  44.896 0.0000000000
89842  -44.083  11.288  44.609 0.0000000000
90043  -53.536  10.627  26.332 0.0000000000
90044  -54.353  10.836  26.895 0.0000000000
91155  -50.632  11.321  24.274 0.0000000000
139834  -10.476  -9.063  63.187 0.0000000000
139981  -10.664  -6.234  47.014 0.0000000000
139983  -10.795  -6.291  47.876 0.0000000000
139984  -10.848  -6.122  48.018 0.0000000000
139985  -10.616  -6.174  46.752 0.0000000000
139986  -11.063  -5.706  48.411 0.0000000000
139989  -10.915  -6.293  48.183 0.0000000000
140663  -28.730  2.083  33.983 0.0000000000
140678  -27.995  2.007  33.824 0.0000000000
140692  -28.404  3.130  33.381 0.0000000000
140693  -27.699  2.463  35.822 0.0000000000
140711  -27.576  2.284  35.248 0.0000000000
140713  -29.801  2.251  35.123 0.0000000000
140714  -27.755  3.597  33.264 0.0000000000
140729  -29.632  2.168  35.449 0.0000000000
140741  -30.063  4.427  34.289 0.0000000000
140751  -29.798  2.177  35.791 0.0000000000
141356  -31.331  -7.163  57.797 0.0000000000
141357  -31.089  -7.102  57.348 0.0000000000
141359  -31.611  -7.064  58.164 0.0000000000
141360  -31.362  -7.205  58.210 0.0000000000
141362  -31.263  -6.720  57.192 0.0000000000
141365  -31.115  -7.119  58.508 0.0000000000
141371  -30.679  -6.845  59.170 0.0000000000
141604  -32.554  -5.613  53.671 0.0000000000
141605  -32.144  -3.812  53.016 0.0000000000
141613  -32.042  -4.002  53.324 0.0000000000
