#!ascii label  , from subject la02 vox2ras=TkReg
1419
75488  -39.258  -4.641  37.131 0.0000000000
79714  -44.272  -0.343  25.369 0.0000000000
79670  -42.790  -0.294  31.751 0.0000000000
59147  -10.619  -19.319  62.788 0.0000000000
75457  -35.574  -4.250  39.774 0.0000000000
62748  -29.706  -16.257  60.816 0.0000000000
69826  -35.332  -9.456  56.977 0.0000000000
72179  -38.390  -7.706  47.378 0.0000000000
76365  -38.528  -3.088  45.943 0.0000000000
61589  -18.199  -16.437  57.609 0.0000000000
62708  -24.427  -15.350  62.375 0.0000000000
61616  -23.078  -16.259  56.676 0.0000000000
67482  -31.256  -12.507  52.726 0.0000000000
68688  -34.677  -10.208  50.940 0.0000000000
80653  -40.683  0.047  42.374 0.0000000000
78409  -45.324  -1.239  40.746 0.0000000000
80841  -44.274  0.407  28.582 0.0000000000
77541  -42.180  -2.979  34.378 0.0000000000
81969  -45.817  2.584  24.499 0.0000000000
55427  -7.641  -22.242  65.020 0.0000000000
80615  -39.482  -0.206  43.651 0.0000000000
77475  -36.243  -2.136  38.074 0.0000000000
62836  -28.320  -15.950  54.599 0.0000000000
67349  -32.516  -12.222  59.431 0.0000000000
80704  -45.632  1.180  37.294 0.0000000000
84710  -55.783  4.648  28.686 0.0000000000
69948  -36.919  -10.075  46.205 0.0000000000
72201  -36.961  -8.305  44.577 0.0000000000
61614  -20.979  -16.484  56.630 0.0000000000
67564  -31.481  -11.751  48.419 0.0000000000
67579  -34.203  -10.967  47.696 0.0000000000
69918  -36.808  -9.828  49.093 0.0000000000
77458  -40.020  -2.511  39.172 0.0000000000
79488  -43.806  -1.007  41.815 0.0000000000
77481  -42.303  -3.521  38.603 0.0000000000
80873  -44.291  0.002  26.781 0.0000000000
80842  -45.377  0.491  28.669 0.0000000000
79750  -43.388  -0.718  23.828 0.0000000000
55472  -9.938  -22.042  60.075 0.0000000000
56569  -9.358  -20.958  64.264 0.0000000000
75416  -37.466  -4.201  42.685 0.0000000000
78367  -38.725  -1.536  45.157 0.0000000000
78390  -37.004  -2.076  41.916 0.0000000000
79504  -37.817  -1.104  41.179 0.0000000000
77456  -35.289  -2.474  39.591 0.0000000000
62728  -26.317  -15.512  61.864 0.0000000000
63852  -26.557  -15.905  63.620 0.0000000000
62688  -29.453  -16.379  62.347 0.0000000000
62715  -32.240  -15.870  61.747 0.0000000000
62875  -25.286  -16.216  52.232 0.0000000000
62891  -26.891  -15.928  51.212 0.0000000000
68637  -32.770  -11.227  54.624 0.0000000000
67415  -31.576  -12.561  55.504 0.0000000000
68569  -33.950  -10.444  58.196 0.0000000000
69770  -34.218  -10.089  60.963 0.0000000000
60407  -13.824  -17.416  60.283 0.0000000000
61495  -15.559  -16.370  62.714 0.0000000000
63826  -15.655  -14.931  65.623 0.0000000000
78547  -42.945  -1.363  33.106 0.0000000000
78496  -44.045  -1.109  35.963 0.0000000000
79615  -44.209  -0.149  34.355 0.0000000000
140331  -59.132  6.369  30.455 0.0000000000
60333  -9.028  -17.702  66.408 0.0000000000
141508  -40.126  -4.863  49.756 0.0000000000
141521  -39.429  -3.427  49.166 0.0000000000
73264  -38.715  -5.718  46.144 0.0000000000
73298  -38.317  -5.922  43.781 0.0000000000
61533  -18.040  -16.636  60.405 0.0000000000
62705  -21.330  -16.206  62.811 0.0000000000
61554  -20.767  -16.777  59.433 0.0000000000
61557  -23.358  -16.159  59.429 0.0000000000
62773  -26.604  -16.045  58.680 0.0000000000
63994  -28.589  -14.540  50.200 0.0000000000
66317  -29.563  -12.710  49.632 0.0000000000
67511  -32.442  -11.475  51.468 0.0000000000
69856  -35.213  -10.028  53.860 0.0000000000
71072  -37.330  -8.762  52.266 0.0000000000
72157  -39.534  -7.917  50.693 0.0000000000
61587  -16.351  -16.721  57.505 0.0000000000
83676  -42.215  2.818  44.594 0.0000000000
84603  -45.546  4.100  46.087 0.0000000000
81749  -44.951  1.443  43.927 0.0000000000
80622  -47.350  -0.038  43.730 0.0000000000
80808  -43.070  0.332  30.338 0.0000000000
80777  -45.074  0.837  32.771 0.0000000000
80795  -46.059  1.071  31.481 0.0000000000
49557  -4.921  -26.111  67.718 0.0000000000
76543  -40.923  -4.433  35.399 0.0000000000
76655  -41.198  -2.628  31.587 0.0000000000
80806  -41.504  0.137  29.877 0.0000000000
80853  -40.603  0.354  27.232 0.0000000000
80871  -41.854  -0.034  26.236 0.0000000000
79728  -41.584  -0.310  24.301 0.0000000000
140338  -41.995  1.693  22.601 0.0000000000
82940  -42.853  2.405  24.304 0.0000000000
57836  -7.674  -19.956  67.264 0.0000000000
55411  -5.868  -21.732  67.609 0.0000000000
51961  -5.287  -24.022  67.625 0.0000000000
84525  -40.746  4.192  48.394 0.0000000000
78300  -39.262  -0.382  48.318 0.0000000000
82697  -40.195  1.895  47.284 0.0000000000
83631  -40.070  3.110  45.589 0.0000000000
81784  -39.903  0.534  42.988 0.0000000000
78450  -38.696  -1.485  39.772 0.0000000000
77502  -38.081  -3.155  37.844 0.0000000000
62662  -24.281  -15.690  64.519 0.0000000000
62814  -26.219  -16.050  55.507 0.0000000000
61599  -29.645  -16.777  57.537 0.0000000000
66237  -30.475  -13.811  53.454 0.0000000000
65043  -31.184  -14.057  56.266 0.0000000000
63911  -31.800  -14.536  59.753 0.0000000000
64937  -32.894  -13.018  61.634 0.0000000000
57932  -11.242  -19.924  60.615 0.0000000000
59179  -12.447  -18.502  60.013 0.0000000000
60377  -11.261  -17.973  63.314 0.0000000000
77505  -43.294  -2.358  37.359 0.0000000000
141628  -45.179  -0.332  38.719 0.0000000000
141655  -47.874  2.550  40.292 0.0000000000
81870  -46.977  1.797  34.624 0.0000000000
140274  -44.073  1.877  23.096 0.0000000000
140103  -47.997  2.175  23.988 0.0000000000
140120  -51.497  2.543  24.833 0.0000000000
83819  -53.515  3.728  26.057 0.0000000000
140158  -54.488  2.536  26.277 0.0000000000
67615  -35.715  -11.160  45.228 0.0000000000
69967  -36.378  -9.998  44.729 0.0000000000
67645  -34.692  -11.644  43.412 0.0000000000
67592  -32.849  -11.756  46.449 0.0000000000
67593  -33.966  -11.427  46.624 0.0000000000
68729  -35.796  -10.695  47.472 0.0000000000
76480  -39.829  -3.981  38.401 0.0000000000
77459  -40.892  -2.932  39.454 0.0000000000
76481  -40.778  -4.091  38.295 0.0000000000
80883  -43.910  -0.215  25.998 0.0000000000
80874  -45.374  0.103  26.913 0.0000000000
80884  -44.832  -0.156  26.111 0.0000000000
79715  -45.302  -0.335  25.438 0.0000000000
79730  -43.738  -0.545  24.626 0.0000000000
57914  -10.652  -20.352  62.125 0.0000000000
56607  -9.657  -21.530  62.579 0.0000000000
57874  -9.523  -19.644  63.952 0.0000000000
75426  -36.703  -4.337  41.666 0.0000000000
76417  -37.502  -3.266  42.393 0.0000000000
77420  -36.209  -2.892  41.147 0.0000000000
77438  -35.929  -2.417  40.742 0.0000000000
76466  -35.103  -3.403  39.535 0.0000000000
62656  -18.404  -15.550  64.542 0.0000000000
62746  -27.943  -15.705  60.683 0.0000000000
63892  -27.789  -15.502  62.012 0.0000000000
62731  -28.982  -15.878  61.495 0.0000000000
62714  -31.353  -16.436  61.780 0.0000000000
62733  -31.259  -16.219  61.402 0.0000000000
69837  -34.810  -10.183  56.219 0.0000000000
68599  -33.171  -11.156  56.630 0.0000000000
69825  -34.491  -10.204  57.525 0.0000000000
69794  -35.097  -9.461  59.271 0.0000000000
61514  -17.366  -16.603  61.373 0.0000000000
62701  -17.356  -16.084  63.036 0.0000000000
62654  -16.594  -15.288  64.441 0.0000000000
85461  -43.143  5.330  48.528 0.0000000000
79634  -42.843  -0.804  32.644 0.0000000000
79614  -43.873  -0.545  34.298 0.0000000000
79635  -43.424  -0.418  33.378 0.0000000000
72180  -38.904  -6.843  48.401 0.0000000000
73257  -39.208  -5.782  47.895 0.0000000000
73256  -38.328  -6.663  46.546 0.0000000000
72216  -37.497  -7.279  43.591 0.0000000000
72236  -37.539  -7.006  42.657 0.0000000000
73342  -37.266  -6.354  41.840 0.0000000000
61570  -18.472  -16.597  58.527 0.0000000000
61535  -20.073  -16.677  60.347 0.0000000000
61571  -19.483  -16.650  58.522 0.0000000000
61615  -22.051  -16.509  56.635 0.0000000000
61574  -22.445  -16.379  58.559 0.0000000000
61594  -23.393  -16.092  57.647 0.0000000000
62771  -24.695  -15.853  58.582 0.0000000000
62796  -24.399  -15.905  57.024 0.0000000000
65150  -28.764  -13.297  48.612 0.0000000000
67548  -32.941  -11.020  49.474 0.0000000000
67531  -32.650  -11.267  50.460 0.0000000000
67512  -33.226  -11.032  51.339 0.0000000000
68676  -33.824  -10.769  52.183 0.0000000000
68677  -34.578  -10.265  51.913 0.0000000000
69858  -36.468  -8.941  53.317 0.0000000000
69882  -35.798  -9.217  51.746 0.0000000000
71114  -37.986  -8.966  48.938 0.0000000000
71104  -38.054  -9.062  49.763 0.0000000000
72164  -38.985  -7.929  49.887 0.0000000000
141499  -39.744  -7.200  50.215 0.0000000000
61588  -17.247  -16.547  57.580 0.0000000000
81769  -41.279  0.682  43.218 0.0000000000
82787  -43.494  1.741  43.793 0.0000000000
81771  -43.215  1.042  43.569 0.0000000000
78408  -44.476  -1.453  40.916 0.0000000000
79468  -45.271  -0.589  42.764 0.0000000000
79490  -45.737  -0.631  42.063 0.0000000000
80641  -47.506  0.305  42.672 0.0000000000
80656  -46.803  0.310  41.793 0.0000000000
80824  -43.683  0.391  29.489 0.0000000000
80809  -44.035  0.396  30.499 0.0000000000
80825  -44.739  0.504  29.594 0.0000000000
80827  -47.014  0.636  29.666 0.0000000000
80838  -41.220  0.385  28.332 0.0000000000
80852  -39.500  0.229  27.180 0.0000000000
140343  -39.697  0.882  24.139 0.0000000000
140336  -40.420  0.238  24.101 0.0000000000
79711  -41.421  -0.306  24.703 0.0000000000
140315  -41.101  1.394  23.553 0.0000000000
55451  -8.481  -22.723  63.112 0.0000000000
54270  -7.030  -23.177  64.721 0.0000000000
61427  -8.068  -17.307  68.367 0.0000000000
59094  -8.162  -18.915  66.824 0.0000000000
59072  -7.485  -18.830  68.442 0.0000000000
56538  -6.614  -21.054  68.708 0.0000000000
55405  -6.162  -21.776  68.251 0.0000000000
54251  -5.504  -22.856  67.332 0.0000000000
53075  -6.149  -23.046  68.439 0.0000000000
50769  -6.128  -24.320  68.532 0.0000000000
75349  -38.891  -3.108  47.417 0.0000000000
77319  -39.665  -1.071  48.921 0.0000000000
76352  -39.031  -2.386  46.928 0.0000000000
79429  -38.896  -0.658  44.602 0.0000000000
80564  -39.675  0.413  46.110 0.0000000000
81722  -39.634  0.926  45.243 0.0000000000
83630  -39.712  2.591  45.957 0.0000000000
82723  -39.330  1.667  44.983 0.0000000000
82749  -39.653  2.045  44.015 0.0000000000
81767  -39.812  0.612  43.632 0.0000000000
78448  -36.664  -1.291  39.761 0.0000000000
79522  -37.652  -1.137  40.356 0.0000000000
78468  -37.243  -1.703  38.856 0.0000000000
78469  -38.304  -1.822  38.917 0.0000000000
77501  -37.201  -2.825  37.638 0.0000000000
62706  -22.356  -15.995  62.454 0.0000000000
62683  -21.892  -15.807  63.577 0.0000000000
62685  -23.998  -15.420  63.316 0.0000000000
62857  -26.792  -15.857  53.360 0.0000000000
62834  -25.987  -16.076  54.376 0.0000000000
62835  -27.149  -15.958  54.467 0.0000000000
62799  -27.738  -16.359  56.302 0.0000000000
62816  -28.553  -16.327  55.638 0.0000000000
65110  -29.626  -13.385  50.760 0.0000000000
65093  -29.384  -14.537  51.861 0.0000000000
66250  -30.471  -13.496  52.602 0.0000000000
67382  -32.452  -12.169  57.442 0.0000000000
67397  -31.443  -13.110  56.121 0.0000000000
66136  -31.946  -13.259  57.161 0.0000000000
63927  -31.592  -14.705  58.132 0.0000000000
64990  -31.813  -13.754  59.061 0.0000000000
64961  -32.254  -13.409  60.766 0.0000000000
66091  -32.455  -12.619  60.808 0.0000000000
72104  -38.080  -7.631  54.809 0.0000000000
60406  -13.005  -17.984  60.115 0.0000000000
60398  -12.765  -17.874  61.233 0.0000000000
59158  -11.817  -18.380  61.737 0.0000000000
64917  -15.379  -14.260  66.962 0.0000000000
76544  -41.773  -3.500  35.305 0.0000000000
76527  -42.150  -3.469  36.504 0.0000000000
76545  -42.273  -2.964  35.890 0.0000000000
80723  -45.016  0.689  36.784 0.0000000000
79548  -44.546  -0.446  37.799 0.0000000000
80703  -45.399  0.788  38.356 0.0000000000
141643  -46.742  1.850  39.843 0.0000000000
141644  -46.872  2.135  38.693 0.0000000000
81891  -46.507  1.450  32.844 0.0000000000
81877  -45.865  1.357  33.709 0.0000000000
81879  -47.716  1.866  33.718 0.0000000000
81985  -43.179  1.925  23.403 0.0000000000
140273  -43.037  1.691  23.107 0.0000000000
140161  -45.555  2.283  23.676 0.0000000000
140119  -49.105  2.461  24.649 0.0000000000
140136  -50.161  2.625  24.886 0.0000000000
140093  -48.385  1.915  23.631 0.0000000000
140157  -51.993  2.975  25.284 0.0000000000
84736  -55.754  5.038  26.778 0.0000000000
84749  -54.858  4.791  25.447 0.0000000000
83799  -54.639  4.114  27.871 0.0000000000
82907  -54.336  3.354  27.336 0.0000000000
140218  -55.051  3.010  28.270 0.0000000000
140266  -56.923  3.982  29.920 0.0000000000
140432  -61.028  4.829  30.411 0.0000000000
71131  -37.783  -8.900  47.083 0.0000000000
72190  -37.687  -7.529  45.897 0.0000000000
71139  -36.988  -9.260  45.581 0.0000000000
71176  -36.315  -9.221  43.627 0.0000000000
61612  -18.900  -16.404  56.692 0.0000000000
67590  -31.414  -12.036  47.114 0.0000000000
67566  -33.450  -10.959  48.546 0.0000000000
67550  -34.391  -10.622  49.141 0.0000000000
68700  -35.289  -10.108  49.932 0.0000000000
68720  -35.528  -10.462  48.267 0.0000000000
69928  -36.819  -10.013  48.132 0.0000000000
79507  -40.674  -1.015  40.960 0.0000000000
80655  -42.211  -0.288  42.054 0.0000000000
78430  -41.965  -1.809  40.435 0.0000000000
78454  -42.419  -2.579  40.003 0.0000000000
78455  -43.530  -2.419  39.552 0.0000000000
80856  -43.723  0.161  27.564 0.0000000000
80857  -44.839  0.314  27.703 0.0000000000
80843  -46.509  0.442  28.714 0.0000000000
79768  -43.473  -0.815  23.093 0.0000000000
55452  -8.989  -22.436  62.618 0.0000000000
56568  -8.750  -21.485  64.764 0.0000000000
75379  -38.111  -3.721  44.387 0.0000000000
77375  -38.704  -2.496  45.217 0.0000000000
76398  -38.446  -2.966  43.907 0.0000000000
78376  -37.956  -1.890  43.151 0.0000000000
79463  -38.173  -1.211  42.749 0.0000000000
79464  -38.705  -0.696  42.778 0.0000000000
79481  -37.290  -1.396  41.681 0.0000000000
78425  -35.862  -1.743  40.075 0.0000000000
78447  -35.658  -1.772  39.295 0.0000000000
62727  -25.170  -15.372  61.517 0.0000000000
63873  -25.747  -15.418  63.099 0.0000000000
63875  -26.828  -15.691  62.811 0.0000000000
63863  -27.721  -15.911  62.865 0.0000000000
62691  -32.794  -15.810  62.112 0.0000000000
62876  -26.327  -15.959  52.271 0.0000000000
62877  -27.498  -15.772  52.286 0.0000000000
67456  -31.752  -12.191  53.660 0.0000000000
67432  -31.624  -12.351  54.643 0.0000000000
68615  -32.710  -11.551  55.621 0.0000000000
68598  -32.641  -11.817  56.741 0.0000000000
68567  -32.861  -11.598  58.632 0.0000000000
68541  -33.071  -11.239  60.215 0.0000000000
69806  -33.773  -10.142  59.485 0.0000000000
61566  -14.868  -17.267  58.284 0.0000000000
61530  -14.740  -16.830  60.348 0.0000000000
61487  -14.632  -16.281  63.361 0.0000000000
62675  -14.445  -15.979  64.011 0.0000000000
62653  -15.673  -15.388  64.655 0.0000000000
77563  -42.804  -2.544  33.943 0.0000000000
77542  -42.822  -2.580  35.204 0.0000000000
77564  -43.471  -2.041  34.258 0.0000000000
79592  -44.377  -0.346  35.195 0.0000000000
80740  -44.876  0.397  35.499 0.0000000000
82945  -47.562  3.033  25.316 0.0000000000
81971  -47.597  2.428  25.017 0.0000000000
82930  -48.911  3.315  25.067 0.0000000000
85698  -57.405  5.724  26.655 0.0000000000
140289  -57.435  5.236  29.773 0.0000000000
85687  -59.343  6.070  27.617 0.0000000000
86471  -60.731  6.527  28.353 0.0000000000
60365  -10.362  -18.311  64.915 0.0000000000
59112  -10.002  -18.517  65.086 0.0000000000
141564  -40.658  -3.238  51.659 0.0000000000
74353  -38.983  -4.411  46.981 0.0000000000
73263  -37.970  -6.602  45.412 0.0000000000
73279  -38.376  -5.784  44.866 0.0000000000
74398  -38.090  -4.901  44.238 0.0000000000
74397  -37.765  -4.773  43.344 0.0000000000
74445  -37.050  -5.475  41.930 0.0000000000
61515  -18.399  -16.678  61.316 0.0000000000
62703  -19.333  -16.430  63.057 0.0000000000
61516  -19.422  -16.622  61.282 0.0000000000
61517  -20.427  -16.667  61.244 0.0000000000
61519  -22.344  -16.324  61.256 0.0000000000
61572  -20.501  -16.679  58.517 0.0000000000
61555  -21.737  -16.704  59.440 0.0000000000
61521  -23.745  -15.960  60.628 0.0000000000
62743  -24.998  -15.639  60.442 0.0000000000
62759  -26.729  -15.879  59.750 0.0000000000
62774  -27.438  -16.193  59.001 0.0000000000
65130  -28.934  -13.723  49.550 0.0000000000
67508  -30.282  -12.530  51.131 0.0000000000
67563  -30.652  -11.916  48.906 0.0000000000
67529  -30.934  -11.938  50.630 0.0000000000
67483  -31.673  -11.997  52.610 0.0000000000
67458  -32.820  -11.246  53.123 0.0000000000
68639  -34.458  -10.759  54.160 0.0000000000
69838  -35.500  -9.426  55.797 0.0000000000
70999  -36.026  -8.728  56.472 0.0000000000
71028  -36.358  -8.861  54.336 0.0000000000
71046  -36.879  -8.412  53.712 0.0000000000
71061  -38.622  -7.916  53.586 0.0000000000
71093  -37.087  -9.196  50.864 0.0000000000
71084  -38.039  -8.835  51.739 0.0000000000
71086  -39.577  -8.090  52.490 0.0000000000
141490  -40.176  -7.163  51.222 0.0000000000
61567  -15.658  -16.945  58.378 0.0000000000
84600  -42.524  3.994  45.820 0.0000000000
83654  -44.371  3.481  45.485 0.0000000000
83680  -45.812  3.129  45.127 0.0000000000
82757  -46.518  2.152  44.818 0.0000000000
79448  -43.656  -0.232  43.188 0.0000000000
80601  -45.844  0.740  44.350 0.0000000000
80792  -43.219  0.128  31.378 0.0000000000
80775  -43.652  0.223  32.362 0.0000000000
80793  -44.287  0.526  31.524 0.0000000000
80794  -45.355  0.944  31.746 0.0000000000
81907  -46.205  1.201  31.999 0.0000000000
80826  -45.863  0.584  29.685 0.0000000000
81920  -46.885  1.127  31.343 0.0000000000
75531  -38.307  -5.172  34.785 0.0000000000
75505  -39.677  -4.868  36.406 0.0000000000
75532  -39.398  -4.904  34.617 0.0000000000
75533  -40.346  -4.626  34.449 0.0000000000
76560  -41.482  -3.455  33.965 0.0000000000
76588  -41.359  -3.346  32.820 0.0000000000
77613  -41.619  -2.263  31.845 0.0000000000
78571  -41.926  -1.747  31.980 0.0000000000
79668  -41.632  -0.498  31.038 0.0000000000
80807  -42.125  0.155  30.321 0.0000000000
80822  -41.772  0.332  29.305 0.0000000000
80823  -42.689  0.359  29.400 0.0000000000
80840  -43.213  0.261  28.489 0.0000000000
80869  -40.024  -0.051  26.085 0.0000000000
80870  -40.994  0.072  26.352 0.0000000000
80855  -42.616  0.152  27.410 0.0000000000
80872  -43.037  -0.226  26.380 0.0000000000
79702  -42.577  -0.335  25.638 0.0000000000
79729  -42.609  -0.522  24.404 0.0000000000
140293  -42.146  1.976  23.115 0.0000000000
81967  -44.037  2.244  24.086 0.0000000000
82943  -45.684  2.947  25.044 0.0000000000
57850  -8.718  -19.651  65.574 0.0000000000
57872  -8.687  -20.518  65.580 0.0000000000
56554  -7.840  -21.276  66.062 0.0000000000
57825  -7.187  -20.108  68.299 0.0000000000
56545  -6.937  -21.132  67.138 0.0000000000
56553  -6.963  -21.733  66.383 0.0000000000
55421  -5.894  -22.487  66.231 0.0000000000
53088  -5.214  -23.763  66.308 0.0000000000
51969  -4.567  -24.541  66.982 0.0000000000
50778  -5.008  -24.989  67.915 0.0000000000
84547  -41.710  4.473  47.548 0.0000000000
81619  -40.335  1.385  50.183 0.0000000000
78353  -38.901  -1.144  46.281 0.0000000000
80546  -39.825  0.453  47.414 0.0000000000
83584  -39.992  3.282  48.715 0.0000000000
84546  -40.652  4.135  47.062 0.0000000000
84574  -41.590  4.159  46.444 0.0000000000
83650  -40.642  3.169  45.076 0.0000000000
82751  -41.032  2.200  43.836 0.0000000000
81797  -40.271  0.456  42.486 0.0000000000
79483  -38.739  -0.608  41.924 0.0000000000
79484  -39.473  -0.511  41.627 0.0000000000
79506  -39.745  -0.983  40.955 0.0000000000
78451  -39.661  -1.760  39.567 0.0000000000
77478  -39.099  -2.837  38.470 0.0000000000
76502  -38.191  -3.915  37.680 0.0000000000
75456  -35.041  -4.178  39.146 0.0000000000
77455  -34.728  -2.908  39.301 0.0000000000
78465  -34.841  -2.213  38.080 0.0000000000
78482  -34.942  -2.272  37.711 0.0000000000
77522  -35.631  -2.724  36.672 0.0000000000
76523  -36.231  -3.513  36.465 0.0000000000
75502  -37.034  -4.233  36.719 0.0000000000
74526  -37.732  -5.212  35.454 0.0000000000
63850  -25.415  -15.584  64.135 0.0000000000
62811  -23.462  -15.965  54.965 0.0000000000
62832  -24.080  -16.014  54.189 0.0000000000
61644  -24.377  -15.862  55.791 0.0000000000
62798  -26.544  -16.177  56.718 0.0000000000
61597  -27.776  -16.581  57.619 0.0000000000
61558  -29.200  -16.609  59.180 0.0000000000
62913  -28.123  -15.100  50.474 0.0000000000
63969  -28.710  -15.306  52.239 0.0000000000
63959  -29.687  -15.337  53.834 0.0000000000
66216  -30.693  -13.431  54.506 0.0000000000
65060  -30.615  -14.283  54.837 0.0000000000
63950  -30.509  -15.394  55.002 0.0000000000
62802  -30.996  -15.958  56.556 0.0000000000
61580  -30.880  -16.368  58.420 0.0000000000
61541  -31.322  -16.304  60.073 0.0000000000
62734  -32.113  -15.380  61.382 0.0000000000
63879  -32.765  -14.066  61.702 0.0000000000
56646  -10.475  -21.284  59.947 0.0000000000
59156  -10.951  -19.585  62.138 0.0000000000
59202  -12.494  -19.055  58.157 0.0000000000
59189  -12.018  -19.395  58.859 0.0000000000
59177  -11.429  -19.681  60.280 0.0000000000
59157  -11.325  -18.862  62.028 0.0000000000
59148  -10.892  -18.585  63.123 0.0000000000
60366  -11.032  -17.782  64.578 0.0000000000
63824  -14.174  -15.207  66.022 0.0000000000
76505  -41.247  -4.318  37.585 0.0000000000
77482  -43.004  -2.703  38.434 0.0000000000
78471  -43.956  -2.028  38.337 0.0000000000
77525  -43.435  -1.982  36.219 0.0000000000
78486  -44.508  -1.408  38.136 0.0000000000
141626  -45.946  -0.754  39.844 0.0000000000
141634  -46.586  0.860  40.730 0.0000000000
80763  -44.303  0.311  33.518 0.0000000000
80755  -45.356  0.929  34.589 0.0000000000
81850  -46.595  1.706  36.293 0.0000000000
140341  -42.200  -0.304  23.383 0.0000000000
140364  -42.082  1.322  21.910 0.0000000000
140312  -42.654  0.429  22.170 0.0000000000
140141  -47.135  2.316  24.227 0.0000000000
140309  -43.793  1.466  22.256 0.0000000000
140308  -44.018  1.261  21.876 0.0000000000
140087  -46.791  1.562  22.961 0.0000000000
140097  -49.547  1.844  23.347 0.0000000000
82918  -52.515  3.298  25.843 0.0000000000
140177  -53.720  3.106  26.503 0.0000000000
140138  -52.919  2.520  25.707 0.0000000000
140248  -58.117  3.783  29.768 0.0000000000
67631  -35.521  -11.375  44.984 0.0000000000
67630  -35.072  -11.568  44.468 0.0000000000
67612  -33.035  -11.940  45.737 0.0000000000
67613  -33.789  -11.813  45.431 0.0000000000
67614  -35.049  -11.359  45.714 0.0000000000
76503  -39.072  -4.084  37.882 0.0000000000
80885  -45.860  -0.165  26.191 0.0000000000
57913  -10.022  -20.692  62.764 0.0000000000
57896  -10.036  -19.874  63.220 0.0000000000
75439  -36.005  -4.342  40.730 0.0000000000
75425  -36.333  -3.855  41.131 0.0000000000
76431  -36.066  -3.362  40.894 0.0000000000
76448  -35.690  -3.351  40.180 0.0000000000
62680  -18.865  -15.892  63.812 0.0000000000
62747  -28.808  -15.944  60.733 0.0000000000
62732  -29.923  -16.233  61.505 0.0000000000
70984  -35.921  -8.740  57.580 0.0000000000
62679  -17.883  -15.826  63.777 0.0000000000
79652  -42.589  -0.674  32.017 0.0000000000
79653  -43.090  -0.307  32.264 0.0000000000
71191  -36.550  -8.462  42.155 0.0000000000
72235  -37.105  -7.834  42.848 0.0000000000
62785  -24.321  -15.862  57.686 0.0000000000
61617  -24.094  -15.903  56.607 0.0000000000
68698  -34.103  -10.426  50.304 0.0000000000
67532  -33.410  -10.784  50.375 0.0000000000
68687  -33.913  -10.492  51.184 0.0000000000
69881  -35.191  -9.819  51.479 0.0000000000
69893  -35.174  -9.953  50.923 0.0000000000
72170  -38.506  -8.200  48.187 0.0000000000
71123  -38.414  -8.456  48.654 0.0000000000
72171  -38.844  -7.642  48.916 0.0000000000
80637  -41.207  0.073  42.948 0.0000000000
81770  -42.225  0.796  43.568 0.0000000000
80618  -41.856  0.129  43.283 0.0000000000
79489  -45.009  -1.090  41.806 0.0000000000
79510  -45.882  -0.742  41.165 0.0000000000
79491  -46.311  -0.285  41.789 0.0000000000
82939  -41.760  2.388  23.926 0.0000000000
55439  -8.233  -22.557  63.987 0.0000000000
54271  -7.641  -22.846  64.425 0.0000000000
54280  -7.518  -23.383  63.853 0.0000000000
60303  -7.749  -18.201  68.556 0.0000000000
54238  -6.410  -22.406  68.601 0.0000000000
53076  -6.670  -23.088  68.819 0.0000000000
141532  -39.329  -2.300  47.764 0.0000000000
79430  -39.093  -0.456  44.110 0.0000000000
80578  -39.348  0.053  45.218 0.0000000000
80598  -39.471  -0.016  44.472 0.0000000000
81747  -39.652  0.792  44.374 0.0000000000
82748  -39.616  1.451  44.228 0.0000000000
78467  -36.209  -1.778  38.669 0.0000000000
78449  -37.764  -1.370  39.618 0.0000000000
77476  -36.804  -2.202  38.145 0.0000000000
62707  -23.432  -15.644  62.426 0.0000000000
66269  -30.307  -12.942  51.674 0.0000000000
65094  -29.837  -13.755  51.724 0.0000000000
66251  -30.889  -12.956  52.728 0.0000000000
67364  -32.496  -12.337  58.406 0.0000000000
67381  -32.152  -12.730  57.163 0.0000000000
66124  -32.004  -13.230  58.127 0.0000000000
66113  -32.298  -12.977  59.183 0.0000000000
66105  -32.321  -12.744  60.081 0.0000000000
72119  -38.717  -7.666  54.180 0.0000000000
61493  -13.319  -16.841  63.180 0.0000000000
141637  -46.129  1.449  38.807 0.0000000000
81842  -46.494  1.666  37.498 0.0000000000
81878  -46.750  1.622  33.712 0.0000000000
81987  -44.633  2.320  23.870 0.0000000000
140225  -44.056  2.017  23.393 0.0000000000
81988  -45.373  2.478  23.989 0.0000000000
82933  -51.287  3.191  25.531 0.0000000000
82917  -52.140  3.348  25.556 0.0000000000
84726  -55.940  4.965  27.451 0.0000000000
84725  -55.308  4.653  27.307 0.0000000000
84718  -55.326  4.522  28.180 0.0000000000
140220  -55.005  3.819  28.571 0.0000000000
140242  -55.666  3.447  28.788 0.0000000000
140243  -55.960  4.129  29.311 0.0000000000
69949  -37.347  -9.575  46.606 0.0000000000
71140  -37.404  -8.703  46.057 0.0000000000
69959  -37.089  -9.492  45.942 0.0000000000
68776  -35.930  -10.548  43.597 0.0000000000
69978  -36.184  -9.909  44.000 0.0000000000
69989  -36.114  -9.739  43.132 0.0000000000
66366  -31.111  -12.154  46.507 0.0000000000
67578  -33.163  -11.279  47.541 0.0000000000
68718  -34.483  -10.703  48.539 0.0000000000
68719  -34.736  -10.590  48.678 0.0000000000
68728  -34.957  -10.750  47.830 0.0000000000
68740  -36.463  -10.514  46.420 0.0000000000
69937  -36.264  -10.478  47.396 0.0000000000
69938  -36.743  -10.212  47.146 0.0000000000
69939  -37.469  -9.603  47.555 0.0000000000
78452  -40.568  -2.087  39.789 0.0000000000
78429  -41.067  -1.671  40.435 0.0000000000
77460  -41.843  -3.054  39.403 0.0000000000
77461  -42.594  -2.835  39.195 0.0000000000
80858  -45.946  0.319  27.786 0.0000000000
80844  -47.613  0.347  28.662 0.0000000000
80859  -47.043  0.222  27.806 0.0000000000
79751  -44.430  -0.707  24.085 0.0000000000
79752  -45.377  -0.597  24.184 0.0000000000
56590  -9.207  -21.638  63.651 0.0000000000
55440  -8.766  -22.293  63.497 0.0000000000
75394  -37.982  -4.100  43.888 0.0000000000
76381  -38.224  -3.485  44.011 0.0000000000
76397  -38.080  -3.294  43.229 0.0000000000
77404  -37.208  -2.527  42.114 0.0000000000
77405  -37.805  -2.485  42.744 0.0000000000
79444  -38.140  -1.455  43.134 0.0000000000
78391  -37.534  -1.736  42.372 0.0000000000
78406  -37.361  -1.495  41.888 0.0000000000
78405  -36.904  -1.695  41.614 0.0000000000
78426  -36.450  -1.508  40.814 0.0000000000
62710  -26.032  -15.469  62.689 0.0000000000
62712  -28.906  -15.924  62.222 0.0000000000
63877  -28.171  -15.840  62.648 0.0000000000
62687  -28.316  -15.746  62.568 0.0000000000
62690  -31.872  -16.537  62.065 0.0000000000
67433  -32.210  -11.808  54.629 0.0000000000
68584  -33.637  -10.743  57.576 0.0000000000
68583  -33.052  -11.285  57.708 0.0000000000
68582  -32.731  -11.780  57.750 0.0000000000
68568  -33.407  -10.681  58.734 0.0000000000
68557  -33.417  -10.625  59.777 0.0000000000
69772  -35.111  -9.729  60.142 0.0000000000
61548  -14.922  -16.969  59.222 0.0000000000
62676  -15.281  -15.946  63.813 0.0000000000
62699  -15.847  -16.128  63.440 0.0000000000
63845  -17.958  -15.209  65.184 0.0000000000
63844  -17.089  -14.879  65.047 0.0000000000
77587  -42.637  -2.236  32.931 0.0000000000
77588  -43.194  -1.990  33.526 0.0000000000
79591  -44.178  -0.519  34.698 0.0000000000
82929  -48.050  3.425  25.044 0.0000000000
85711  -57.234  5.872  25.539 0.0000000000
85712  -58.169  5.825  25.824 0.0000000000
85699  -58.386  5.788  26.817 0.0000000000
85713  -59.084  5.768  25.947 0.0000000000
60349  -10.085  -17.884  65.702 0.0000000000
62586  -8.904  -16.123  68.786 0.0000000000
71151  -37.192  -8.198  45.240 0.0000000000
72202  -37.397  -7.489  44.695 0.0000000000
73278  -37.941  -6.626  44.264 0.0000000000
74423  -37.887  -5.479  43.277 0.0000000000
61534  -19.062  -16.626  60.368 0.0000000000
61553  -19.766  -16.674  59.441 0.0000000000
61536  -21.056  -16.768  60.342 0.0000000000
61518  -21.387  -16.606  61.211 0.0000000000
61591  -20.227  -16.532  57.593 0.0000000000
61556  -22.605  -16.443  59.447 0.0000000000
61538  -22.868  -16.376  60.256 0.0000000000
61539  -23.588  -16.125  60.143 0.0000000000
62742  -24.208  -15.878  60.229 0.0000000000
62756  -24.079  -15.916  59.419 0.0000000000
62772  -25.623  -15.845  58.615 0.0000000000
62758  -25.801  -15.678  59.575 0.0000000000
65149  -28.337  -13.720  48.658 0.0000000000
66293  -29.846  -12.750  50.677 0.0000000000
67528  -30.221  -12.293  50.583 0.0000000000
66337  -30.622  -11.962  48.179 0.0000000000
67530  -31.812  -11.695  50.559 0.0000000000
67510  -31.620  -11.805  51.577 0.0000000000
67484  -32.336  -11.609  52.463 0.0000000000
68663  -34.489  -10.410  53.011 0.0000000000
69846  -35.027  -10.138  55.027 0.0000000000
69847  -35.748  -9.458  54.687 0.0000000000
69870  -36.780  -8.763  52.822 0.0000000000
71060  -37.974  -8.039  53.559 0.0000000000
71059  -37.395  -8.516  53.001 0.0000000000
69906  -36.003  -9.863  49.600 0.0000000000
69895  -36.492  -9.109  51.108 0.0000000000
69907  -36.887  -9.538  50.209 0.0000000000
71105  -38.681  -8.583  50.232 0.0000000000
71094  -37.796  -9.036  50.676 0.0000000000
71095  -38.912  -8.611  51.211 0.0000000000
71085  -38.891  -8.594  52.193 0.0000000000
71096  -39.473  -8.313  51.814 0.0000000000
72150  -40.082  -7.672  51.946 0.0000000000
72158  -39.861  -7.732  51.260 0.0000000000
73252  -39.663  -6.358  49.341 0.0000000000
141500  -40.533  -5.558  51.313 0.0000000000
61586  -15.508  -17.012  57.362 0.0000000000
83652  -42.410  3.439  45.126 0.0000000000
83653  -43.387  3.460  45.325 0.0000000000
83677  -43.215  2.850  44.665 0.0000000000
82788  -43.930  1.775  43.830 0.0000000000
82754  -44.075  2.119  44.033 0.0000000000
82755  -45.112  2.352  44.381 0.0000000000
82756  -46.017  2.471  44.829 0.0000000000
81750  -45.979  1.646  44.465 0.0000000000
79487  -42.485  -0.816  41.690 0.0000000000
79466  -43.112  -0.431  42.581 0.0000000000
79451  -46.496  -0.181  43.642 0.0000000000
79450  -45.688  -0.251  43.495 0.0000000000
80602  -46.702  0.170  44.498 0.0000000000
80581  -47.001  0.729  45.093 0.0000000000
80603  -47.766  0.357  44.667 0.0000000000
80604  -48.578  0.592  44.438 0.0000000000
81774  -48.649  1.044  43.317 0.0000000000
80810  -45.106  0.660  30.641 0.0000000000
80811  -46.282  0.905  30.808 0.0000000000
50789  -4.502  -25.463  67.280 0.0000000000
49556  -4.197  -26.223  66.947 0.0000000000
76587  -40.366  -3.859  33.341 0.0000000000
76620  -40.531  -3.446  32.026 0.0000000000
76621  -41.348  -3.037  31.910 0.0000000000
77586  -41.944  -2.726  32.488 0.0000000000
78589  -41.538  -1.201  31.511 0.0000000000
78590  -42.149  -0.867  31.829 0.0000000000
78597  -41.307  -0.648  31.007 0.0000000000
79679  -41.831  -0.221  30.779 0.0000000000
80839  -42.204  0.363  28.387 0.0000000000
80854  -41.604  0.343  27.316 0.0000000000
140369  -40.869  -0.055  24.929 0.0000000000
79712  -41.969  -0.378  25.048 0.0000000000
79713  -43.141  -0.407  25.355 0.0000000000
82958  -42.470  2.336  23.766 0.0000000000
81966  -43.085  2.195  23.852 0.0000000000
53102  -6.417  -24.034  64.363 0.0000000000
60348  -9.464  -18.136  65.872 0.0000000000
59111  -9.251  -18.719  65.380 0.0000000000
59095  -8.700  -18.534  66.286 0.0000000000
57849  -8.230  -19.995  66.334 0.0000000000
56546  -7.704  -20.606  66.759 0.0000000000
59071  -7.387  -19.180  68.772 0.0000000000
56541  -6.461  -20.975  67.967 0.0000000000
56544  -6.212  -21.460  67.384 0.0000000000
55417  -6.478  -21.773  66.590 0.0000000000
55422  -6.384  -22.250  66.011 0.0000000000
55416  -5.790  -22.001  66.788 0.0000000000
53080  -5.493  -23.303  67.566 0.0000000000
54257  -5.460  -22.914  66.886 0.0000000000
53084  -5.215  -23.562  67.154 0.0000000000
50770  -6.501  -24.574  68.512 0.0000000000
84526  -41.906  4.778  48.719 0.0000000000
141572  -40.169  -0.481  51.186 0.0000000000
78319  -39.435  -0.819  48.493 0.0000000000
141518  -39.878  -0.552  49.671 0.0000000000
79346  -39.997  0.300  49.872 0.0000000000
80493  -40.183  0.894  50.015 0.0000000000
80510  -39.982  0.772  49.233 0.0000000000
81708  -40.235  1.154  46.734 0.0000000000
80565  -39.960  0.522  46.765 0.0000000000
81689  -40.293  1.164  47.737 0.0000000000
82677  -40.095  2.110  48.326 0.0000000000
83608  -40.045  2.705  47.292 0.0000000000
84545  -40.229  3.296  46.681 0.0000000000
84572  -40.082  3.189  46.069 0.0000000000
84573  -40.650  3.652  45.972 0.0000000000
84598  -41.084  3.480  45.442 0.0000000000
82782  -39.848  1.238  43.600 0.0000000000
82750  -40.268  2.122  43.802 0.0000000000
82796  -39.945  1.125  43.122 0.0000000000
82798  -40.545  1.147  42.993 0.0000000000
81796  -39.977  0.347  42.547 0.0000000000
79482  -37.788  -1.155  41.991 0.0000000000
79523  -38.155  -1.224  40.139 0.0000000000
79505  -38.665  -1.100  40.816 0.0000000000
78427  -39.372  -1.324  40.282 0.0000000000
77477  -37.807  -2.368  38.264 0.0000000000
78470  -39.096  -1.884  39.031 0.0000000000
77503  -38.614  -3.496  37.991 0.0000000000
76465  -34.529  -3.416  39.060 0.0000000000
76479  -33.982  -3.404  38.565 0.0000000000
77498  -34.428  -2.447  37.613 0.0000000000
76522  -35.145  -3.197  36.063 0.0000000000
77523  -36.098  -2.805  36.706 0.0000000000
75517  -37.356  -4.945  36.031 0.0000000000
62704  -20.339  -16.354  62.968 0.0000000000
62682  -20.865  -15.898  63.702 0.0000000000
62661  -23.730  -15.649  64.260 0.0000000000
63861  -26.397  -15.745  63.352 0.0000000000
63859  -25.193  -15.363  63.483 0.0000000000
63851  -26.031  -15.687  64.024 0.0000000000
62833  -24.963  -15.867  54.232 0.0000000000
62813  -25.101  -15.865  55.379 0.0000000000
62797  -25.099  -16.013  56.580 0.0000000000
61621  -28.316  -16.552  56.702 0.0000000000
61620  -27.325  -16.542  57.062 0.0000000000
61598  -28.680  -16.640  57.526 0.0000000000
61577  -28.072  -16.476  58.313 0.0000000000
61578  -28.954  -16.656  58.336 0.0000000000
65081  -29.965  -14.151  52.618 0.0000000000
65080  -29.515  -14.785  52.728 0.0000000000
63958  -29.284  -15.219  53.212 0.0000000000
65070  -29.998  -14.631  53.444 0.0000000000
67431  -31.093  -12.804  54.613 0.0000000000
66161  -31.117  -13.447  55.925 0.0000000000
66190  -30.817  -13.537  55.314 0.0000000000
65054  -30.883  -13.963  55.657 0.0000000000
63949  -30.274  -15.051  54.224 0.0000000000
63942  -30.801  -14.851  55.852 0.0000000000
62818  -30.511  -15.909  55.713 0.0000000000
63934  -31.339  -14.838  56.713 0.0000000000
63919  -31.497  -14.557  58.931 0.0000000000
62789  -31.472  -15.296  58.281 0.0000000000
62763  -31.417  -15.677  58.991 0.0000000000
61560  -31.194  -16.259  59.270 0.0000000000
61542  -31.682  -15.954  59.901 0.0000000000
62750  -31.722  -15.628  60.461 0.0000000000
64949  -32.613  -13.338  61.415 0.0000000000
63878  -32.612  -13.794  61.545 0.0000000000
64950  -32.866  -13.488  61.687 0.0000000000
68542  -33.672  -10.664  60.461 0.0000000000
68532  -33.397  -11.284  60.760 0.0000000000
68533  -33.999  -10.702  61.019 0.0000000000
71014  -37.062  -8.278  56.076 0.0000000000
57931  -10.879  -20.539  60.715 0.0000000000
57915  -11.155  -19.806  61.467 0.0000000000
60416  -13.606  -17.793  59.264 0.0000000000
60426  -13.360  -17.954  58.367 0.0000000000
60415  -12.951  -18.244  59.214 0.0000000000
59190  -12.437  -18.820  59.102 0.0000000000
57951  -11.663  -19.695  59.277 0.0000000000
59178  -11.795  -19.241  59.901 0.0000000000
60387  -11.852  -17.900  62.272 0.0000000000
60386  -11.299  -18.315  62.683 0.0000000000
59133  -10.811  -18.278  63.783 0.0000000000
62632  -15.044  -15.266  65.208 0.0000000000
62631  -14.377  -15.464  65.352 0.0000000000
63825  -14.826  -15.085  65.890 0.0000000000
84578  -45.812  4.492  46.813 0.0000000000
76525  -40.536  -4.800  36.262 0.0000000000
76526  -41.355  -4.271  36.538 0.0000000000
77504  -42.537  -3.238  37.531 0.0000000000
77543  -43.759  -1.760  35.140 0.0000000000
78472  -45.002  -1.384  39.423 0.0000000000
141625  -45.695  -0.174  39.367 0.0000000000
79511  -46.308  0.017  40.588 0.0000000000
141636  -45.914  0.925  39.506 0.0000000000
141650  -47.416  2.430  39.359 0.0000000000
141649  -47.356  2.018  40.749 0.0000000000
80776  -44.404  0.567  32.491 0.0000000000
80762  -43.882  0.259  32.970 0.0000000000
80764  -45.140  0.858  33.657 0.0000000000
81869  -46.088  1.472  34.619 0.0000000000
81859  -46.337  1.593  35.521 0.0000000000
81860  -47.112  1.968  35.531 0.0000000000
140342  -42.361  1.479  22.394 0.0000000000
140334  -42.246  0.825  21.560 0.0000000000
81965  -42.711  1.307  21.765 0.0000000000
81990  -47.355  2.327  24.659 0.0000000000
140118  -48.447  2.454  24.690 0.0000000000
78644  -43.947  1.144  21.519 0.0000000000
140114  -50.093  2.273  24.052 0.0000000000
140099  -48.694  1.847  23.506 0.0000000000
84734  -54.445  4.243  26.257 0.0000000000
83835  -53.110  4.020  25.513 0.0000000000
140197  -54.858  2.713  27.374 0.0000000000
140145  -53.942  2.448  25.384 0.0000000000
140131  -52.280  2.559  24.693 0.0000000000
140307  -58.331  5.916  30.306 0.0000000000
140288  -57.347  4.714  30.640 0.0000000000
140359  -58.082  5.534  32.058 0.0000000000
68751  -36.153  -10.719  45.594 0.0000000000
69957  -36.488  -10.075  45.133 0.0000000000
68764  -35.932  -10.850  44.542 0.0000000000
68763  -35.684  -11.144  43.952 0.0000000000
66367  -32.208  -12.181  46.057 0.0000000000
66368  -32.716  -12.007  45.859 0.0000000000
67580  -34.777  -10.933  47.354 0.0000000000
67594  -34.766  -11.142  46.817 0.0000000000
68750  -35.443  -11.098  46.387 0.0000000000
77479  -40.296  -3.392  38.871 0.0000000000
77480  -41.316  -3.649  38.913 0.0000000000
79716  -46.324  -0.407  25.499 0.0000000000
79731  -44.794  -0.455  24.730 0.0000000000
56626  -10.344  -21.319  61.092 0.0000000000
56625  -9.930  -21.729  61.650 0.0000000000
56608  -10.214  -21.172  62.105 0.0000000000
57895  -9.560  -20.591  63.592 0.0000000000
75415  -37.102  -3.777  42.172 0.0000000000
76416  -36.901  -3.288  41.876 0.0000000000
77421  -36.571  -2.497  41.521 0.0000000000
77439  -36.319  -1.952  41.248 0.0000000000
63846  -18.860  -15.278  65.159 0.0000000000
62729  -27.402  -15.602  61.537 0.0000000000
62730  -28.220  -15.618  61.430 0.0000000000
62689  -30.669  -16.673  62.130 0.0000000000
62713  -30.174  -16.388  61.891 0.0000000000
61503  -31.812  -16.056  61.680 0.0000000000
68617  -34.254  -10.794  55.342 0.0000000000
68616  -33.361  -11.070  55.541 0.0000000000
68600  -33.933  -10.691  56.490 0.0000000000
69807  -34.260  -9.964  58.757 0.0000000000
61496  -16.787  -16.329  62.328 0.0000000000
62700  -16.431  -16.083  63.202 0.0000000000
62677  -16.131  -15.803  63.910 0.0000000000
62678  -16.965  -15.660  63.751 0.0000000000
62655  -17.479  -15.374  64.442 0.0000000000
78548  -43.285  -1.387  33.748 0.0000000000
79636  -43.909  -0.166  33.913 0.0000000000
72215  -36.980  -8.031  43.850 0.0000000000
73318  -37.672  -6.096  42.557 0.0000000000
72257  -37.427  -6.701  42.158 0.0000000000
61551  -17.742  -16.651  59.471 0.0000000000
61552  -18.755  -16.621  59.457 0.0000000000
61592  -21.264  -16.532  57.590 0.0000000000
61593  -22.291  -16.396  57.608 0.0000000000
61575  -23.207  -16.133  58.652 0.0000000000
62770  -23.865  -15.908  58.655 0.0000000000
62784  -23.677  -15.950  58.157 0.0000000000
62786  -25.439  -15.921  57.654 0.0000000000
67547  -32.107  -11.539  49.515 0.0000000000
67485  -33.054  -11.244  52.328 0.0000000000
69868  -35.322  -9.721  52.626 0.0000000000
69857  -36.069  -9.436  53.622 0.0000000000
69869  -36.155  -9.149  52.686 0.0000000000
69883  -36.573  -8.872  51.989 0.0000000000
69929  -37.495  -9.529  48.513 0.0000000000
69919  -37.502  -9.470  49.421 0.0000000000
71115  -38.544  -8.493  49.358 0.0000000000
73245  -39.824  -7.448  50.673 0.0000000000
61569  -17.485  -16.643  58.518 0.0000000000
82752  -41.940  2.235  44.043 0.0000000000
82753  -42.928  2.265  44.125 0.0000000000
82786  -42.573  1.629  43.739 0.0000000000
81772  -44.150  1.373  43.797 0.0000000000
79467  -44.251  -0.672  42.676 0.0000000000
79469  -46.188  -0.374  42.763 0.0000000000
79470  -46.899  -0.144  43.053 0.0000000000
80640  -46.768  -0.076  42.407 0.0000000000
80657  -47.218  0.914  41.989 0.0000000000
79782  -44.537  0.548  22.039 0.0000000000
77631  -40.968  -2.147  31.393 0.0000000000
80837  -40.203  0.353  28.264 0.0000000000
80882  -41.685  -0.263  25.487 0.0000000000
140340  -40.903  0.242  23.635 0.0000000000
54279  -6.969  -23.673  64.074 0.0000000000
53096  -6.462  -23.566  64.992 0.0000000000
60318  -8.236  -17.867  67.460 0.0000000000
59081  -7.612  -18.915  67.795 0.0000000000
57821  -6.926  -20.509  69.197 0.0000000000
55410  -5.557  -22.294  67.415 0.0000000000
55404  -5.683  -22.179  67.849 0.0000000000
54244  -5.594  -22.727  67.729 0.0000000000
53081  -5.707  -23.368  68.050 0.0000000000
51962  -5.678  -24.254  68.168 0.0000000000
51953  -6.115  -23.702  68.562 0.0000000000
51954  -6.577  -23.929  68.878 0.0000000000
141522  -39.588  -2.069  48.770 0.0000000000
77318  -39.438  -1.352  48.113 0.0000000000
77333  -39.216  -1.210  47.689 0.0000000000
79417  -39.061  -0.523  45.671 0.0000000000
81707  -39.918  1.361  45.961 0.0000000000
82711  -39.873  1.970  46.482 0.0000000000
82710  -39.466  1.803  45.733 0.0000000000
83629  -39.266  2.140  45.503 0.0000000000
83648  -39.369  2.296  45.196 0.0000000000
83649  -39.791  2.658  44.867 0.0000000000
79521  -37.117  -1.214  40.680 0.0000000000
62684  -22.985  -15.707  63.441 0.0000000000
63848  -24.233  -15.496  63.854 0.0000000000
62663  -27.009  -16.115  63.387 0.0000000000
62856  -25.673  -16.109  53.289 0.0000000000
62815  -27.420  -16.154  55.530 0.0000000000
62800  -28.280  -16.393  56.201 0.0000000000
61646  -28.883  -16.492  56.165 0.0000000000
65109  -29.272  -14.186  50.831 0.0000000000
67399  -32.133  -12.393  56.413 0.0000000000
67398  -31.729  -12.807  56.163 0.0000000000
67380  -31.830  -13.049  56.571 0.0000000000
65026  -31.521  -14.127  56.859 0.0000000000
63926  -31.625  -14.604  57.352 0.0000000000
65027  -31.731  -13.873  57.509 0.0000000000
65008  -31.684  -13.978  58.361 0.0000000000
64975  -32.064  -13.593  59.937 0.0000000000
66075  -32.767  -12.497  61.299 0.0000000000
60399  -13.612  -17.253  61.372 0.0000000000
59167  -12.565  -18.240  60.618 0.0000000000
59166  -12.094  -18.637  61.051 0.0000000000
60397  -12.108  -18.180  61.578 0.0000000000
60378  -12.071  -17.348  63.557 0.0000000000
63812  -15.985  -14.550  66.411 0.0000000000
63811  -15.203  -14.684  66.416 0.0000000000
76559  -40.989  -3.969  34.497 0.0000000000
77524  -42.710  -2.713  36.463 0.0000000000
79568  -44.309  -0.328  36.338 0.0000000000
79567  -44.138  -0.899  36.625 0.0000000000
79547  -44.176  -0.736  37.004 0.0000000000
81890  -45.707  1.182  32.878 0.0000000000
140272  -42.756  1.809  23.147 0.0000000000
140292  -42.435  1.697  22.923 0.0000000000
140246  -43.348  1.816  23.190 0.0000000000
140137  -50.772  2.418  24.821 0.0000000000
85710  -56.372  5.658  25.512 0.0000000000
84735  -55.250  4.770  26.369 0.0000000000
84724  -54.766  4.322  27.143 0.0000000000
83806  -54.325  3.706  27.027 0.0000000000
140196  -54.632  3.224  27.825 0.0000000000
140221  -55.489  3.023  28.266 0.0000000000
140396  -60.479  6.453  30.841 0.0000000000
140418  -60.231  5.297  31.869 0.0000000000
140433  -61.149  5.777  30.981 0.0000000000
69968  -36.537  -9.661  44.975 0.0000000000
71150  -36.746  -9.048  45.006 0.0000000000
71164  -36.628  -8.770  44.113 0.0000000000
71177  -36.669  -8.623  43.235 0.0000000000
61590  -19.194  -16.545  57.595 0.0000000000
61640  -20.596  -16.447  55.708 0.0000000000
61641  -21.767  -16.526  55.557 0.0000000000
61642  -22.823  -16.338  55.743 0.0000000000
66365  -29.910  -12.337  46.490 0.0000000000
66351  -31.052  -11.924  47.520 0.0000000000
67576  -31.615  -11.910  47.506 0.0000000000
67591  -31.924  -12.085  46.896 0.0000000000
67577  -32.257  -11.721  47.562 0.0000000000
67565  -32.532  -11.338  48.504 0.0000000000
67549  -33.832  -10.747  49.468 0.0000000000
68699  -34.705  -10.277  50.155 0.0000000000
68689  -35.120  -10.078  50.541 0.0000000000
68711  -35.394  -10.237  49.098 0.0000000000
69917  -36.085  -10.061  48.654 0.0000000000
69927  -36.194  -10.327  47.843 0.0000000000
71122  -38.042  -8.801  48.017 0.0000000000
79486  -41.232  -0.545  41.583 0.0000000000
80654  -41.705  -0.158  42.127 0.0000000000
79508  -41.620  -1.150  40.951 0.0000000000
79509  -42.248  -1.400  40.918 0.0000000000
78453  -41.451  -2.426  39.996 0.0000000000
78431  -42.893  -1.847  40.638 0.0000000000
78407  -43.533  -1.474  41.138 0.0000000000
78432  -43.956  -1.866  40.387 0.0000000000
79732  -45.796  -0.525  24.803 0.0000000000
79769  -44.384  -0.934  23.420 0.0000000000
55461  -9.303  -22.372  61.404 0.0000000000
75380  -37.928  -4.002  44.944 0.0000000000
76382  -38.373  -3.198  44.688 0.0000000000
77389  -38.536  -2.355  44.372 0.0000000000
77388  -38.222  -2.399  43.521 0.0000000000
78377  -38.403  -1.578  43.930 0.0000000000
79445  -38.690  -0.815  43.598 0.0000000000
79503  -37.196  -1.326  41.317 0.0000000000
62709  -25.371  -15.263  62.608 0.0000000000
63874  -26.228  -15.588  63.039 0.0000000000
63862  -27.052  -15.867  63.031 0.0000000000
63876  -27.759  -15.682  62.551 0.0000000000
63853  -27.205  -16.018  63.160 0.0000000000
62664  -27.807  -16.141  63.043 0.0000000000
62858  -28.133  -15.712  53.430 0.0000000000
67455  -31.250  -12.699  53.695 0.0000000000
67416  -32.110  -12.086  55.597 0.0000000000
67365  -32.644  -11.970  58.085 0.0000000000
68566  -32.728  -11.941  59.046 0.0000000000
68555  -32.689  -11.694  59.498 0.0000000000
68556  -33.015  -11.220  59.494 0.0000000000
69792  -33.918  -10.099  60.239 0.0000000000
69793  -34.442  -9.916  59.804 0.0000000000
69771  -34.575  -9.712  60.755 0.0000000000
69752  -34.287  -9.436  61.412 0.0000000000
60427  -14.070  -17.593  58.293 0.0000000000
60417  -14.311  -17.389  59.205 0.0000000000
60408  -14.422  -17.098  59.762 0.0000000000
61529  -14.066  -17.038  60.852 0.0000000000
61494  -14.151  -16.672  62.525 0.0000000000
61486  -13.779  -16.392  63.730 0.0000000000
62652  -14.772  -15.645  64.612 0.0000000000
63843  -16.297  -14.918  65.047 0.0000000000
63827  -16.572  -14.692  65.741 0.0000000000
77562  -42.130  -2.960  33.409 0.0000000000
78525  -43.592  -1.161  34.335 0.0000000000
78509  -44.115  -0.952  34.982 0.0000000000
78497  -44.264  -0.659  35.745 0.0000000000
80724  -45.899  1.343  36.497 0.0000000000
82962  -46.465  2.598  25.108 0.0000000000
81970  -46.682  2.430  24.973 0.0000000000
81949  -47.212  2.627  25.219 0.0000000000
82947  -48.682  3.114  25.218 0.0000000000
81936  -49.224  3.136  25.217 0.0000000000
85697  -56.439  5.490  26.536 0.0000000000
85684  -56.713  5.341  27.508 0.0000000000
84711  -56.365  4.807  29.109 0.0000000000
85668  -57.552  5.652  28.671 0.0000000000
85669  -58.195  6.014  29.125 0.0000000000
86457  -58.917  6.369  29.374 0.0000000000
85701  -60.161  5.873  26.401 0.0000000000
86470  -59.555  6.258  28.240 0.0000000000
140363  -59.852  6.534  29.469 0.0000000000
59132  -10.155  -18.813  64.120 0.0000000000
61428  -8.594  -16.738  67.911 0.0000000000
75364  -38.218  -3.908  46.258 0.0000000000
74375  -38.381  -4.781  45.558 0.0000000000
75395  -37.998  -4.333  44.355 0.0000000000
74422  -37.431  -5.157  42.694 0.0000000000
75427  -37.079  -4.808  42.282 0.0000000000
75440  -36.239  -4.880  41.186 0.0000000000
61499  -19.854  -16.638  62.160 0.0000000000
61500  -20.841  -16.623  62.092 0.0000000000
61501  -21.737  -16.377  61.964 0.0000000000
62724  -22.442  -16.111  61.813 0.0000000000
62725  -22.935  -15.928  61.669 0.0000000000
61573  -21.502  -16.606  58.526 0.0000000000
61537  -22.017  -16.682  60.341 0.0000000000
61520  -23.231  -16.074  60.869 0.0000000000
62726  -24.010  -15.738  61.273 0.0000000000
62744  -25.993  -15.559  60.638 0.0000000000
62757  -24.891  -15.814  59.475 0.0000000000
62745  -26.985  -15.820  60.757 0.0000000000
62760  -27.656  -15.934  59.850 0.0000000000
62761  -28.562  -16.095  59.910 0.0000000000
65129  -28.384  -13.867  49.079 0.0000000000
66270  -30.787  -12.634  52.190 0.0000000000
66336  -29.906  -12.309  48.577 0.0000000000
67545  -30.295  -11.999  49.680 0.0000000000
67546  -31.179  -11.784  49.628 0.0000000000
67509  -30.815  -12.269  51.650 0.0000000000
67457  -32.379  -11.592  53.577 0.0000000000
68661  -32.910  -11.012  53.829 0.0000000000
68662  -33.571  -10.929  53.306 0.0000000000
68638  -33.524  -10.971  54.475 0.0000000000
71013  -36.160  -8.728  55.352 0.0000000000
71029  -36.826  -8.247  54.825 0.0000000000
71030  -37.490  -7.860  55.252 0.0000000000
71047  -37.472  -7.883  54.357 0.0000000000
72118  -38.018  -7.767  54.200 0.0000000000
72130  -38.973  -7.850  53.619 0.0000000000
69894  -35.696  -9.632  50.673 0.0000000000
71083  -37.201  -8.960  51.430 0.0000000000
71073  -38.095  -8.558  52.661 0.0000000000
71074  -38.926  -8.116  53.094 0.0000000000
72140  -40.307  -7.529  52.957 0.0000000000
61549  -15.743  -16.851  59.393 0.0000000000
61568  -16.534  -16.770  58.473 0.0000000000
61550  -16.734  -16.810  59.463 0.0000000000
84601  -43.551  4.051  46.015 0.0000000000
83678  -44.230  2.891  44.806 0.0000000000
83679  -45.162  3.096  44.894 0.0000000000
83655  -45.293  3.605  45.482 0.0000000000
82725  -46.263  2.913  45.089 0.0000000000
80638  -42.317  -0.229  42.545 0.0000000000
80619  -42.902  0.076  43.198 0.0000000000
80621  -44.657  0.779  43.795 0.0000000000
79449  -44.716  -0.100  43.527 0.0000000000
79431  -45.030  0.401  43.757 0.0000000000
80600  -45.218  0.720  43.908 0.0000000000
81723  -46.322  1.315  44.701 0.0000000000
81725  -47.592  1.281  45.345 0.0000000000
80623  -48.245  0.390  43.639 0.0000000000
81906  -45.575  1.082  32.342 0.0000000000
81892  -47.430  1.645  32.831 0.0000000000
81919  -46.374  1.096  31.401 0.0000000000
51973  -4.089  -25.136  66.176 0.0000000000
75504  -38.777  -4.854  36.498 0.0000000000
75519  -39.076  -4.929  35.595 0.0000000000
75520  -40.067  -5.004  35.440 0.0000000000
75554  -39.661  -4.559  33.765 0.0000000000
77614  -42.142  -2.099  32.278 0.0000000000
78572  -42.367  -1.382  32.280 0.0000000000
79669  -42.272  -0.347  31.300 0.0000000000
80791  -42.681  0.076  30.839 0.0000000000
79701  -42.213  -0.250  25.759 0.0000000000
81986  -43.918  2.108  23.696 0.0000000000
81968  -44.894  2.534  24.298 0.0000000000
82961  -46.121  2.660  24.952 0.0000000000
82928  -47.113  3.489  25.065 0.0000000000
59131  -9.478  -19.290  64.518 0.0000000000
57873  -9.185  -20.076  64.707 0.0000000000
59110  -8.481  -19.094  65.998 0.0000000000
60296  -7.582  -18.635  69.011 0.0000000000
59080  -7.404  -19.320  68.263 0.0000000000
57826  -7.424  -19.708  67.894 0.0000000000
57824  -6.868  -20.503  68.636 0.0000000000
56542  -6.936  -20.662  67.817 0.0000000000
57835  -7.258  -20.343  67.717 0.0000000000
55423  -7.191  -22.055  65.844 0.0000000000
55426  -6.972  -22.580  65.453 0.0000000000
54265  -6.475  -23.095  65.450 0.0000000000
55415  -5.499  -22.472  67.129 0.0000000000
54258  -5.702  -22.926  66.388 0.0000000000
51968  -4.203  -24.917  66.452 0.0000000000
50779  -5.848  -25.026  68.253 0.0000000000
84527  -42.702  5.323  48.883 0.0000000000
77361  -39.021  -2.092  46.031 0.0000000000
77348  -39.078  -1.582  46.943 0.0000000000
79389  -39.183  -0.147  47.586 0.0000000000
79404  -39.150  -0.338  46.631 0.0000000000
80545  -39.518  0.159  46.896 0.0000000000
80529  -39.770  0.533  48.351 0.0000000000
81675  -40.128  1.243  48.621 0.0000000000
81649  -40.242  1.655  49.407 0.0000000000
83585  -40.543  3.836  49.212 0.0000000000
84524  -40.170  3.617  47.629 0.0000000000
84599  -41.604  3.736  45.621 0.0000000000
83651  -41.521  3.307  45.023 0.0000000000
83675  -41.285  2.780  44.468 0.0000000000
83673  -39.971  2.457  44.224 0.0000000000
83674  -40.453  2.654  44.337 0.0000000000
82784  -40.720  1.360  43.313 0.0000000000
81786  -40.692  0.707  42.820 0.0000000000
80635  -39.492  -0.181  42.865 0.0000000000
80651  -39.638  -0.113  42.351 0.0000000000
80652  -39.995  0.050  42.109 0.0000000000
79485  -40.269  -0.416  41.554 0.0000000000
78428  -40.183  -1.428  40.307 0.0000000000
77457  -39.509  -2.187  38.997 0.0000000000
75487  -38.480  -4.484  37.234 0.0000000000
77473  -34.457  -2.602  38.637 0.0000000000
77474  -34.973  -1.955  39.090 0.0000000000
78466  -35.286  -1.993  38.534 0.0000000000
78484  -35.843  -2.071  38.086 0.0000000000
77521  -34.707  -2.624  36.711 0.0000000000
77499  -35.207  -2.395  37.293 0.0000000000
77500  -36.188  -2.492  37.322 0.0000000000
76500  -36.849  -3.172  37.040 0.0000000000
76524  -36.869  -3.656  36.905 0.0000000000
76542  -36.021  -4.038  36.075 0.0000000000
75501  -36.500  -4.134  36.380 0.0000000000
75485  -37.361  -4.091  37.118 0.0000000000
75486  -37.704  -4.252  37.187 0.0000000000
75503  -37.901  -4.767  36.660 0.0000000000
62681  -19.867  -15.900  63.782 0.0000000000
62686  -24.696  -15.237  63.094 0.0000000000
63858  -24.552  -15.386  63.597 0.0000000000
62810  -22.664  -16.284  54.845 0.0000000000
61643  -23.694  -15.981  55.810 0.0000000000
62787  -26.330  -16.100  57.795 0.0000000000
61619  -26.771  -16.361  57.340 0.0000000000
61576  -27.356  -16.391  58.292 0.0000000000
62775  -28.301  -16.317  59.095 0.0000000000
62762  -29.453  -16.464  60.026 0.0000000000
62892  -27.952  -15.550  51.216 0.0000000000
63978  -28.751  -14.951  51.104 0.0000000000
62859  -29.005  -15.581  53.951 0.0000000000
66238  -30.819  -13.184  53.621 0.0000000000
67414  -31.084  -12.994  55.502 0.0000000000
66215  -30.423  -14.057  54.057 0.0000000000
65059  -30.348  -14.458  54.114 0.0000000000
62837  -29.607  -15.955  54.643 0.0000000000
62838  -30.165  -16.023  55.202 0.0000000000
62801  -30.218  -16.435  56.247 0.0000000000
61623  -30.266  -16.695  56.856 0.0000000000
62788  -31.426  -15.576  57.667 0.0000000000
61600  -30.683  -16.572  57.544 0.0000000000
61579  -29.959  -16.805  58.371 0.0000000000
61559  -30.210  -16.662  59.231 0.0000000000
61540  -30.461  -16.562  60.081 0.0000000000
62749  -30.737  -16.272  60.793 0.0000000000
61522  -31.816  -15.869  61.539 0.0000000000
63904  -31.998  -14.388  60.661 0.0000000000
63894  -32.547  -14.747  61.601 0.0000000000
62716  -32.966  -14.849  61.904 0.0000000000
67337  -32.708  -11.687  60.391 0.0000000000
67326  -32.622  -12.055  60.795 0.0000000000
66076  -32.964  -12.430  61.476 0.0000000000
57950  -11.232  -20.243  59.613 0.0000000000
59165  -11.537  -19.386  60.922 0.0000000000
64916  -14.880  -14.432  66.843 0.0000000000
76504  -40.244  -4.565  37.394 0.0000000000
76482  -41.715  -4.108  38.195 0.0000000000
76506  -41.983  -4.010  37.371 0.0000000000
76483  -42.273  -3.876  37.948 0.0000000000
78485  -44.021  -1.391  37.181 0.0000000000
141627  -45.911  -0.919  40.391 0.0000000000
141630  -46.124  -0.584  40.717 0.0000000000
81799  -46.812  0.906  41.274 0.0000000000
141635  -46.397  1.060  40.322 0.0000000000
141642  -46.851  1.429  40.772 0.0000000000
80754  -44.701  0.337  34.470 0.0000000000
80741  -45.572  1.078  35.586 0.0000000000
81851  -47.218  2.014  36.432 0.0000000000
81829  -47.437  2.278  37.958 0.0000000000
140314  -41.535  0.984  22.305 0.0000000000
79767  -42.718  -0.530  22.409 0.0000000000
81989  -46.331  2.482  24.275 0.0000000000
79749  -43.160  1.010  21.952 0.0000000000
140291  -43.615  0.799  22.460 0.0000000000
140290  -44.367  1.150  21.935 0.0000000000
140271  -44.723  1.051  22.282 0.0000000000
140081  -46.333  1.087  22.199 0.0000000000
140267  -56.843  4.507  29.757 0.0000000000
140277  -59.176  4.288  31.214 0.0000000000
53089  -5.639  -23.359  65.968 0.0000000000
54245  -5.876  -22.568  68.166 0.0000000000
54264  -5.964  -22.975  65.889 0.0000000000
56589  -8.775  -22.017  64.006 0.0000000000
60302  -7.526  -18.690  68.717 0.0000000000
61502  -22.202  -16.202  61.873 0.0000000000
61504  -32.033  -15.796  61.642 0.0000000000
61523  -31.954  -15.672  61.470 0.0000000000
61561  -31.526  -16.085  59.635 0.0000000000
61595  -24.048  -15.867  57.238 0.0000000000
61596  -26.991  -16.433  57.807 0.0000000000
61618  -24.672  -15.961  56.086 0.0000000000
61622  -29.373  -16.605  56.670 0.0000000000
61645  -28.526  -16.427  56.170 0.0000000000
62711  -28.351  -15.604  62.005 0.0000000000
62735  -32.463  -15.253  61.654 0.0000000000
62764  -31.579  -15.489  59.438 0.0000000000
62776  -31.400  -15.769  58.552 0.0000000000
62777  -31.421  -15.217  58.729 0.0000000000
62817  -29.641  -16.360  55.714 0.0000000000
63834  -24.524  -15.710  64.599 0.0000000000
63849  -24.624  -15.575  64.163 0.0000000000
63860  -25.857  -15.556  63.547 0.0000000000
63890  -26.513  -15.559  62.598 0.0000000000
63891  -27.119  -15.595  62.287 0.0000000000
63893  -32.411  -14.120  61.353 0.0000000000
64033  -27.837  -14.079  47.977 0.0000000000
65069  -29.647  -14.901  53.091 0.0000000000
65131  -29.518  -13.124  50.141 0.0000000000
66058  -32.929  -12.665  61.538 0.0000000000
66135  -31.582  -13.515  56.581 0.0000000000
66316  -29.040  -13.078  49.120 0.0000000000
67312  -32.789  -12.035  61.082 0.0000000000
67313  -33.128  -11.944  61.286 0.0000000000
67327  -32.890  -11.699  60.772 0.0000000000
67336  -32.468  -11.994  60.175 0.0000000000
67567  -34.249  -10.779  48.654 0.0000000000
67568  -34.444  -10.663  48.827 0.0000000000
68540  -32.705  -11.518  59.969 0.0000000000
68709  -34.349  -10.490  49.714 0.0000000000
68710  -34.803  -10.400  49.461 0.0000000000
68727  -34.507  -10.747  48.278 0.0000000000
68730  -36.269  -10.603  47.040 0.0000000000
68738  -35.276  -10.965  47.102 0.0000000000
68739  -35.960  -10.913  46.682 0.0000000000
68752  -36.628  -10.342  45.879 0.0000000000
69908  -37.590  -9.376  50.030 0.0000000000
69958  -36.734  -9.849  45.475 0.0000000000
71045  -36.439  -8.909  53.749 0.0000000000
71149  -36.504  -9.504  44.733 0.0000000000
71163  -36.417  -9.382  44.368 0.0000000000
72149  -39.615  -8.106  51.336 0.0000000000
73297  -37.893  -6.533  43.304 0.0000000000
73319  -38.001  -6.019  43.182 0.0000000000
76327  -39.546  -1.742  48.218 0.0000000000
76432  -36.471  -3.366  41.350 0.0000000000
76501  -37.371  -3.701  37.343 0.0000000000
77334  -39.367  -1.025  48.250 0.0000000000
78301  -39.504  -0.457  48.831 0.0000000000
78318  -39.190  -0.668  48.078 0.0000000000
78337  -38.978  -0.858  47.221 0.0000000000
78483  -35.369  -2.167  37.825 0.0000000000
78510  -44.218  -0.783  35.472 0.0000000000
78645  -44.036  1.049  21.761 0.0000000000
79362  -39.592  0.166  49.110 0.0000000000
79375  -39.157  -0.322  48.100 0.0000000000
79376  -39.285  -0.044  48.336 0.0000000000
79390  -39.409  0.222  47.939 0.0000000000
79432  -45.441  0.225  43.864 0.0000000000
79433  -46.002  -0.040  44.116 0.0000000000
79446  -39.146  -0.441  43.835 0.0000000000
79447  -43.213  -0.219  43.004 0.0000000000
79465  -42.649  -0.453  42.247 0.0000000000
80473  -39.996  0.907  50.621 0.0000000000
80547  -40.110  0.597  47.160 0.0000000000
80566  -39.996  0.465  46.981 0.0000000000
80579  -46.156  1.144  44.600 0.0000000000
80580  -46.435  0.911  44.778 0.0000000000
80599  -39.327  -0.313  44.005 0.0000000000
80616  -39.337  -0.344  43.781 0.0000000000
80617  -41.407  0.253  43.218 0.0000000000
80620  -43.860  0.442  43.656 0.0000000000
80636  -40.844  0.279  42.711 0.0000000000
80639  -42.768  -0.232  42.805 0.0000000000
80642  -48.150  0.899  42.896 0.0000000000
80902  -43.034  1.175  22.187 0.0000000000
81650  -40.433  1.798  49.948 0.0000000000
81690  -40.250  0.804  47.208 0.0000000000
81709  -40.191  0.695  46.936 0.0000000000
81724  -46.652  1.562  44.888 0.0000000000
81748  -44.416  1.674  43.874 0.0000000000
81751  -46.352  1.991  44.650 0.0000000000
81768  -40.966  1.014  42.998 0.0000000000
81773  -44.601  1.208  43.838 0.0000000000
81785  -40.091  0.817  42.746 0.0000000000
81787  -41.040  0.486  43.005 0.0000000000
81798  -40.516  0.450  42.520 0.0000000000
81935  -48.979  3.120  25.218 0.0000000000
81945  -43.139  2.313  24.137 0.0000000000
81948  -46.831  2.582  25.208 0.0000000000
81950  -47.974  2.773  25.158 0.0000000000
81951  -48.752  2.913  25.166 0.0000000000
82724  -39.381  2.083  44.641 0.0000000000
82783  -40.065  1.557  43.457 0.0000000000
82785  -41.613  1.482  43.635 0.0000000000
82797  -40.299  1.175  43.038 0.0000000000
82944  -46.621  2.829  25.258 0.0000000000
82946  -48.337  3.095  25.251 0.0000000000
82959  -42.770  2.326  23.956 0.0000000000
82960  -45.466  2.742  24.687 0.0000000000
83656  -46.255  3.442  45.480 0.0000000000
83766  -57.830  4.715  31.773 0.0000000000
83792  -55.590  4.387  28.877 0.0000000000
83807  -54.495  3.605  27.824 0.0000000000
84508  -42.914  5.439  49.416 0.0000000000
84717  -54.924  4.441  27.701 0.0000000000
84719  -56.141  4.892  28.261 0.0000000000
85448  -43.309  5.489  49.011 0.0000000000
85462  -43.700  5.359  48.365 0.0000000000
85651  -57.008  5.246  29.031 0.0000000000
85667  -56.872  5.256  28.397 0.0000000000
85685  -57.556  5.694  27.666 0.0000000000
85686  -58.573  6.065  27.931 0.0000000000
85696  -55.856  5.318  26.146 0.0000000000
85700  -59.486  5.818  26.915 0.0000000000
85714  -59.843  5.774  25.990 0.0000000000
86469  -58.781  6.259  28.645 0.0000000000
86484  -59.750  6.024  27.466 0.0000000000
140181  -45.030  2.391  23.706 0.0000000000
140201  -44.614  2.246  23.612 0.0000000000
140219  -55.025  3.303  28.453 0.0000000000
140268  -57.912  4.211  30.817 0.0000000000
140287  -57.580  4.447  30.790 0.0000000000
140306  -57.882  5.414  31.213 0.0000000000
140311  -42.950  0.834  21.965 0.0000000000
140329  -57.905  5.452  31.722 0.0000000000
140330  -58.084  5.722  31.682 0.0000000000
140332  -42.834  1.450  22.258 0.0000000000
140360  -58.700  5.970  31.584 0.0000000000
140361  -59.358  6.326  31.093 0.0000000000
140362  -59.910  6.525  30.565 0.0000000000
140393  -58.882  5.225  32.306 0.0000000000
140394  -59.605  6.037  32.262 0.0000000000
140395  -59.757  6.361  31.463 0.0000000000
140419  -60.641  6.274  31.512 0.0000000000
141519  -39.382  -1.781  47.558 0.0000000000
141524  -39.892  -0.182  49.836 0.0000000000
141629  -45.770  1.073  38.891 0.0000000000
