#!ascii label  , from subject la02 vox2ras=TkReg
901
57854  -16.262  -18.107  64.974 0.0000000000
141564  -40.658  -3.238  51.659 0.0000000000
84575  -42.673  4.353  46.773 0.0000000000
83714  -50.618  3.125  42.304 0.0000000000
72120  -39.663  -7.153  54.715 0.0000000000
83658  -48.405  2.931  45.891 0.0000000000
81892  -47.430  1.645  32.831 0.0000000000
80828  -48.079  0.194  29.614 0.0000000000
79280  -44.019  -0.076  54.969 0.0000000000
84452  -43.999  4.429  52.164 0.0000000000
83544  -41.194  3.238  51.073 0.0000000000
63785  -18.451  -15.625  66.938 0.0000000000
60340  -23.750  -17.157  64.745 0.0000000000
60355  -30.345  -17.186  62.555 0.0000000000
63866  -33.851  -14.806  62.177 0.0000000000
70891  -36.653  -9.455  60.549 0.0000000000
74194  -40.662  -5.473  59.028 0.0000000000
141542  -42.644  -3.698  55.516 0.0000000000
83530  -48.666  3.158  50.948 0.0000000000
80845  -48.541  -0.010  28.480 0.0000000000
141584  -42.152  -0.274  56.469 0.0000000000
83478  -42.481  2.477  53.876 0.0000000000
141561  -40.539  0.601  52.293 0.0000000000
63829  -18.493  -15.030  65.802 0.0000000000
61432  -21.218  -16.453  66.510 0.0000000000
70950  -35.660  -9.070  59.901 0.0000000000
73099  -38.782  -7.249  59.954 0.0000000000
73130  -37.854  -6.833  58.824 0.0000000000
73239  -40.980  -6.325  52.857 0.0000000000
141527  -40.733  -5.097  55.104 0.0000000000
141553  -41.713  -3.620  54.378 0.0000000000
141555  -43.618  -2.505  55.364 0.0000000000
85435  -43.419  5.335  49.881 0.0000000000
84467  -46.622  4.038  50.018 0.0000000000
85452  -46.874  4.929  48.798 0.0000000000
82759  -50.481  2.158  44.608 0.0000000000
84585  -51.216  3.316  46.963 0.0000000000
82763  -53.994  2.521  44.884 0.0000000000
80645  -52.571  1.098  42.385 0.0000000000
80779  -49.766  1.019  32.262 0.0000000000
81873  -51.237  2.032  34.305 0.0000000000
71015  -37.678  -7.861  55.935 0.0000000000
81800  -47.543  1.655  41.615 0.0000000000
80796  -47.729  1.095  31.363 0.0000000000
79671  -48.666  -0.116  31.358 0.0000000000
78606  -48.882  -1.814  28.501 0.0000000000
141550  -43.725  -0.403  52.721 0.0000000000
82572  -43.245  2.826  53.385 0.0000000000
85393  -42.588  5.104  52.621 0.0000000000
59075  -17.487  -16.929  66.497 0.0000000000
56580  -25.964  -19.043  63.039 0.0000000000
60351  -26.351  -17.264  64.205 0.0000000000
57904  -29.636  -18.646  62.042 0.0000000000
57908  -33.014  -17.627  61.740 0.0000000000
61505  -34.534  -15.894  61.681 0.0000000000
66080  -36.256  -13.291  61.279 0.0000000000
67301  -35.480  -11.748  62.210 0.0000000000
68546  -39.265  -10.086  59.209 0.0000000000
74233  -39.414  -5.459  56.788 0.0000000000
75191  -42.133  -3.887  57.460 0.0000000000
74235  -43.418  -5.609  56.050 0.0000000000
141535  -42.828  -4.176  54.557 0.0000000000
141546  -43.987  -2.152  53.391 0.0000000000
85468  -49.119  4.598  48.231 0.0000000000
82853  -49.145  2.587  37.197 0.0000000000
141658  -50.490  2.373  40.372 0.0000000000
59084  -15.715  -16.991  66.762 0.0000000000
141586  -40.978  -1.602  54.421 0.0000000000
141580  -41.202  0.106  53.826 0.0000000000
70971  -35.961  -8.624  58.746 0.0000000000
72012  -36.991  -7.530  59.469 0.0000000000
70985  -36.596  -8.175  57.985 0.0000000000
141500  -40.533  -5.558  51.313 0.0000000000
141573  -41.624  -2.267  55.628 0.0000000000
85450  -45.013  5.316  48.966 0.0000000000
85463  -44.623  5.329  48.272 0.0000000000
82790  -50.672  2.729  43.500 0.0000000000
83682  -52.221  2.767  44.562 0.0000000000
83717  -52.830  3.034  43.592 0.0000000000
80607  -53.917  1.379  44.094 0.0000000000
82803  -52.066  2.552  42.353 0.0000000000
78577  -49.897  -1.069  32.892 0.0000000000
79657  -51.069  -0.385  33.446 0.0000000000
78530  -49.748  -0.834  34.332 0.0000000000
80812  -47.409  0.806  30.591 0.0000000000
80813  -48.109  0.490  30.814 0.0000000000
79680  -48.249  -0.258  30.364 0.0000000000
78593  -47.860  -0.993  31.009 0.0000000000
79687  -49.252  -0.925  28.416 0.0000000000
141562  -44.205  -0.528  53.705 0.0000000000
80459  -44.207  0.543  52.837 0.0000000000
81546  -43.892  1.537  54.513 0.0000000000
84435  -41.628  3.185  52.965 0.0000000000
84437  -42.260  4.106  53.655 0.0000000000
84464  -41.630  4.404  51.837 0.0000000000
84486  -41.846  4.668  50.861 0.0000000000
83562  -40.557  3.383  49.964 0.0000000000
59077  -18.626  -17.503  66.367 0.0000000000
60315  -19.098  -16.959  66.331 0.0000000000
61434  -22.540  -16.755  65.438 0.0000000000
62643  -28.232  -16.528  63.032 0.0000000000
60353  -28.015  -17.241  63.155 0.0000000000
57865  -28.399  -18.002  62.595 0.0000000000
59123  -29.444  -17.689  62.487 0.0000000000
57906  -31.360  -18.189  61.671 0.0000000000
59125  -31.474  -17.433  62.381 0.0000000000
62694  -34.329  -15.485  62.343 0.0000000000
63895  -35.566  -14.672  61.462 0.0000000000
64941  -35.167  -13.786  62.453 0.0000000000
70905  -34.826  -9.238  62.347 0.0000000000
68518  -34.666  -10.556  61.896 0.0000000000
69717  -36.033  -9.945  61.877 0.0000000000
68519  -36.305  -10.849  60.944 0.0000000000
69735  -36.905  -9.903  60.767 0.0000000000
69775  -38.071  -9.992  59.780 0.0000000000
69736  -37.721  -9.251  60.011 0.0000000000
74185  -39.616  -6.156  60.211 0.0000000000
72015  -39.540  -7.669  59.289 0.0000000000
72029  -40.319  -7.433  58.648 0.0000000000
73133  -41.245  -6.249  57.868 0.0000000000
72076  -38.495  -6.913  56.629 0.0000000000
73195  -39.410  -6.418  55.818 0.0000000000
141543  -41.585  -4.023  55.521 0.0000000000
141559  -40.495  -4.220  56.275 0.0000000000
76160  -42.371  -3.666  56.620 0.0000000000
75192  -42.857  -4.370  57.080 0.0000000000
76177  -42.887  -4.011  55.823 0.0000000000
141578  -44.269  -1.524  55.631 0.0000000000
141545  -43.893  -2.524  54.400 0.0000000000
141558  -44.511  -1.550  53.953 0.0000000000
141549  -43.899  -1.348  53.225 0.0000000000
64919  -17.000  -14.449  67.238 0.0000000000
63783  -17.316  -14.893  68.569 0.0000000000
62583  -17.110  -15.839  68.898 0.0000000000
82609  -43.624  2.784  51.690 0.0000000000
83526  -44.390  3.824  50.724 0.0000000000
84468  -47.533  4.225  50.545 0.0000000000
83657  -47.381  3.430  45.757 0.0000000000
84580  -47.574  4.269  46.730 0.0000000000
84582  -49.426  3.900  46.859 0.0000000000
82700  -51.737  1.839  47.108 0.0000000000
84512  -51.037  2.971  48.205 0.0000000000
82883  -53.728  1.986  36.118 0.0000000000
82869  -50.631  2.536  36.531 0.0000000000
82841  -51.511  2.275  38.334 0.0000000000
141663  -49.872  2.518  39.264 0.0000000000
141654  -50.690  1.805  39.375 0.0000000000
141645  -50.845  1.032  40.328 0.0000000000
80844  -47.613  0.347  28.662 0.0000000000
80860  -48.082  0.111  27.726 0.0000000000
80876  -47.484  0.015  26.958 0.0000000000
141585  -43.261  0.001  56.437 0.0000000000
82527  -43.150  1.457  55.443 0.0000000000
81521  -42.034  0.832  55.496 0.0000000000
82553  -41.463  1.772  53.709 0.0000000000
82586  -41.256  1.834  51.988 0.0000000000
63799  -18.737  -15.384  66.742 0.0000000000
62592  -20.065  -16.098  66.645 0.0000000000
62619  -22.349  -15.990  65.893 0.0000000000
71976  -36.341  -8.809  60.342 0.0000000000
70909  -37.869  -8.826  59.971 0.0000000000
73087  -37.882  -7.686  59.791 0.0000000000
74182  -38.552  -6.523  59.852 0.0000000000
74191  -38.987  -5.814  59.323 0.0000000000
73229  -40.843  -6.945  53.284 0.0000000000
72121  -40.188  -6.263  54.993 0.0000000000
141511  -41.224  -5.191  54.478 0.0000000000
141551  -42.102  -3.163  55.489 0.0000000000
141554  -42.742  -2.913  55.298 0.0000000000
141565  -42.684  -2.240  56.147 0.0000000000
63828  -17.507  -14.765  65.844 0.0000000000
85409  -44.171  4.861  51.179 0.0000000000
84466  -45.268  4.183  50.067 0.0000000000
85423  -44.621  4.826  50.072 0.0000000000
85425  -46.753  4.471  49.529 0.0000000000
85426  -47.686  4.667  49.946 0.0000000000
82729  -50.149  2.246  45.722 0.0000000000
83635  -50.000  3.015  46.485 0.0000000000
83661  -51.252  2.808  45.840 0.0000000000
83639  -52.306  2.360  46.163 0.0000000000
81894  -49.400  1.822  32.723 0.0000000000
81880  -48.782  2.146  33.739 0.0000000000
81896  -51.365  1.087  33.063 0.0000000000
80756  -52.036  1.057  34.756 0.0000000000
84577  -44.841  4.513  46.837 0.0000000000
81725  -47.592  1.281  45.345 0.0000000000
80624  -48.946  0.756  43.916 0.0000000000
81775  -49.413  1.460  43.545 0.0000000000
82799  -48.906  2.464  42.214 0.0000000000
81909  -48.047  1.505  32.034 0.0000000000
80797  -48.500  0.952  31.503 0.0000000000
79672  -49.122  -0.033  31.904 0.0000000000
79654  -49.035  -0.585  32.029 0.0000000000
80829  -48.704  -0.366  28.856 0.0000000000
78602  -48.405  -1.496  29.122 0.0000000000
80476  -43.790  0.359  52.052 0.0000000000
81571  -43.858  1.669  52.849 0.0000000000
83497  -43.835  3.977  53.013 0.0000000000
83479  -43.343  3.604  54.040 0.0000000000
84425  -43.904  4.381  53.734 0.0000000000
85395  -43.698  4.822  52.301 0.0000000000
85421  -43.309  5.099  50.899 0.0000000000
84507  -42.371  5.160  49.861 0.0000000000
141572  -40.169  -0.481  51.186 0.0000000000
141534  -40.049  0.462  50.623 0.0000000000
82649  -40.033  2.518  49.182 0.0000000000
59102  -16.579  -17.366  65.840 0.0000000000
59104  -18.110  -18.197  66.040 0.0000000000
56617  -26.839  -19.522  61.663 0.0000000000
62637  -22.973  -15.891  65.088 0.0000000000
62621  -24.243  -16.119  65.261 0.0000000000
60342  -25.626  -17.266  64.630 0.0000000000
56581  -27.128  -18.766  62.451 0.0000000000
59170  -33.729  -17.509  61.408 0.0000000000
59172  -34.697  -16.668  60.883 0.0000000000
64939  -33.762  -13.856  61.803 0.0000000000
67299  -34.295  -12.075  61.909 0.0000000000
66062  -34.781  -12.710  62.355 0.0000000000
66063  -35.675  -12.741  62.229 0.0000000000
66092  -36.364  -12.316  61.254 0.0000000000
70932  -38.593  -8.653  59.542 0.0000000000
72056  -37.424  -7.171  57.838 0.0000000000
73147  -38.427  -6.281  57.829 0.0000000000
74203  -39.624  -5.135  58.511 0.0000000000
141538  -40.177  -4.790  56.042 0.0000000000
76145  -40.534  -3.937  57.673 0.0000000000
75167  -40.825  -4.822  58.790 0.0000000000
74219  -42.642  -5.310  57.360 0.0000000000
73151  -43.520  -6.469  56.668 0.0000000000
141525  -42.953  -5.637  53.188 0.0000000000
141544  -42.984  -3.250  54.922 0.0000000000
141536  -43.277  -3.077  53.440 0.0000000000
141526  -42.669  -3.909  52.357 0.0000000000
141537  -43.261  -2.750  51.888 0.0000000000
61420  -16.115  -16.254  68.022 0.0000000000
84551  -46.133  4.837  47.508 0.0000000000
85466  -47.421  5.040  48.146 0.0000000000
85428  -49.152  4.605  50.106 0.0000000000
84556  -50.300  3.896  47.590 0.0000000000
84510  -50.233  3.812  48.845 0.0000000000
82612  -49.470  2.277  49.587 0.0000000000
82808  -47.912  2.392  41.201 0.0000000000
83727  -49.755  2.971  41.306 0.0000000000
82885  -48.796  2.487  34.854 0.0000000000
81852  -47.969  2.340  36.471 0.0000000000
141657  -48.100  2.637  38.308 0.0000000000
141664  -49.584  2.786  40.078 0.0000000000
82811  -50.632  2.691  41.107 0.0000000000
81802  -51.636  1.818  41.244 0.0000000000
59117  -15.744  -17.904  65.274 0.0000000000
69808  -35.155  -9.386  58.161 0.0000000000
70972  -36.603  -8.000  58.596 0.0000000000
70984  -35.921  -8.740  57.580 0.0000000000
84548  -42.940  4.979  47.874 0.0000000000
85462  -43.700  5.359  48.365 0.0000000000
84549  -44.170  5.061  47.565 0.0000000000
83701  -50.930  3.314  42.963 0.0000000000
83702  -51.540  3.145  43.412 0.0000000000
83716  -52.234  3.130  43.085 0.0000000000
82804  -52.819  2.809  43.094 0.0000000000
82802  -51.460  2.802  42.095 0.0000000000
78553  -49.349  -1.049  33.649 0.0000000000
78554  -50.187  -1.020  33.621 0.0000000000
141571  -44.123  -0.358  54.832 0.0000000000
80445  -44.255  0.816  53.919 0.0000000000
80433  -44.016  0.590  54.958 0.0000000000
83525  -41.481  2.987  51.966 0.0000000000
84463  -41.289  3.803  51.919 0.0000000000
84485  -41.223  4.009  50.916 0.0000000000
62590  -18.105  -15.922  67.085 0.0000000000
61424  -18.697  -16.447  66.722 0.0000000000
60331  -22.860  -17.245  65.133 0.0000000000
61462  -28.763  -17.217  62.984 0.0000000000
60354  -29.094  -17.228  62.688 0.0000000000
59124  -30.710  -17.724  62.157 0.0000000000
62693  -33.835  -15.741  62.540 0.0000000000
63867  -34.407  -14.742  62.233 0.0000000000
63880  -34.902  -14.703  62.227 0.0000000000
70890  -36.129  -9.457  61.303 0.0000000000
70889  -35.699  -9.425  62.253 0.0000000000
69718  -36.363  -9.939  61.088 0.0000000000
68520  -36.299  -10.386  61.251 0.0000000000
69719  -36.930  -9.717  60.486 0.0000000000
69754  -37.638  -9.936  60.527 0.0000000000
74193  -40.178  -5.798  59.656 0.0000000000
73111  -39.892  -6.693  59.520 0.0000000000
73121  -40.401  -6.265  58.849 0.0000000000
72057  -40.671  -6.438  58.086 0.0000000000
73122  -40.807  -5.854  58.477 0.0000000000
72105  -38.917  -7.159  55.350 0.0000000000
79258  -44.099  -0.115  55.461 0.0000000000
141579  -44.485  -1.286  55.197 0.0000000000
141570  -44.515  -1.164  54.461 0.0000000000
64909  -17.570  -14.778  67.421 0.0000000000
64908  -17.196  -14.393  67.734 0.0000000000
63784  -17.587  -15.340  67.635 0.0000000000
63774  -17.525  -15.622  67.958 0.0000000000
83510  -44.031  3.730  51.995 0.0000000000
84469  -48.357  4.287  51.032 0.0000000000
83529  -47.734  3.682  50.793 0.0000000000
83549  -48.418  2.781  50.653 0.0000000000
82610  -48.714  2.592  50.453 0.0000000000
83633  -48.078  3.678  46.244 0.0000000000
83634  -48.999  3.235  46.273 0.0000000000
81879  -47.716  1.866  33.718 0.0000000000
80708  -53.179  1.168  37.510 0.0000000000
82856  -52.168  2.573  37.446 0.0000000000
141659  -51.237  1.939  38.824 0.0000000000
81522  -42.779  0.741  55.942 0.0000000000
141581  -41.248  1.139  54.227 0.0000000000
81545  -40.758  0.895  53.090 0.0000000000
82570  -41.321  1.772  52.740 0.0000000000
81555  -40.759  1.263  52.203 0.0000000000
62636  -21.813  -15.602  65.588 0.0000000000
70928  -35.556  -9.005  60.725 0.0000000000
71995  -36.123  -8.771  60.149 0.0000000000
71977  -37.242  -8.321  60.018 0.0000000000
71996  -36.764  -8.241  59.821 0.0000000000
72028  -37.292  -6.984  59.137 0.0000000000
72013  -37.738  -7.063  59.382 0.0000000000
73119  -37.951  -6.876  59.216 0.0000000000
74183  -38.660  -6.207  60.111 0.0000000000
73120  -38.432  -6.510  59.199 0.0000000000
141502  -40.914  -6.426  53.904 0.0000000000
141582  -41.491  -1.719  56.014 0.0000000000
141574  -41.816  -1.985  56.341 0.0000000000
141575  -41.833  -1.529  56.873 0.0000000000
141576  -42.934  -1.079  57.281 0.0000000000
85422  -43.999  5.234  50.634 0.0000000000
85451  -45.931  5.056  48.860 0.0000000000
85437  -45.334  5.004  49.468 0.0000000000
85438  -46.286  4.743  49.251 0.0000000000
85439  -47.297  4.729  49.330 0.0000000000
82758  -49.850  1.735  45.045 0.0000000000
82730  -50.942  2.508  45.330 0.0000000000
83683  -53.015  2.709  45.001 0.0000000000
83663  -52.540  2.373  45.651 0.0000000000
83684  -53.316  2.392  45.422 0.0000000000
82716  -52.644  2.104  45.884 0.0000000000
81729  -53.861  1.636  45.419 0.0000000000
81895  -50.445  1.560  32.712 0.0000000000
80742  -52.747  0.901  35.861 0.0000000000
81752  -48.432  0.738  45.094 0.0000000000
81788  -47.741  1.136  42.379 0.0000000000
81789  -48.479  1.685  42.575 0.0000000000
81790  -49.297  2.165  42.770 0.0000000000
81801  -48.271  2.329  41.836 0.0000000000
81920  -46.885  1.127  31.343 0.0000000000
80798  -49.104  0.563  31.913 0.0000000000
78575  -48.132  -1.395  32.294 0.0000000000
78603  -49.089  -1.303  28.516 0.0000000000
79686  -48.873  -0.822  28.820 0.0000000000
79313  -43.340  -0.623  52.158 0.0000000000
79330  -43.554  -0.169  52.095 0.0000000000
81556  -43.645  1.979  53.658 0.0000000000
82588  -43.360  2.864  52.813 0.0000000000
82537  -42.934  2.042  54.832 0.0000000000
83462  -43.118  2.817  53.810 0.0000000000
84406  -42.961  3.464  54.109 0.0000000000
85380  -42.303  4.550  53.330 0.0000000000
85369  -42.942  4.386  53.715 0.0000000000
85381  -43.067  4.929  53.285 0.0000000000
85382  -43.554  4.728  53.139 0.0000000000
85394  -43.299  5.106  52.515 0.0000000000
85408  -43.610  5.122  51.605 0.0000000000
85407  -42.957  5.168  51.777 0.0000000000
84506  -41.285  4.269  49.706 0.0000000000
59086  -17.345  -17.123  66.364 0.0000000000
59103  -17.585  -17.944  65.812 0.0000000000
59087  -18.259  -17.904  66.302 0.0000000000
59088  -18.968  -17.886  66.175 0.0000000000
61431  -20.593  -16.117  66.685 0.0000000000
60317  -20.801  -16.734  66.127 0.0000000000
56579  -24.491  -19.640  63.090 0.0000000000
56598  -25.189  -19.450  62.499 0.0000000000
56599  -26.387  -19.218  62.258 0.0000000000
62638  -24.154  -15.838  64.910 0.0000000000
59107  -25.848  -17.867  64.340 0.0000000000
59120  -26.442  -17.770  63.811 0.0000000000
57886  -28.577  -18.299  62.424 0.0000000000
57885  -27.763  -18.345  62.544 0.0000000000
56582  -28.363  -18.639  62.213 0.0000000000
56600  -27.622  -19.073  61.958 0.0000000000
56601  -28.993  -18.877  61.786 0.0000000000
56620  -29.859  -18.811  61.034 0.0000000000
59150  -31.768  -17.789  62.029 0.0000000000
57924  -31.937  -18.350  61.181 0.0000000000
57925  -32.697  -17.807  61.554 0.0000000000
59169  -33.261  -17.723  61.315 0.0000000000
59159  -33.431  -17.614  61.787 0.0000000000
61489  -34.273  -16.064  62.250 0.0000000000
60381  -34.029  -16.932  62.441 0.0000000000
60382  -34.287  -16.404  62.021 0.0000000000
59161  -34.160  -17.116  61.758 0.0000000000
60392  -35.139  -16.462  60.798 0.0000000000
61506  -35.060  -16.060  61.035 0.0000000000
63882  -35.781  -14.271  61.622 0.0000000000
63896  -35.854  -14.400  61.240 0.0000000000
64962  -36.247  -13.661  61.075 0.0000000000
64976  -36.044  -13.234  60.622 0.0000000000
68497  -34.894  -10.901  61.987 0.0000000000
68496  -34.420  -11.295  61.702 0.0000000000
67300  -34.843  -11.744  62.188 0.0000000000
67315  -34.244  -12.477  61.902 0.0000000000
67316  -34.485  -12.324  62.111 0.0000000000
68534  -36.615  -10.692  60.405 0.0000000000
67328  -36.436  -11.601  60.691 0.0000000000
67329  -36.400  -11.869  60.418 0.0000000000
68535  -38.443  -9.963  59.518 0.0000000000
68545  -38.301  -10.177  59.511 0.0000000000
71998  -38.237  -8.234  59.767 0.0000000000
70931  -38.323  -8.533  59.707 0.0000000000
71999  -38.556  -7.980  59.686 0.0000000000
72074  -37.123  -7.881  56.856 0.0000000000
72075  -37.854  -7.439  56.766 0.0000000000
73164  -38.964  -6.079  56.667 0.0000000000
73163  -38.573  -6.475  57.028 0.0000000000
74216  -38.902  -5.793  57.393 0.0000000000
74202  -38.908  -5.693  58.218 0.0000000000
74217  -39.427  -5.229  57.657 0.0000000000
73220  -40.705  -5.708  54.758 0.0000000000
72107  -40.032  -5.958  55.327 0.0000000000
73208  -40.446  -5.184  55.493 0.0000000000
141552  -41.214  -3.663  57.121 0.0000000000
141563  -40.283  -3.986  57.029 0.0000000000
76146  -40.934  -3.779  58.006 0.0000000000
75179  -41.502  -4.266  58.227 0.0000000000
74206  -41.981  -5.329  57.995 0.0000000000
75180  -42.269  -4.586  57.671 0.0000000000
75193  -43.287  -4.605  56.331 0.0000000000
74220  -43.246  -5.339  56.845 0.0000000000
75218  -43.307  -5.306  54.533 0.0000000000
141557  -44.550  -2.085  54.263 0.0000000000
141495  -43.145  -3.224  52.538 0.0000000000
141540  -43.443  -1.303  52.481 0.0000000000
141539  -43.725  -1.921  52.544 0.0000000000
61412  -17.106  -16.234  68.137 0.0000000000
61411  -16.557  -16.073  68.520 0.0000000000
61421  -16.764  -16.453  67.840 0.0000000000
60327  -16.725  -16.645  66.918 0.0000000000
83527  -45.215  3.896  50.118 0.0000000000
84487  -45.866  3.972  49.927 0.0000000000
84603  -45.546  4.100  46.087 0.0000000000
84553  -47.966  4.692  47.432 0.0000000000
85467  -48.314  4.904  48.173 0.0000000000
85454  -48.611  4.885  48.914 0.0000000000
85455  -49.343  4.584  48.915 0.0000000000
83636  -50.803  3.171  46.500 0.0000000000
84583  -50.242  3.722  46.973 0.0000000000
84557  -50.728  3.631  47.536 0.0000000000
84511  -50.676  3.204  48.581 0.0000000000
83550  -50.294  2.844  49.191 0.0000000000
83532  -49.978  2.868  49.785 0.0000000000
82809  -48.879  2.854  41.359 0.0000000000
141661  -48.892  2.912  40.239 0.0000000000
82891  -50.366  2.250  34.151 0.0000000000
82889  -48.885  2.342  34.273 0.0000000000
82886  -49.799  2.424  34.896 0.0000000000
82868  -49.653  2.575  36.477 0.0000000000
82867  -48.769  2.543  36.482 0.0000000000
81844  -48.266  2.499  37.403 0.0000000000
82839  -49.135  2.689  38.300 0.0000000000
141660  -50.628  2.084  39.068 0.0000000000
83738  -50.220  2.772  41.036 0.0000000000
82817  -50.978  2.344  40.858 0.0000000000
82812  -51.261  2.490  41.444 0.0000000000
81807  -51.105  2.064  40.790 0.0000000000
141583  -41.467  -1.093  56.019 0.0000000000
141587  -41.546  -0.214  55.290 0.0000000000
72011  -36.435  -8.314  59.411 0.0000000000
72026  -36.472  -8.123  58.933 0.0000000000
72041  -37.206  -6.983  58.559 0.0000000000
85448  -43.309  5.489  49.011 0.0000000000
85436  -44.417  5.159  49.706 0.0000000000
85449  -44.083  5.414  49.048 0.0000000000
85464  -45.569  5.164  48.233 0.0000000000
81776  -50.145  1.969  43.810 0.0000000000
82760  -51.374  2.634  44.504 0.0000000000
82791  -51.344  2.910  43.868 0.0000000000
83704  -52.979  3.041  44.244 0.0000000000
82762  -53.478  2.802  44.505 0.0000000000
81755  -54.264  1.767  44.511 0.0000000000
82792  -53.563  2.690  43.823 0.0000000000
80646  -53.126  1.723  42.826 0.0000000000
81791  -52.551  1.893  42.284 0.0000000000
79655  -49.728  -0.156  32.310 0.0000000000
80780  -50.645  0.511  32.596 0.0000000000
79656  -50.666  -0.549  32.963 0.0000000000
79639  -50.692  -0.600  33.817 0.0000000000
79685  -48.411  -0.556  29.443 0.0000000000
80861  -48.952  -0.357  27.632 0.0000000000
80846  -49.118  -0.578  28.280 0.0000000000
80862  -49.459  -0.767  27.811 0.0000000000
79690  -49.575  -1.041  28.097 0.0000000000
83496  -41.826  2.676  53.212 0.0000000000
84423  -42.726  3.611  53.785 0.0000000000
84436  -41.745  3.800  53.380 0.0000000000
84451  -41.435  4.212  52.662 0.0000000000
85392  -41.895  4.731  52.607 0.0000000000
85406  -42.210  4.946  51.811 0.0000000000
83585  -40.543  3.836  49.212 0.0000000000
60313  -17.534  -16.747  66.657 0.0000000000
59076  -17.941  -17.294  66.487 0.0000000000
60314  -18.237  -16.954  66.538 0.0000000000
59078  -19.338  -17.454  66.019 0.0000000000
57862  -25.589  -18.567  63.769 0.0000000000
59121  -27.154  -17.609  63.144 0.0000000000
59122  -28.241  -17.609  62.808 0.0000000000
57866  -29.043  -18.082  62.422 0.0000000000
59138  -29.494  -18.044  62.370 0.0000000000
57905  -30.246  -18.545  61.755 0.0000000000
59139  -30.093  -18.052  62.218 0.0000000000
59140  -31.240  -17.945  62.048 0.0000000000
59141  -32.332  -17.361  62.291 0.0000000000
62717  -34.664  -15.284  61.924 0.0000000000
62718  -35.178  -15.264  61.395 0.0000000000
64951  -35.353  -14.258  62.208 0.0000000000
64952  -35.744  -13.876  61.977 0.0000000000
70926  -34.150  -9.083  62.006 0.0000000000
69732  -34.516  -9.957  62.056 0.0000000000
69715  -35.135  -10.323  62.698 0.0000000000
68498  -35.247  -10.802  62.041 0.0000000000
69753  -37.259  -10.036  60.461 0.0000000000
69755  -38.151  -9.761  59.847 0.0000000000
68536  -38.623  -9.822  59.421 0.0000000000
72014  -39.131  -8.040  59.531 0.0000000000
73110  -39.291  -7.002  59.956 0.0000000000
73134  -42.469  -6.379  57.543 0.0000000000
72091  -38.118  -7.563  55.692 0.0000000000
72092  -38.614  -7.149  56.193 0.0000000000
73194  -39.065  -6.738  56.069 0.0000000000
73180  -39.188  -6.076  56.256 0.0000000000
141528  -40.868  -4.709  55.244 0.0000000000
76161  -43.047  -3.961  56.523 0.0000000000
75205  -43.304  -4.880  55.439 0.0000000000
141567  -44.183  -2.126  55.394 0.0000000000
141556  -44.401  -2.190  54.937 0.0000000000
64918  -16.213  -14.243  67.103 0.0000000000
64907  -16.483  -14.068  67.787 0.0000000000
64893  -16.864  -14.389  68.488 0.0000000000
62584  -17.423  -15.892  68.055 0.0000000000
83528  -47.228  3.872  50.433 0.0000000000
84604  -46.482  4.068  46.141 0.0000000000
84579  -46.700  4.458  46.800 0.0000000000
83632  -47.553  3.891  46.222 0.0000000000
84581  -48.501  4.109  46.794 0.0000000000
84554  -48.857  4.476  47.492 0.0000000000
83609  -51.577  2.793  46.899 0.0000000000
84559  -51.440  3.108  47.198 0.0000000000
82888  -51.624  2.152  35.101 0.0000000000
82880  -51.201  2.501  35.735 0.0000000000
82870  -51.676  2.599  36.577 0.0000000000
82855  -51.062  2.452  37.432 0.0000000000
82854  -49.973  2.428  37.359 0.0000000000
82840  -50.337  2.274  38.292 0.0000000000
141652  -50.808  1.685  40.179 0.0000000000
80877  -48.414  -0.239  26.874 0.0000000000
80420  -44.013  0.343  55.733 0.0000000000
81535  -43.839  1.193  55.292 0.0000000000
81523  -43.315  1.086  55.964 0.0000000000
82526  -42.636  1.422  55.389 0.0000000000
82536  -42.243  1.846  54.757 0.0000000000
141588  -41.494  0.688  54.832 0.0000000000
82535  -41.657  1.636  54.413 0.0000000000
83477  -42.002  2.354  53.669 0.0000000000
83495  -41.656  2.502  52.952 0.0000000000
83509  -41.593  2.693  52.599 0.0000000000
82606  -41.327  2.344  51.306 0.0000000000
63798  -17.938  -15.122  67.077 0.0000000000
62591  -19.183  -16.049  66.869 0.0000000000
63786  -19.201  -15.743  66.782 0.0000000000
63800  -19.713  -15.668  66.520 0.0000000000
62605  -21.941  -16.150  66.704 0.0000000000
61444  -22.654  -16.320  65.507 0.0000000000
61445  -23.358  -16.526  65.079 0.0000000000
70927  -34.825  -9.077  61.366 0.0000000000
70906  -35.722  -9.002  61.275 0.0000000000
70907  -36.474  -9.066  60.513 0.0000000000
70892  -37.118  -9.023  60.197 0.0000000000
70908  -37.237  -8.892  60.198 0.0000000000
71978  -37.836  -8.317  59.895 0.0000000000
73098  -38.359  -7.551  59.784 0.0000000000
71997  -37.476  -7.601  59.689 0.0000000000
74174  -38.667  -7.044  60.287 0.0000000000
74184  -38.943  -6.536  60.608 0.0000000000
75156  -39.265  -5.658  60.443 0.0000000000
75165  -39.429  -5.185  59.799 0.0000000000
72131  -39.692  -7.672  53.724 0.0000000000
72132  -40.422  -6.882  54.370 0.0000000000
141513  -40.935  -4.854  54.969 0.0000000000
141566  -43.990  -1.955  55.835 0.0000000000
141577  -44.059  -0.938  56.145 0.0000000000
63813  -16.868  -14.556  66.534 0.0000000000
63814  -17.855  -14.887  66.737 0.0000000000
84465  -44.311  4.335  50.994 0.0000000000
85410  -44.820  4.506  50.080 0.0000000000
85411  -46.046  4.263  49.629 0.0000000000
85424  -45.593  4.631  49.564 0.0000000000
85412  -47.227  4.331  49.993 0.0000000000
85413  -47.813  4.672  50.573 0.0000000000
82728  -49.083  2.121  45.669 0.0000000000
82712  -49.100  2.640  46.071 0.0000000000
82713  -49.472  2.595  46.121 0.0000000000
83660  -50.694  2.708  46.031 0.0000000000
83637  -51.340  3.059  46.410 0.0000000000
82731  -51.496  2.581  45.226 0.0000000000
83662  -51.944  2.646  45.510 0.0000000000
83638  -51.803  2.820  46.421 0.0000000000
82701  -51.961  2.299  46.656 0.0000000000
81893  -48.391  1.801  32.805 0.0000000000
81881  -49.926  2.160  33.397 0.0000000000
81882  -50.944  1.908  33.457 0.0000000000
81883  -51.603  1.412  33.941 0.0000000000
81874  -51.753  1.634  34.691 0.0000000000
81862  -52.342  1.628  35.512 0.0000000000
80728  -53.495  0.906  36.691 0.0000000000
71075  -39.634  -7.909  53.043 0.0000000000
72150  -40.082  -7.672  51.946 0.0000000000
84576  -43.782  4.559  46.828 0.0000000000
84602  -44.566  4.082  46.097 0.0000000000
83655  -45.293  3.605  45.482 0.0000000000
82726  -46.885  2.483  45.111 0.0000000000
82727  -47.987  2.285  45.513 0.0000000000
81726  -48.510  1.440  45.338 0.0000000000
81753  -49.312  0.985  44.803 0.0000000000
81754  -50.001  1.483  44.351 0.0000000000
82789  -49.865  2.259  43.208 0.0000000000
82800  -49.818  2.811  42.406 0.0000000000
81908  -47.148  1.380  32.043 0.0000000000
80778  -48.903  1.377  32.125 0.0000000000
78576  -49.100  -1.000  32.788 0.0000000000
80830  -48.989  -0.647  28.562 0.0000000000
81594  -43.798  1.371  52.037 0.0000000000
82538  -43.396  1.932  54.757 0.0000000000
83463  -43.191  2.569  53.931 0.0000000000
83480  -43.466  3.469  53.894 0.0000000000
84424  -43.380  4.066  54.127 0.0000000000
84438  -43.765  4.492  52.973 0.0000000000
85420  -42.644  4.921  50.943 0.0000000000
85434  -42.926  5.201  50.397 0.0000000000
141547  -40.484  0.802  52.031 0.0000000000
81569  -40.436  1.106  51.584 0.0000000000
81621  -40.647  1.549  50.909 0.0000000000
82626  -40.870  2.515  50.554 0.0000000000
82650  -40.382  2.403  49.836 0.0000000000
83561  -40.069  2.948  49.473 0.0000000000
59118  -16.755  -17.893  65.314 0.0000000000
59119  -17.259  -18.145  65.319 0.0000000000
57856  -17.699  -18.463  65.214 0.0000000000
61425  -19.728  -16.318  66.436 0.0000000000
60316  -20.102  -16.919  65.967 0.0000000000
62620  -23.275  -16.102  65.234 0.0000000000
61446  -24.435  -16.529  64.934 0.0000000000
60341  -24.726  -17.165  64.616 0.0000000000
56564  -25.782  -18.747  63.483 0.0000000000
57864  -27.396  -17.990  62.805 0.0000000000
57923  -30.604  -18.507  61.401 0.0000000000
59142  -32.843  -17.117  62.472 0.0000000000
59151  -33.122  -17.423  62.151 0.0000000000
59160  -33.945  -17.460  62.046 0.0000000000
62737  -35.517  -15.188  60.999 0.0000000000
63865  -33.331  -14.773  61.996 0.0000000000
67298  -33.831  -11.974  61.619 0.0000000000
66060  -33.724  -12.875  61.711 0.0000000000
66061  -34.198  -12.939  61.870 0.0000000000
64940  -34.369  -13.817  62.114 0.0000000000
64942  -35.731  -13.356  62.118 0.0000000000
66079  -36.083  -12.997  61.615 0.0000000000
67317  -36.095  -11.866  61.590 0.0000000000
66093  -36.467  -12.674  60.938 0.0000000000
70910  -38.181  -8.966  59.804 0.0000000000
69737  -38.274  -9.273  59.731 0.0000000000
69756  -38.764  -9.408  59.359 0.0000000000
70953  -39.184  -8.618  59.216 0.0000000000
69776  -39.650  -9.558  58.990 0.0000000000
71000  -36.645  -8.259  57.084 0.0000000000
72055  -37.057  -7.682  57.477 0.0000000000
73162  -38.091  -6.907  57.581 0.0000000000
73131  -38.451  -6.359  58.596 0.0000000000
74192  -39.488  -5.259  59.240 0.0000000000
75177  -39.817  -4.927  59.138 0.0000000000
72106  -39.725  -6.532  55.348 0.0000000000
73196  -39.806  -5.863  55.644 0.0000000000
74234  -39.835  -5.015  56.544 0.0000000000
141560  -40.167  -4.299  56.634 0.0000000000
75203  -39.738  -4.955  57.291 0.0000000000
74204  -40.022  -4.798  58.097 0.0000000000
75178  -40.415  -4.563  58.379 0.0000000000
74205  -41.228  -5.306  58.482 0.0000000000
73150  -43.127  -6.002  57.235 0.0000000000
141496  -42.994  -3.244  51.027 0.0000000000
60326  -16.003  -16.788  67.098 0.0000000000
59085  -16.296  -16.956  66.533 0.0000000000
84550  -45.188  4.940  47.532 0.0000000000
85465  -46.499  5.057  48.183 0.0000000000
84552  -47.052  4.806  47.443 0.0000000000
85453  -47.782  5.012  48.852 0.0000000000
85427  -48.448  4.794  50.328 0.0000000000
84489  -49.040  4.453  50.632 0.0000000000
84555  -49.664  4.184  47.570 0.0000000000
84528  -49.804  4.263  48.239 0.0000000000
84529  -50.310  3.941  48.197 0.0000000000
85456  -49.913  4.245  48.842 0.0000000000
84509  -50.018  4.073  49.493 0.0000000000
84471  -49.855  3.495  50.296 0.0000000000
83531  -49.546  2.955  50.527 0.0000000000
82810  -49.614  2.992  41.732 0.0000000000
83713  -50.048  3.103  41.867 0.0000000000
81872  -48.590  2.319  34.377 0.0000000000
82884  -48.207  2.444  35.218 0.0000000000
82878  -49.262  2.590  35.669 0.0000000000
82877  -48.440  2.485  35.719 0.0000000000
81861  -47.786  2.281  35.669 0.0000000000
141651  -47.580  2.499  38.709 0.0000000000
141656  -48.267  2.756  39.231 0.0000000000
141662  -49.138  2.815  39.422 0.0000000000
83726  -49.316  2.976  40.816 0.0000000000
83729  -51.093  3.020  41.964 0.0000000000
82813  -51.774  2.391  41.852 0.0000000000
81803  -51.977  2.138  41.762 0.0000000000
80660  -52.172  1.587  41.730 0.0000000000
80667  -51.214  1.527  40.776 0.0000000000
80659  -51.734  1.095  41.270 0.0000000000
80644  -51.839  0.403  41.949 0.0000000000
56583  -29.108  -18.690  62.110 0.0000000000
57839  -17.992  -18.323  65.827 0.0000000000
57887  -29.345  -18.374  62.264 0.0000000000
57888  -30.310  -18.330  62.027 0.0000000000
57889  -30.971  -18.228  61.815 0.0000000000
57907  -32.363  -17.827  61.732 0.0000000000
57926  -33.205  -17.649  61.659 0.0000000000
57943  -33.267  -17.736  61.388 0.0000000000
59149  -31.499  -18.066  61.826 0.0000000000
59168  -33.101  -17.899  60.967 0.0000000000
59171  -34.248  -17.049  61.301 0.0000000000
59182  -33.624  -17.626  60.690 0.0000000000
59184  -34.517  -16.790  60.743 0.0000000000
60311  -16.429  -16.565  67.458 0.0000000000
60312  -16.996  -16.610  66.916 0.0000000000
60368  -31.906  -17.308  62.447 0.0000000000
60390  -34.133  -17.111  62.012 0.0000000000
60391  -34.434  -16.623  61.487 0.0000000000
60400  -34.564  -16.657  61.069 0.0000000000
60401  -35.023  -16.624  60.878 0.0000000000
61413  -17.356  -16.173  67.565 0.0000000000
61422  -17.110  -16.403  67.290 0.0000000000
62589  -17.581  -15.762  67.584 0.0000000000
62602  -19.737  -15.920  66.665 0.0000000000
62719  -35.277  -15.604  61.075 0.0000000000
62736  -35.530  -14.866  61.245 0.0000000000
63773  -17.374  -15.432  68.484 0.0000000000
63881  -35.347  -14.619  61.855 0.0000000000
64882  -16.760  -14.632  69.006 0.0000000000
64894  -17.422  -14.760  67.947 0.0000000000
64895  -17.617  -14.908  67.623 0.0000000000
64920  -17.417  -14.600  67.321 0.0000000000
64953  -36.058  -13.757  61.481 0.0000000000
66077  -34.191  -12.725  61.870 0.0000000000
66078  -34.372  -12.638  62.024 0.0000000000
67297  -33.410  -12.080  61.503 0.0000000000
67314  -33.648  -11.699  61.379 0.0000000000
68500  -36.189  -10.240  61.598 0.0000000000
69716  -35.599  -10.123  62.488 0.0000000000
69733  -34.754  -10.090  62.601 0.0000000000
69734  -36.699  -10.425  60.562 0.0000000000
69751  -34.223  -9.861  61.633 0.0000000000
69774  -37.928  -10.175  60.230 0.0000000000
70888  -35.237  -9.697  63.029 0.0000000000
70904  -34.400  -9.468  62.076 0.0000000000
71975  -35.911  -8.853  60.663 0.0000000000
72027  -36.764  -7.552  58.938 0.0000000000
72040  -36.880  -7.496  58.247 0.0000000000
72042  -40.592  -6.663  58.270 0.0000000000
72058  -40.730  -6.609  57.927 0.0000000000
72141  -40.530  -7.201  53.651 0.0000000000
73088  -37.872  -8.009  59.871 0.0000000000
73097  -38.095  -6.782  59.780 0.0000000000
73108  -38.402  -6.631  59.590 0.0000000000
73109  -38.632  -6.272  59.624 0.0000000000
73132  -40.703  -6.239  58.228 0.0000000000
73146  -37.933  -6.862  58.236 0.0000000000
73148  -40.822  -6.353  57.912 0.0000000000
73149  -40.899  -6.535  57.764 0.0000000000
73179  -38.835  -6.564  56.476 0.0000000000
73181  -39.505  -5.849  55.989 0.0000000000
74172  -38.549  -6.591  60.092 0.0000000000
74173  -38.582  -6.780  60.193 0.0000000000
74218  -39.827  -4.949  57.879 0.0000000000
74232  -38.937  -5.928  56.946 0.0000000000
74248  -39.477  -5.672  56.270 0.0000000000
74249  -39.822  -5.293  56.117 0.0000000000
75155  -38.782  -5.842  60.621 0.0000000000
75157  -39.790  -5.444  60.076 0.0000000000
75164  -38.912  -5.575  60.173 0.0000000000
75166  -40.205  -5.030  59.400 0.0000000000
75189  -39.791  -4.934  57.590 0.0000000000
75190  -40.091  -4.567  57.597 0.0000000000
75204  -39.913  -4.649  56.880 0.0000000000
75217  -40.048  -4.659  56.395 0.0000000000
78531  -50.303  -0.784  34.149 0.0000000000
78604  -49.487  -1.299  28.237 0.0000000000
79257  -44.104  0.202  55.409 0.0000000000
80458  -40.087  1.005  51.041 0.0000000000
80474  -39.988  1.082  50.805 0.0000000000
80604  -48.578  0.592  44.438 0.0000000000
80628  -53.403  1.366  43.421 0.0000000000
80629  -54.051  1.714  43.807 0.0000000000
80709  -53.862  1.215  37.146 0.0000000000
80729  -54.051  1.228  36.662 0.0000000000
80743  -53.713  1.208  36.225 0.0000000000
80744  -54.065  1.380  36.383 0.0000000000
80781  -51.336  0.091  33.178 0.0000000000
81534  -41.668  1.286  54.849 0.0000000000
81544  -40.748  1.141  52.649 0.0000000000
81570  -40.696  1.455  51.526 0.0000000000
81590  -40.339  1.330  50.579 0.0000000000
81591  -40.336  1.280  50.945 0.0000000000
81592  -40.646  1.490  51.253 0.0000000000
81620  -40.612  1.725  50.451 0.0000000000
81698  -52.366  1.988  46.231 0.0000000000
81777  -53.724  2.025  43.345 0.0000000000
81778  -54.115  2.259  44.060 0.0000000000
81792  -53.066  2.311  42.879 0.0000000000
81831  -53.026  1.816  38.034 0.0000000000
81845  -53.699  1.694  37.504 0.0000000000
81846  -54.159  1.606  37.046 0.0000000000
81853  -54.222  1.604  36.590 0.0000000000
81863  -53.365  1.559  35.875 0.0000000000
81864  -53.968  1.616  36.213 0.0000000000
81871  -47.953  2.249  34.689 0.0000000000
82528  -43.485  1.370  55.350 0.0000000000
82552  -41.134  1.496  53.156 0.0000000000
82554  -41.928  2.030  54.156 0.0000000000
82555  -43.264  2.337  54.064 0.0000000000
82571  -41.552  1.992  53.224 0.0000000000
82587  -40.840  1.521  51.707 0.0000000000
82607  -41.027  1.686  51.478 0.0000000000
82627  -41.172  1.971  50.967 0.0000000000
82685  -51.621  2.631  47.101 0.0000000000
82732  -53.453  2.163  45.622 0.0000000000
82761  -51.811  2.554  44.940 0.0000000000
82793  -54.006  2.541  44.252 0.0000000000
82801  -50.472  3.094  42.796 0.0000000000
82842  -52.667  2.293  38.071 0.0000000000
82843  -53.430  2.131  37.756 0.0000000000
82857  -53.130  2.310  37.308 0.0000000000
82858  -53.995  2.144  37.202 0.0000000000
82859  -54.280  1.874  36.866 0.0000000000
82871  -52.673  2.442  36.602 0.0000000000
82872  -53.538  2.255  36.595 0.0000000000
82873  -54.133  2.018  36.530 0.0000000000
82879  -50.216  2.524  35.687 0.0000000000
82881  -52.185  2.415  35.796 0.0000000000
82882  -53.068  2.143  35.959 0.0000000000
82887  -50.764  2.403  34.931 0.0000000000
82890  -49.423  2.325  34.192 0.0000000000
83461  -42.877  2.562  54.028 0.0000000000
83548  -47.908  2.978  50.607 0.0000000000
83565  -50.919  2.761  48.357 0.0000000000
83566  -51.208  2.864  48.043 0.0000000000
83586  -51.349  2.957  47.816 0.0000000000
83587  -51.463  2.858  47.407 0.0000000000
83588  -51.721  2.548  46.866 0.0000000000
83610  -51.883  2.562  46.619 0.0000000000
83659  -48.867  2.713  46.026 0.0000000000
83664  -52.890  2.149  45.645 0.0000000000
83681  -51.772  2.986  44.052 0.0000000000
83703  -52.294  3.079  43.821 0.0000000000
83715  -51.462  3.151  42.557 0.0000000000
83728  -50.531  3.000  41.554 0.0000000000
84407  -43.118  3.546  54.027 0.0000000000
84422  -42.297  3.020  53.403 0.0000000000
84450  -41.394  3.535  52.674 0.0000000000
84470  -49.356  3.832  50.930 0.0000000000
84488  -46.314  3.791  50.004 0.0000000000
84490  -49.731  4.172  50.179 0.0000000000
84491  -50.175  3.472  49.462 0.0000000000
84492  -50.435  3.105  49.003 0.0000000000
84531  -51.180  3.079  47.903 0.0000000000
84532  -51.669  3.059  47.472 0.0000000000
84558  -51.107  3.327  47.468 0.0000000000
84584  -50.845  3.559  46.992 0.0000000000
84586  -51.387  3.080  47.002 0.0000000000
84605  -47.145  4.064  46.291 0.0000000000
85368  -42.541  4.203  53.676 0.0000000000
85370  -43.448  4.525  53.630 0.0000000000
85379  -41.729  4.430  53.075 0.0000000000
85440  -48.130  4.911  49.555 0.0000000000
85441  -48.885  4.771  49.596 0.0000000000
85442  -49.602  4.441  49.509 0.0000000000
85443  -49.975  4.183  49.200 0.0000000000
141523  -39.994  0.026  50.403 0.0000000000
141533  -40.088  0.609  51.067 0.0000000000
141541  -40.038  0.790  50.880 0.0000000000
141548  -40.521  1.072  51.962 0.0000000000
141568  -44.472  -1.837  55.317 0.0000000000
141569  -44.787  -1.739  54.698 0.0000000000
141589  -44.080  0.403  55.298 0.0000000000
141649  -47.356  2.018  40.749 0.0000000000
141665  -49.775  2.845  40.686 0.0000000000
141666  -49.374  2.927  40.462 0.0000000000
