#!ascii label  , from subject la02 vox2ras=TkReg
1660
104514  -44.720  25.747  13.285 0.0000000000
98853  -51.473  18.485  -0.074 0.0000000000
109977  -46.066  33.823  8.936 0.0000000000
100548  -48.467  20.169  9.245 0.0000000000
99560  -49.230  19.897  18.348 0.0000000000
105234  -46.088  26.147  4.338 0.0000000000
111043  -51.112  34.211  -1.105 0.0000000000
113620  -44.555  37.337  6.442 0.0000000000
100404  -41.715  20.462  20.046 0.0000000000
101381  -45.940  21.371  12.471 0.0000000000
102285  -43.347  22.509  7.025 0.0000000000
105190  -48.612  26.543  11.292 0.0000000000
110826  -51.056  34.815  12.777 0.0000000000
110046  -49.982  33.859  4.235 0.0000000000
112688  -52.753  36.219  6.908 0.0000000000
111865  -47.753  35.817  3.041 0.0000000000
113554  -48.974  37.428  10.168 0.0000000000
99805  -47.625  19.953  -3.313 0.0000000000
105827  -39.704  27.733  12.675 0.0000000000
105847  -43.515  27.851  9.073 0.0000000000
142032  -54.602  23.843  11.027 0.0000000000
97809  -49.927  17.993  13.312 0.0000000000
98727  -44.582  18.529  13.815 0.0000000000
97730  -43.322  18.258  17.948 0.0000000000
101531  -46.096  20.706  1.163 0.0000000000
104616  -44.007  25.584  -1.472 0.0000000000
107251  -47.210  29.676  5.102 0.0000000000
107308  -50.268  29.101  0.283 0.0000000000
142156  -45.124  28.783  -3.611 0.0000000000
110129  -44.006  32.971  -0.823 0.0000000000
110080  -41.266  34.119  1.873 0.0000000000
102997  -46.441  23.475  13.418 0.0000000000
103800  -46.660  24.003  11.587 0.0000000000
105183  -47.432  26.695  13.327 0.0000000000
112597  -52.743  36.821  14.304 0.0000000000
111795  -53.031  35.566  9.621 0.0000000000
113568  -53.797  37.609  10.308 0.0000000000
113607  -51.450  36.971  8.062 0.0000000000
98862  -49.266  18.882  -1.558 0.0000000000
107193  -37.150  29.106  12.026 0.0000000000
107847  -39.320  30.091  10.510 0.0000000000
98694  -50.764  18.851  16.159 0.0000000000
97797  -47.476  17.466  14.416 0.0000000000
97771  -47.202  17.338  16.247 0.0000000000
99552  -41.509  19.686  18.840 0.0000000000
99615  -38.270  19.277  14.503 0.0000000000
102992  -37.965  23.604  14.198 0.0000000000
101338  -35.447  21.523  15.250 0.0000000000
101447  -49.082  21.534  7.160 0.0000000000
104554  -43.629  25.112  6.252 0.0000000000
101506  -44.417  21.533  3.790 0.0000000000
103871  -43.859  23.974  2.811 0.0000000000
141976  -44.591  23.854  0.019 0.0000000000
104592  -44.553  25.621  1.889 0.0000000000
108524  -42.861  31.233  7.661 0.0000000000
107228  -45.008  28.833  6.717 0.0000000000
109240  -45.364  32.442  5.580 0.0000000000
110118  -52.301  33.665  0.802 0.0000000000
109294  -48.852  31.818  0.306 0.0000000000
108628  -50.096  31.596  -2.065 0.0000000000
106655  -47.709  28.828  -2.809 0.0000000000
108626  -48.663  31.608  -3.046 0.0000000000
107935  -45.217  30.322  -1.623 0.0000000000
111047  -47.426  33.746  -1.956 0.0000000000
112697  -46.823  36.478  5.059 0.0000000000
110963  -45.556  34.290  2.860 0.0000000000
110949  -43.624  34.247  4.537 0.0000000000
110037  -40.227  33.921  3.696 0.0000000000
112692  -42.203  35.922  5.875 0.0000000000
99659  -45.577  19.256  10.491 0.0000000000
101425  -45.134  20.957  8.443 0.0000000000
102240  -44.141  22.374  10.387 0.0000000000
104527  -44.637  25.065  9.480 0.0000000000
105218  -47.769  26.757  8.017 0.0000000000
110854  -48.212  34.127  10.029 0.0000000000
110913  -47.812  34.125  6.625 0.0000000000
110900  -51.691  33.936  7.895 0.0000000000
110030  -53.748  33.956  5.202 0.0000000000
111880  -52.682  35.301  2.641 0.0000000000
111902  -50.287  35.011  0.689 0.0000000000
112712  -50.805  36.326  4.360 0.0000000000
113624  -48.350  37.189  6.529 0.0000000000
113577  -46.950  37.673  7.813 0.0000000000
142006  -45.828  21.120  -4.286 0.0000000000
105809  -42.011  27.660  14.166 0.0000000000
106506  -44.409  28.604  12.966 0.0000000000
106517  -41.446  28.120  11.876 0.0000000000
107852  -41.155  29.985  9.055 0.0000000000
109206  -43.617  33.221  9.959 0.0000000000
109947  -43.625  33.928  12.777 0.0000000000
109950  -46.482  34.259  12.003 0.0000000000
100534  -51.140  21.211  10.667 0.0000000000
100515  -52.142  20.842  12.484 0.0000000000
98762  -49.061  18.812  10.692 0.0000000000
98750  -46.197  18.220  11.939 0.0000000000
99630  -45.508  19.372  13.170 0.0000000000
101294  -48.092  22.209  19.397 0.0000000000
102137  -43.143  22.379  20.221 0.0000000000
100436  -44.729  21.023  18.890 0.0000000000
98652  -45.436  18.807  18.426 0.0000000000
97780  -44.038  17.397  15.605 0.0000000000
103006  -42.098  24.093  12.596 0.0000000000
100654  -51.525  20.306  1.313 0.0000000000
101479  -45.991  20.829  5.847 0.0000000000
100621  -47.451  20.179  3.277 0.0000000000
99764  -49.018  19.907  -0.265 0.0000000000
100680  -48.013  20.699  -2.216 0.0000000000
141992  -46.829  21.991  -3.335 0.0000000000
142012  -44.502  24.099  -5.249 0.0000000000
106522  -47.004  28.512  11.633 0.0000000000
106559  -48.917  29.078  8.343 0.0000000000
105871  -49.866  28.384  6.063 0.0000000000
110064  -46.813  32.564  3.303 0.0000000000
107284  -48.704  29.518  2.323 0.0000000000
105905  -49.037  27.411  2.695 0.0000000000
105928  -46.625  27.617  0.173 0.0000000000
142148  -44.989  27.928  -2.766 0.0000000000
142025  -43.143  25.137  -5.986 0.0000000000
111009  -46.474  34.525  0.288 0.0000000000
111006  -43.062  34.318  0.266 0.0000000000
109289  -39.988  32.591  0.775 0.0000000000
110986  -38.553  33.969  2.137 0.0000000000
110959  -37.469  34.426  3.435 0.0000000000
103779  -45.751  24.437  13.277 0.0000000000
103780  -46.581  24.675  13.408 0.0000000000
104507  -45.903  25.744  13.441 0.0000000000
113550  -54.225  37.033  12.333 0.0000000000
113547  -52.230  37.625  11.650 0.0000000000
98863  -50.217  18.999  -0.799 0.0000000000
99574  -49.612  19.210  17.744 0.0000000000
98692  -48.748  17.943  16.207 0.0000000000
98655  -48.405  18.943  17.928 0.0000000000
98713  -37.287  18.897  14.852 0.0000000000
100491  -36.922  20.589  14.401 0.0000000000
100567  -49.677  21.199  8.774 0.0000000000
101428  -48.429  21.230  8.023 0.0000000000
104556  -45.140  25.878  5.726 0.0000000000
103854  -43.575  24.340  4.468 0.0000000000
104577  -44.453  25.291  4.018 0.0000000000
103872  -44.093  24.461  2.087 0.0000000000
105243  -46.063  26.115  3.397 0.0000000000
109222  -44.167  32.865  7.866 0.0000000000
109230  -43.799  31.772  6.641 0.0000000000
109999  -45.654  33.455  7.111 0.0000000000
110145  -52.155  33.629  -0.714 0.0000000000
109312  -51.540  33.107  -0.221 0.0000000000
109331  -50.599  32.757  -2.022 0.0000000000
108627  -49.473  31.663  -2.896 0.0000000000
109329  -49.024  32.633  -3.009 0.0000000000
109328  -48.223  32.552  -2.633 0.0000000000
111050  -49.531  34.133  -2.151 0.0000000000
112683  -45.481  36.632  5.932 0.0000000000
111846  -45.140  35.751  4.870 0.0000000000
112695  -44.586  36.253  5.477 0.0000000000
111844  -43.083  35.441  5.531 0.0000000000
112681  -43.491  36.809  6.140 0.0000000000
100522  -45.328  20.510  11.607 0.0000000000
100544  -44.650  20.418  10.100 0.0000000000
101389  -44.840  21.541  11.271 0.0000000000
104518  -47.162  25.180  11.217 0.0000000000
103806  -46.331  24.755  10.794 0.0000000000
104524  -46.676  25.584  10.266 0.0000000000
105198  -46.474  26.195  8.745 0.0000000000
105200  -48.249  26.645  9.431 0.0000000000
110846  -49.759  34.314  11.184 0.0000000000
110868  -50.157  34.206  9.466 0.0000000000
110857  -51.214  34.471  10.292 0.0000000000
112667  -54.239  36.135  8.600 0.0000000000
110901  -52.900  34.680  7.483 0.0000000000
111848  -53.416  35.115  6.013 0.0000000000
111869  -53.201  34.877  4.122 0.0000000000
112726  -53.173  35.519  4.448 0.0000000000
112724  -51.644  35.894  3.573 0.0000000000
112702  -51.969  36.366  5.557 0.0000000000
113564  -49.811  37.350  9.419 0.0000000000
113605  -49.475  37.111  7.607 0.0000000000
113579  -48.667  37.215  8.302 0.0000000000
113603  -47.628  37.325  7.210 0.0000000000
113562  -47.876  37.488  8.995 0.0000000000
99803  -46.589  19.948  -3.551 0.0000000000
105808  -40.967  27.507  14.431 0.0000000000
105820  -42.212  28.068  13.506 0.0000000000
105829  -41.033  28.090  12.534 0.0000000000
108502  -40.227  31.585  10.749 0.0000000000
107851  -40.565  30.010  9.593 0.0000000000
108510  -41.145  31.329  9.627 0.0000000000
109211  -42.404  31.874  9.089 0.0000000000
109205  -42.761  32.998  10.318 0.0000000000
109929  -43.790  33.522  14.562 0.0000000000
109948  -44.615  34.280  12.293 0.0000000000
109932  -45.988  34.681  13.402 0.0000000000
110834  -47.184  34.540  12.652 0.0000000000
110813  -47.651  35.029  13.813 0.0000000000
102243  -52.877  23.202  9.768 0.0000000000
101393  -52.721  22.142  11.481 0.0000000000
100499  -52.821  21.109  14.219 0.0000000000
99632  -51.647  19.598  13.074 0.0000000000
99642  -50.776  19.436  12.009 0.0000000000
98741  -50.021  18.263  11.991 0.0000000000
97836  -47.611  17.909  11.144 0.0000000000
97815  -47.897  17.608  12.561 0.0000000000
98718  -46.041  17.857  14.525 0.0000000000
98739  -45.731  18.619  13.361 0.0000000000
99629  -44.809  19.275  13.458 0.0000000000
101275  -42.446  21.548  20.344 0.0000000000
100434  -43.219  20.751  19.133 0.0000000000
99555  -43.826  19.861  18.718 0.0000000000
99535  -45.631  20.537  18.990 0.0000000000
97731  -43.870  18.129  17.950 0.0000000000
97750  -45.187  17.371  17.329 0.0000000000
97767  -43.597  17.365  16.343 0.0000000000
103787  -40.700  24.885  13.214 0.0000000000
103004  -40.128  23.920  12.934 0.0000000000
101520  -53.461  21.186  2.614 0.0000000000
101443  -44.775  21.372  7.450 0.0000000000
101463  -46.451  21.133  6.566 0.0000000000
101461  -44.492  21.386  6.492 0.0000000000
102320  -45.069  21.467  2.371 0.0000000000
100620  -46.391  20.310  3.497 0.0000000000
100652  -46.801  20.232  1.598 0.0000000000
99734  -49.072  19.860  1.473 0.0000000000
99763  -48.335  20.090  0.335 0.0000000000
100663  -48.685  20.415  -0.909 0.0000000000
100670  -46.408  21.227  -0.327 0.0000000000
103892  -44.588  24.310  -0.443 0.0000000000
141983  -45.883  23.393  -2.063 0.0000000000
141994  -45.329  24.084  -2.481 0.0000000000
142015  -46.064  23.298  -4.780 0.0000000000
104624  -44.254  24.765  -3.421 0.0000000000
106531  -43.853  28.147  10.979 0.0000000000
106521  -45.793  28.446  11.816 0.0000000000
106542  -44.966  28.102  9.630 0.0000000000
106582  -46.455  29.205  6.623 0.0000000000
106558  -47.702  29.168  8.328 0.0000000000
107229  -48.160  29.669  6.825 0.0000000000
106574  -49.848  28.685  7.296 0.0000000000
107253  -49.197  29.289  5.467 0.0000000000
110025  -49.038  34.105  5.118 0.0000000000
110024  -47.612  33.959  5.324 0.0000000000
110066  -48.581  33.395  3.108 0.0000000000
107931  -49.518  30.548  -0.413 0.0000000000
107910  -48.052  30.359  1.180 0.0000000000
107296  -49.579  29.274  1.372 0.0000000000
106609  -49.939  28.446  3.381 0.0000000000
105932  -50.075  27.737  1.291 0.0000000000
105916  -47.786  27.441  1.462 0.0000000000
105944  -49.018  27.628  0.277 0.0000000000
106654  -46.415  28.782  -2.627 0.0000000000
142150  -45.728  28.518  -2.632 0.0000000000
106671  -45.023  28.058  -3.874 0.0000000000
105315  -44.517  26.589  -5.336 0.0000000000
106682  -44.351  28.271  -6.146 0.0000000000
105314  -42.321  27.090  -5.432 0.0000000000
106670  -44.178  28.571  -4.068 0.0000000000
108601  -45.001  31.714  -0.929 0.0000000000
107319  -43.945  29.696  -1.140 0.0000000000
111876  -48.688  35.742  2.326 0.0000000000
111900  -48.302  34.908  0.549 0.0000000000
111887  -47.587  35.095  1.383 0.0000000000
110082  -43.432  33.662  1.875 0.0000000000
110992  -44.502  34.037  1.190 0.0000000000
110990  -42.136  34.260  0.985 0.0000000000
110113  -41.511  33.532  0.108 0.0000000000
111004  -40.797  34.372  0.576 0.0000000000
110095  -39.105  33.584  1.449 0.0000000000
110988  -40.148  34.828  1.463 0.0000000000
110928  -40.140  34.246  5.425 0.0000000000
110960  -38.429  34.368  3.356 0.0000000000
110945  -37.702  34.656  4.141 0.0000000000
110944  -36.750  34.705  4.072 0.0000000000
102228  -46.520  21.954  12.849 0.0000000000
103016  -46.590  22.972  12.098 0.0000000000
103009  -46.881  23.019  12.845 0.0000000000
104509  -47.579  25.593  13.013 0.0000000000
105187  -48.349  26.755  12.462 0.0000000000
110850  -52.724  35.487  11.235 0.0000000000
111786  -54.036  36.324  11.702 0.0000000000
112633  -54.343  36.754  10.234 0.0000000000
112645  -53.372  36.936  8.544 0.0000000000
112664  -52.167  36.585  7.469 0.0000000000
113583  -52.714  37.231  9.149 0.0000000000
113556  -51.029  37.396  10.531 0.0000000000
98873  -49.178  19.334  -2.420 0.0000000000
106501  -38.339  28.096  12.677 0.0000000000
106515  -39.507  28.086  11.855 0.0000000000
107199  -38.490  29.219  11.206 0.0000000000
98706  -50.382  18.375  15.055 0.0000000000
97799  -49.201  17.550  14.077 0.0000000000
97786  -48.983  17.537  14.984 0.0000000000
97784  -47.349  17.318  15.344 0.0000000000
97795  -45.917  17.572  14.984 0.0000000000
100416  -41.898  20.343  19.555 0.0000000000
98670  -40.591  18.409  17.757 0.0000000000
100503  -39.039  20.608  13.858 0.0000000000
102209  -38.423  22.669  13.687 0.0000000000
101350  -37.433  21.540  14.148 0.0000000000
102199  -36.326  22.549  14.746 0.0000000000
103061  -43.124  23.390  6.761 0.0000000000
101476  -43.779  21.972  5.330 0.0000000000
103075  -43.376  23.466  4.728 0.0000000000
102318  -43.864  22.864  3.439 0.0000000000
141973  -44.696  22.553  1.584 0.0000000000
141970  -45.250  22.373  0.520 0.0000000000
141975  -44.536  23.442  0.863 0.0000000000
103882  -44.194  24.726  0.652 0.0000000000
104601  -44.312  25.890  0.673 0.0000000000
107867  -42.840  29.969  7.582 0.0000000000
106569  -44.471  28.363  7.748 0.0000000000
107874  -43.749  30.185  6.591 0.0000000000
107875  -44.285  30.283  6.080 0.0000000000
107882  -45.211  30.500  5.093 0.0000000000
110088  -51.757  33.808  2.592 0.0000000000
110086  -49.590  33.488  2.182 0.0000000000
110116  -50.590  33.014  0.397 0.0000000000
108604  -49.853  31.676  -0.612 0.0000000000
107321  -50.435  29.572  -0.980 0.0000000000
106645  -49.597  28.613  -1.745 0.0000000000
106658  -50.035  29.600  -2.440 0.0000000000
107341  -48.418  29.616  -3.484 0.0000000000
107943  -46.354  29.714  -2.661 0.0000000000
107327  -45.225  29.306  -2.704 0.0000000000
107937  -46.785  30.906  -2.178 0.0000000000
109320  -46.767  32.613  -1.652 0.0000000000
110141  -46.217  33.426  -1.434 0.0000000000
112709  -47.559  36.064  4.111 0.0000000000
111864  -46.825  35.430  3.025 0.0000000000
111855  -46.047  35.352  4.182 0.0000000000
110041  -44.558  33.943  3.612 0.0000000000
110061  -42.857  33.547  2.895 0.0000000000
110059  -40.564  34.112  2.766 0.0000000000
110019  -41.739  33.675  4.795 0.0000000000
110929  -41.184  34.205  5.521 0.0000000000
110910  -40.689  34.789  6.100 0.0000000000
100546  -46.492  19.625  9.351 0.0000000000
100564  -46.913  20.349  8.679 0.0000000000
100562  -44.986  20.375  9.302 0.0000000000
101408  -44.305  20.951  9.334 0.0000000000
102257  -43.530  22.364  9.021 0.0000000000
103021  -45.422  23.338  11.090 0.0000000000
103804  -44.517  23.924  10.336 0.0000000000
103811  -43.362  24.064  8.581 0.0000000000
104532  -44.493  25.522  8.292 0.0000000000
105215  -45.158  25.853  6.932 0.0000000000
105226  -47.438  26.529  6.192 0.0000000000
109978  -46.814  34.050  9.107 0.0000000000
110895  -47.055  34.076  7.876 0.0000000000
110883  -48.101  34.047  8.383 0.0000000000
110898  -49.815  34.157  7.741 0.0000000000
110937  -51.509  33.908  6.184 0.0000000000
110888  -52.499  34.522  8.442 0.0000000000
110002  -52.333  33.829  7.152 0.0000000000
110048  -52.152  33.645  4.493 0.0000000000
110982  -52.768  34.255  2.973 0.0000000000
111014  -52.683  34.439  1.250 0.0000000000
111012  -52.128  34.659  0.353 0.0000000000
111912  -50.786  34.843  -0.003 0.0000000000
111891  -51.742  35.366  1.581 0.0000000000
112732  -50.232  35.934  2.864 0.0000000000
112722  -49.466  36.182  3.477 0.0000000000
112686  -51.126  36.572  6.244 0.0000000000
112700  -49.937  36.545  5.123 0.0000000000
112710  -48.651  36.271  4.199 0.0000000000
113632  -47.141  37.089  5.670 0.0000000000
113622  -46.450  37.406  6.509 0.0000000000
114518  -45.723  37.788  6.882 0.0000000000
105186  -43.428  26.618  13.585 0.0000000000
105180  -44.522  27.163  13.850 0.0000000000
105810  -42.992  27.592  13.657 0.0000000000
106505  -43.352  28.285  12.987 0.0000000000
106530  -42.792  27.920  10.578 0.0000000000
106528  -40.514  28.341  10.676 0.0000000000
107207  -40.910  29.096  9.323 0.0000000000
107215  -42.234  29.058  8.409 0.0000000000
108515  -42.185  31.162  8.500 0.0000000000
109212  -43.795  32.764  9.105 0.0000000000
109976  -45.028  33.488  9.110 0.0000000000
109953  -42.270  33.420  12.399 0.0000000000
109955  -43.739  33.885  11.681 0.0000000000
109966  -44.857  33.877  10.346 0.0000000000
109967  -46.067  34.073  9.949 0.0000000000
109958  -46.988  34.178  10.980 0.0000000000
110835  -48.189  34.584  12.408 0.0000000000
110825  -50.055  34.738  12.922 0.0000000000
101410  -50.947  21.869  9.246 0.0000000000
100549  -49.553  20.531  9.614 0.0000000000
101373  -53.716  22.264  13.106 0.0000000000
101383  -53.684  22.323  12.091 0.0000000000
100526  -51.789  21.151  11.725 0.0000000000
99664  -50.038  19.786  10.772 0.0000000000
99662  -48.554  19.164  10.167 0.0000000000
98776  -47.102  18.477  10.165 0.0000000000
99660  -45.796  18.633  10.999 0.0000000000
100523  -45.694  19.874  11.984 0.0000000000
97814  -46.964  17.808  12.741 0.0000000000
99641  -45.722  19.207  12.544 0.0000000000
100513  -45.804  20.380  12.634 0.0000000000
101370  -45.852  21.269  13.386 0.0000000000
102139  -45.251  22.917  20.612 0.0000000000
100417  -42.623  21.031  19.432 0.0000000000
101290  -43.498  21.882  19.454 0.0000000000
102151  -46.391  22.991  19.744 0.0000000000
101293  -46.970  22.150  19.408 0.0000000000
100437  -46.866  20.090  19.012 0.0000000000
99559  -48.253  19.614  18.434 0.0000000000
98674  -46.847  17.806  17.566 0.0000000000
96783  -45.157  17.065  16.237 0.0000000000
97793  -44.416  17.635  14.955 0.0000000000
103790  -43.567  24.905  12.797 0.0000000000
104511  -42.161  25.644  13.284 0.0000000000
104499  -41.373  26.663  14.863 0.0000000000
105174  -40.202  26.641  14.680 0.0000000000
105806  -39.037  27.425  14.022 0.0000000000
99725  -53.416  19.777  3.309 0.0000000000
99753  -53.026  19.853  1.260 0.0000000000
99767  -51.976  19.881  0.352 0.0000000000
101445  -46.921  21.196  7.331 0.0000000000
101464  -47.521  21.176  6.445 0.0000000000
100591  -44.763  20.807  5.092 0.0000000000
100607  -46.970  20.305  4.221 0.0000000000
100623  -49.645  20.361  3.083 0.0000000000
100639  -50.235  20.180  2.241 0.0000000000
99750  -50.523  19.823  0.765 0.0000000000
99778  -50.717  19.336  -0.350 0.0000000000
99777  -49.613  19.698  -1.230 0.0000000000
100673  -49.453  20.122  -2.213 0.0000000000
100689  -47.952  20.392  -2.931 0.0000000000
100679  -47.287  21.104  -1.646 0.0000000000
101544  -47.378  21.208  -2.797 0.0000000000
142002  -47.166  21.171  -3.606 0.0000000000
142003  -46.730  21.911  -4.350 0.0000000000
142019  -45.557  22.549  -5.362 0.0000000000
141999  -43.923  23.417  -5.241 0.0000000000
105813  -46.032  27.783  13.842 0.0000000000
105823  -47.719  27.813  13.188 0.0000000000
105830  -49.151  28.113  11.845 0.0000000000
106543  -46.257  28.470  9.561 0.0000000000
106535  -48.237  28.781  10.382 0.0000000000
105841  -49.156  27.779  9.890 0.0000000000
105849  -48.980  27.459  8.701 0.0000000000
105869  -48.569  27.129  6.680 0.0000000000
105236  -48.053  26.786  5.247 0.0000000000
110011  -46.448  33.638  6.187 0.0000000000
109249  -46.231  32.576  4.381 0.0000000000
107895  -45.830  30.576  3.787 0.0000000000
109273  -47.754  32.288  1.782 0.0000000000
107901  -46.687  30.685  2.339 0.0000000000
107263  -47.997  29.623  4.298 0.0000000000
106603  -49.827  28.578  4.397 0.0000000000
105888  -49.432  27.582  4.751 0.0000000000
105245  -47.787  26.691  4.240 0.0000000000
105262  -47.181  26.888  2.819 0.0000000000
105277  -44.739  27.268  -0.554 0.0000000000
106632  -46.989  28.349  -1.142 0.0000000000
105939  -45.021  27.755  -1.332 0.0000000000
105284  -43.959  26.264  -2.291 0.0000000000
105297  -44.183  25.847  -4.032 0.0000000000
142022  -43.903  24.899  -6.021 0.0000000000
142152  -43.734  28.643  -2.552 0.0000000000
111026  -48.378  34.689  -0.582 0.0000000000
111025  -47.243  34.482  -0.622 0.0000000000
111037  -44.566  34.064  -0.913 0.0000000000
110993  -45.781  34.311  1.172 0.0000000000
111008  -45.299  34.468  0.294 0.0000000000
111035  -43.481  33.823  -0.698 0.0000000000
110126  -42.010  33.156  -0.012 0.0000000000
108587  -40.418  31.541  0.638 0.0000000000
107915  -40.010  30.565  0.971 0.0000000000
110975  -39.196  34.580  2.454 0.0000000000
110974  -38.277  34.113  2.718 0.0000000000
114499  -44.751  38.539  7.333 0.0000000000
114516  -44.123  38.194  6.982 0.0000000000
113618  -42.641  37.428  6.394 0.0000000000
112678  -40.988  36.483  6.433 0.0000000000
111832  -40.299  35.599  6.350 0.0000000000
103792  -45.305  25.276  13.234 0.0000000000
104515  -45.248  25.777  13.353 0.0000000000
98864  -51.253  18.920  -0.430 0.0000000000
100440  -49.847  20.765  18.590 0.0000000000
100441  -51.019  20.593  18.134 0.0000000000
99561  -50.127  19.904  18.201 0.0000000000
99573  -48.848  19.164  17.969 0.0000000000
98701  -36.773  18.616  15.535 0.0000000000
100566  -48.899  20.877  8.734 0.0000000000
100565  -47.943  20.539  8.598 0.0000000000
104566  -45.199  25.881  4.708 0.0000000000
104578  -45.246  25.820  3.708 0.0000000000
109987  -44.977  33.262  7.971 0.0000000000
109998  -44.741  33.099  7.018 0.0000000000
109988  -45.834  33.635  8.136 0.0000000000
111044  -51.929  34.179  -0.948 0.0000000000
109332  -51.040  33.038  -1.472 0.0000000000
110153  -50.831  33.381  -1.708 0.0000000000
109330  -49.891  32.645  -2.624 0.0000000000
110152  -50.269  33.595  -2.203 0.0000000000
110151  -49.345  33.520  -2.639 0.0000000000
111042  -50.165  34.336  -1.541 0.0000000000
112682  -44.974  36.634  6.022 0.0000000000
113629  -44.155  36.847  5.965 0.0000000000
112694  -43.590  36.344  5.774 0.0000000000
101380  -45.601  21.003  12.075 0.0000000000
100521  -45.030  21.049  11.509 0.0000000000
101390  -45.528  21.479  11.842 0.0000000000
104519  -47.997  25.748  11.715 0.0000000000
104525  -47.768  25.983  10.802 0.0000000000
105194  -47.557  26.212  9.900 0.0000000000
105195  -48.426  26.598  10.299 0.0000000000
110837  -50.542  34.529  11.941 0.0000000000
110847  -50.650  34.413  11.000 0.0000000000
110848  -51.354  34.633  11.158 0.0000000000
112689  -53.154  35.916  7.387 0.0000000000
111835  -53.162  35.332  6.936 0.0000000000
112704  -53.173  35.756  6.405 0.0000000000
112715  -53.282  35.674  5.424 0.0000000000
112714  -52.746  36.127  4.917 0.0000000000
112703  -52.799  36.239  5.918 0.0000000000
113580  -49.644  37.238  8.506 0.0000000000
113563  -48.812  37.267  9.232 0.0000000000
98881  -47.855  18.767  -2.848 0.0000000000
98880  -46.767  18.409  -2.745 0.0000000000
99804  -47.038  19.831  -3.582 0.0000000000
105818  -40.286  27.634  13.445 0.0000000000
105819  -41.226  27.996  13.476 0.0000000000
105828  -40.389  27.862  12.604 0.0000000000
109203  -40.575  31.770  10.608 0.0000000000
108509  -40.442  31.061  10.165 0.0000000000
109204  -41.299  32.119  10.186 0.0000000000
110822  -46.890  34.748  13.338 0.0000000000
102236  -53.774  23.264  10.410 0.0000000000
142030  -53.832  22.746  11.371 0.0000000000
98742  -50.442  18.649  12.405 0.0000000000
97818  -50.170  18.214  12.888 0.0000000000
97816  -48.853  17.606  12.471 0.0000000000
97808  -49.355  17.638  13.238 0.0000000000
98717  -45.560  17.992  14.450 0.0000000000
98728  -45.278  18.497  13.713 0.0000000000
99628  -44.450  18.795  13.599 0.0000000000
101274  -42.119  21.015  20.134 0.0000000000
98649  -42.588  19.007  18.335 0.0000000000
98650  -43.409  18.883  18.340 0.0000000000
98651  -44.381  18.930  18.411 0.0000000000
97748  -43.089  17.741  17.402 0.0000000000
102211  -40.342  22.549  12.940 0.0000000000
102223  -40.787  23.364  12.756 0.0000000000
102994  -39.676  23.183  13.054 0.0000000000
100610  -50.019  20.656  3.689 0.0000000000
101442  -43.852  21.749  7.281 0.0000000000
101526  -45.662  20.932  2.122 0.0000000000
100651  -46.231  20.463  2.191 0.0000000000
100653  -47.730  20.042  0.863 0.0000000000
100661  -46.923  20.418  0.594 0.0000000000
100662  -47.873  20.404  -0.141 0.0000000000
103900  -44.316  24.951  -0.913 0.0000000000
141990  -45.038  24.356  -1.542 0.0000000000
103910  -44.473  25.004  -1.817 0.0000000000
103911  -44.712  24.577  -2.757 0.0000000000
105835  -43.968  28.058  10.354 0.0000000000
106532  -44.783  28.215  10.773 0.0000000000
106541  -44.074  27.942  9.376 0.0000000000
107239  -46.590  29.614  5.896 0.0000000000
106583  -47.248  29.558  6.540 0.0000000000
107240  -47.699  29.589  5.991 0.0000000000
107241  -48.750  29.515  6.174 0.0000000000
107252  -48.295  29.451  5.286 0.0000000000
110026  -50.244  34.068  5.156 0.0000000000
110045  -48.741  33.744  4.179 0.0000000000
107307  -49.441  29.812  0.375 0.0000000000
106616  -50.694  28.170  1.858 0.0000000000
106623  -50.395  28.003  0.705 0.0000000000
105931  -49.561  27.594  0.802 0.0000000000
106622  -49.867  27.809  0.358 0.0000000000
142155  -45.466  28.740  -2.994 0.0000000000
142153  -45.508  28.548  -2.944 0.0000000000
106678  -44.902  28.128  -5.712 0.0000000000
105974  -43.783  28.471  -5.151 0.0000000000
109307  -44.674  32.515  -0.862 0.0000000000
108600  -44.359  31.407  -0.631 0.0000000000
109306  -43.785  32.386  -0.517 0.0000000000
112730  -48.649  35.932  2.817 0.0000000000
111888  -48.500  35.357  1.390 0.0000000000
111875  -47.707  35.515  2.203 0.0000000000
110081  -42.288  33.847  1.770 0.0000000000
110977  -42.631  34.005  1.261 0.0000000000
110098  -41.694  34.263  1.427 0.0000000000
110989  -41.214  34.852  0.888 0.0000000000
110079  -40.657  34.687  1.824 0.0000000000
110927  -39.085  34.319  5.318 0.0000000000
110946  -38.679  34.323  4.274 0.0000000000
104508  -46.968  25.668  13.546 0.0000000000
103781  -47.101  24.708  13.255 0.0000000000
104516  -47.763  25.484  12.392 0.0000000000
111780  -52.969  35.998  12.375 0.0000000000
112622  -53.438  36.722  12.773 0.0000000000
113549  -53.797  37.334  12.141 0.0000000000
113560  -54.345  37.120  11.593 0.0000000000
113569  -54.265  37.187  10.703 0.0000000000
112646  -54.222  36.941  8.804 0.0000000000
113584  -53.649  37.396  9.360 0.0000000000
113567  -52.920  37.618  10.005 0.0000000000
113529  -51.362  37.664  12.370 0.0000000000
113546  -51.205  37.486  11.464 0.0000000000
113545  -50.162  37.539  11.268 0.0000000000
97947  -49.474  18.226  -0.575 0.0000000000
106513  -37.796  28.594  12.086 0.0000000000
106514  -38.511  28.442  11.779 0.0000000000
107198  -37.875  29.246  11.667 0.0000000000
98705  -49.651  17.891  14.719 0.0000000000
98693  -49.489  18.166  15.867 0.0000000000
97753  -47.736  17.655  16.863 0.0000000000
97772  -48.120  17.578  16.116 0.0000000000
97783  -46.510  17.334  15.562 0.0000000000
100478  -39.298  18.688  14.813 0.0000000000
99602  -39.197  18.980  14.518 0.0000000000
99616  -39.298  19.710  14.040 0.0000000000
100493  -38.649  19.999  14.122 0.0000000000
100502  -38.450  20.983  13.851 0.0000000000
100492  -37.985  20.464  14.099 0.0000000000
101349  -36.527  21.545  14.606 0.0000000000
101348  -35.986  21.860  14.934 0.0000000000
103835  -43.223  24.305  6.505 0.0000000000
103068  -43.183  23.459  5.732 0.0000000000
103845  -43.375  24.328  5.485 0.0000000000
103863  -43.668  24.102  3.536 0.0000000000
103081  -43.580  23.436  3.847 0.0000000000
103088  -43.897  23.308  3.115 0.0000000000
102319  -44.428  22.184  2.891 0.0000000000
103089  -44.235  23.314  2.230 0.0000000000
103881  -44.179  24.967  0.331 0.0000000000
108531  -42.931  30.637  7.475 0.0000000000
107226  -43.283  29.504  7.343 0.0000000000
108532  -43.323  31.036  7.058 0.0000000000
109239  -44.709  32.033  5.913 0.0000000000
109238  -44.152  31.515  6.199 0.0000000000
108539  -44.366  31.089  5.879 0.0000000000
107881  -44.762  30.374  5.584 0.0000000000
109247  -45.185  31.603  5.344 0.0000000000
110104  -51.636  33.721  1.568 0.0000000000
110103  -50.625  33.469  1.339 0.0000000000
110117  -51.567  33.377  0.632 0.0000000000
109322  -50.713  32.375  -1.367 0.0000000000
109311  -50.482  32.461  -0.397 0.0000000000
108616  -50.221  31.513  -1.090 0.0000000000
107938  -49.935  30.948  -0.945 0.0000000000
107939  -50.166  30.571  -1.350 0.0000000000
107328  -50.296  29.892  -1.951 0.0000000000
107948  -50.222  30.552  -2.236 0.0000000000
107956  -48.964  30.157  -3.483 0.0000000000
107945  -48.308  30.424  -3.279 0.0000000000
107334  -47.736  29.546  -3.310 0.0000000000
107944  -47.189  30.356  -2.659 0.0000000000
108625  -47.790  31.514  -2.566 0.0000000000
110149  -47.747  33.349  -2.302 0.0000000000
109321  -47.504  32.588  -2.169 0.0000000000
110142  -47.129  33.349  -1.819 0.0000000000
112708  -46.507  35.969  4.506 0.0000000000
112707  -45.990  35.803  4.724 0.0000000000
111853  -44.286  35.085  4.696 0.0000000000
111854  -44.869  35.154  4.526 0.0000000000
110950  -44.232  34.528  4.429 0.0000000000
110040  -43.511  33.657  4.083 0.0000000000
110039  -42.294  33.423  3.879 0.0000000000
110020  -42.763  34.001  4.653 0.0000000000
111843  -42.335  35.490  5.727 0.0000000000
110930  -42.276  34.652  5.432 0.0000000000
110912  -41.988  35.188  5.737 0.0000000000
110911  -41.558  34.964  5.916 0.0000000000
99673  -45.695  19.205  10.119 0.0000000000
100545  -45.459  19.643  9.834 0.0000000000
101398  -44.285  21.466  10.362 0.0000000000
101397  -43.926  21.972  10.046 0.0000000000
101407  -43.869  21.736  9.507 0.0000000000
102245  -43.754  22.417  9.812 0.0000000000
103015  -45.926  23.013  11.496 0.0000000000
104523  -45.539  25.039  10.217 0.0000000000
103805  -45.470  24.051  10.774 0.0000000000
104522  -44.759  24.513  10.157 0.0000000000
103809  -43.936  24.159  9.605 0.0000000000
103812  -43.950  24.770  8.846 0.0000000000
104531  -43.662  24.761  8.123 0.0000000000
105205  -47.245  26.505  8.281 0.0000000000
104533  -45.577  26.068  8.387 0.0000000000
105204  -46.263  26.360  7.862 0.0000000000
105216  -45.935  26.200  6.705 0.0000000000
105217  -47.315  26.678  7.424 0.0000000000
110865  -47.600  34.031  9.097 0.0000000000
110866  -48.305  34.039  9.162 0.0000000000
110886  -50.965  34.209  8.671 0.0000000000
110885  -49.992  34.176  8.608 0.0000000000
110899  -50.843  34.232  7.837 0.0000000000
110916  -50.681  34.203  6.963 0.0000000000
110917  -51.602  33.878  7.073 0.0000000000
111789  -53.165  35.826  10.528 0.0000000000
110871  -52.489  34.908  9.495 0.0000000000
111808  -52.939  35.214  8.783 0.0000000000
110918  -53.130  34.277  6.573 0.0000000000
110003  -52.734  34.138  7.201 0.0000000000
110014  -52.886  33.941  6.466 0.0000000000
110028  -52.312  33.608  5.420 0.0000000000
110049  -53.006  33.542  4.665 0.0000000000
110070  -52.836  33.847  3.725 0.0000000000
110071  -53.257  33.819  4.218 0.0000000000
111868  -52.856  35.312  3.558 0.0000000000
111881  -52.905  34.848  3.063 0.0000000000
111893  -52.791  34.929  1.987 0.0000000000
111905  -52.729  35.073  1.159 0.0000000000
111892  -52.507  35.264  1.780 0.0000000000
111904  -52.198  35.233  0.901 0.0000000000
112733  -51.126  35.906  2.917 0.0000000000
112723  -50.530  36.181  3.537 0.0000000000
112663  -51.281  36.819  7.152 0.0000000000
113625  -49.300  36.990  6.717 0.0000000000
112685  -50.092  36.552  6.047 0.0000000000
112684  -49.111  36.845  5.846 0.0000000000
112699  -48.894  36.550  5.038 0.0000000000
112698  -47.862  36.527  5.000 0.0000000000
113633  -48.132  37.035  5.704 0.0000000000
113602  -46.907  37.499  7.072 0.0000000000
113623  -47.432  37.339  6.419 0.0000000000
114501  -46.206  37.962  7.430 0.0000000000
141984  -45.764  19.469  -2.711 0.0000000000
141996  -45.588  20.969  -3.902 0.0000000000
105178  -42.567  26.941  13.846 0.0000000000
105179  -43.612  27.144  13.845 0.0000000000
106504  -42.355  28.123  12.768 0.0000000000
106518  -42.526  28.142  11.823 0.0000000000
106529  -41.626  28.162  10.731 0.0000000000
107202  -39.030  29.159  10.689 0.0000000000
106527  -39.633  28.445  10.965 0.0000000000
107203  -39.697  29.120  10.296 0.0000000000
108513  -40.971  30.686  9.483 0.0000000000
107208  -41.542  29.092  8.847 0.0000000000
107859  -41.746  29.941  8.541 0.0000000000
108522  -42.053  30.562  8.402 0.0000000000
108514  -41.593  30.947  8.966 0.0000000000
109975  -44.200  33.418  9.824 0.0000000000
109939  -43.790  33.613  13.646 0.0000000000
109954  -42.852  33.557  11.942 0.0000000000
109949  -45.495  34.346  12.190 0.0000000000
109956  -44.624  34.117  11.354 0.0000000000
109957  -45.589  34.152  11.280 0.0000000000
110823  -47.935  34.725  13.245 0.0000000000
110824  -48.991  34.643  13.118 0.0000000000
110836  -49.306  34.527  12.169 0.0000000000
102247  -52.840  23.341  8.976 0.0000000000
101400  -51.790  22.260  10.199 0.0000000000
101399  -50.886  21.385  10.086 0.0000000000
100550  -50.389  21.076  9.709 0.0000000000
100508  -52.584  20.979  13.488 0.0000000000
101372  -53.241  21.563  13.707 0.0000000000
101382  -53.058  21.609  12.721 0.0000000000
98754  -50.405  19.070  11.747 0.0000000000
99653  -50.417  19.708  11.291 0.0000000000
99652  -49.871  19.382  10.932 0.0000000000
99663  -49.506  19.691  10.389 0.0000000000
99661  -47.859  18.944  10.035 0.0000000000
98761  -47.946  18.382  10.606 0.0000000000
97825  -47.231  17.748  11.771 0.0000000000
98760  -46.760  17.993  10.813 0.0000000000
99651  -45.694  19.031  11.744 0.0000000000
97798  -48.339  17.453  14.242 0.0000000000
97806  -47.662  17.582  13.499 0.0000000000
97805  -46.801  17.789  13.707 0.0000000000
99640  -45.714  18.830  13.001 0.0000000000
99631  -45.807  19.834  12.904 0.0000000000
100507  -45.773  20.415  13.113 0.0000000000
101371  -46.176  21.235  13.014 0.0000000000
101305  -48.706  21.741  19.216 0.0000000000
102118  -43.665  22.217  20.741 0.0000000000
102119  -44.714  22.440  20.904 0.0000000000
102138  -44.258  22.522  20.365 0.0000000000
100432  -41.986  19.979  19.132 0.0000000000
100433  -42.450  20.268  19.185 0.0000000000
100435  -44.112  20.755  18.889 0.0000000000
101303  -43.786  21.357  19.199 0.0000000000
101291  -44.528  21.814  19.306 0.0000000000
102150  -45.159  22.791  19.942 0.0000000000
101292  -45.794  22.054  19.383 0.0000000000
100419  -45.390  21.233  19.025 0.0000000000
99557  -46.176  19.722  18.854 0.0000000000
100438  -47.543  20.345  19.019 0.0000000000
99558  -47.210  19.509  18.555 0.0000000000
98654  -47.797  18.768  18.010 0.0000000000
98653  -46.625  18.452  18.115 0.0000000000
97768  -44.320  17.226  16.319 0.0000000000
96778  -45.000  17.073  16.743 0.0000000000
97781  -44.774  17.227  15.719 0.0000000000
97792  -43.827  17.625  14.966 0.0000000000
102225  -42.613  23.100  12.518 0.0000000000
101378  -42.990  22.336  12.527 0.0000000000
103007  -43.137  23.996  12.493 0.0000000000
104512  -42.729  25.893  13.200 0.0000000000
103789  -42.550  25.057  12.749 0.0000000000
103776  -40.295  25.353  13.770 0.0000000000
103777  -41.018  25.543  13.716 0.0000000000
102993  -39.091  23.731  13.501 0.0000000000
103774  -38.646  24.313  14.131 0.0000000000
105172  -38.246  26.357  15.314 0.0000000000
105173  -39.226  26.430  14.763 0.0000000000
105796  -38.676  27.007  14.602 0.0000000000
105805  -38.065  27.595  13.939 0.0000000000
99726  -53.582  20.383  3.684 0.0000000000
100627  -53.957  20.908  3.363 0.0000000000
100641  -51.950  20.511  1.955 0.0000000000
100642  -53.033  20.804  1.907 0.0000000000
100656  -52.811  20.350  1.142 0.0000000000
99752  -52.518  20.043  0.804 0.0000000000
100665  -51.797  19.986  0.548 0.0000000000
101426  -46.339  20.880  8.164 0.0000000000
101427  -47.409  21.003  8.046 0.0000000000
101494  -44.244  21.511  4.760 0.0000000000
100590  -44.466  21.157  4.969 0.0000000000
100604  -44.576  21.020  4.500 0.0000000000
100608  -48.022  20.375  4.082 0.0000000000
100622  -48.583  20.227  3.146 0.0000000000
100638  -49.239  20.032  2.266 0.0000000000
99749  -49.581  19.716  0.688 0.0000000000
99765  -50.181  19.514  -0.068 0.0000000000
99766  -51.258  19.769  0.296 0.0000000000
99776  -49.218  20.245  -1.083 0.0000000000
100671  -47.890  20.655  -1.211 0.0000000000
100672  -48.985  20.433  -1.710 0.0000000000
100681  -48.962  20.336  -2.531 0.0000000000
141981  -45.534  23.174  -0.930 0.0000000000
141991  -46.282  22.899  -2.687 0.0000000000
141980  -46.756  21.845  -2.022 0.0000000000
103923  -45.240  23.879  -4.944 0.0000000000
142024  -45.568  23.229  -5.455 0.0000000000
142021  -44.844  23.511  -5.451 0.0000000000
103131  -44.881  23.018  -5.571 0.0000000000
103929  -44.615  23.781  -5.434 0.0000000000
105812  -44.938  27.848  14.168 0.0000000000
106494  -45.220  28.393  13.708 0.0000000000
106508  -46.732  28.405  12.796 0.0000000000
106509  -47.891  28.367  12.303 0.0000000000
105824  -48.620  27.958  12.465 0.0000000000
106523  -48.069  28.683  11.392 0.0000000000
106556  -45.284  28.219  8.539 0.0000000000
106570  -45.359  28.543  7.468 0.0000000000
106545  -48.451  28.828  9.319 0.0000000000
106536  -48.866  28.397  10.165 0.0000000000
106546  -49.085  28.405  9.121 0.0000000000
106560  -49.402  28.474  8.167 0.0000000000
106584  -50.060  28.703  6.515 0.0000000000
105860  -49.192  27.816  7.542 0.0000000000
105870  -49.582  27.936  6.502 0.0000000000
105227  -48.304  26.826  5.949 0.0000000000
105878  -48.949  27.267  5.622 0.0000000000
110001  -47.370  33.968  6.972 0.0000000000
110000  -46.728  33.848  7.319 0.0000000000
110012  -47.248  34.010  6.419 0.0000000000
110044  -47.526  33.437  4.040 0.0000000000
110023  -46.337  33.113  4.983 0.0000000000
109257  -46.291  32.152  3.757 0.0000000000
109256  -45.907  31.751  4.169 0.0000000000
110102  -49.490  33.020  1.179 0.0000000000
110085  -48.469  32.925  2.067 0.0000000000
109274  -48.436  32.621  1.583 0.0000000000
107294  -47.868  30.221  1.485 0.0000000000
107909  -47.458  30.685  1.507 0.0000000000
107283  -47.547  29.961  2.085 0.0000000000
107273  -46.581  29.915  2.983 0.0000000000
107274  -47.736  29.653  3.205 0.0000000000
107264  -48.954  29.334  4.570 0.0000000000
107275  -48.875  29.440  3.497 0.0000000000
105906  -49.929  27.866  2.793 0.0000000000
105897  -49.764  28.005  4.012 0.0000000000
105896  -49.288  27.407  3.729 0.0000000000
105887  -48.733  26.990  4.527 0.0000000000
105895  -48.412  26.988  3.510 0.0000000000
105254  -47.491  26.738  3.340 0.0000000000
105904  -47.816  27.272  2.518 0.0000000000
105929  -47.572  27.520  0.536 0.0000000000
105915  -46.710  27.388  1.232 0.0000000000
105914  -46.117  27.542  0.619 0.0000000000
105927  -45.644  27.612  -0.120 0.0000000000
106644  -48.502  28.580  -1.756 0.0000000000
106633  -48.005  28.308  -0.874 0.0000000000
106643  -47.339  28.582  -1.864 0.0000000000
105950  -45.325  28.183  -2.218 0.0000000000
105285  -44.470  27.499  -2.158 0.0000000000
105290  -43.947  25.817  -3.232 0.0000000000
105291  -44.299  26.694  -3.321 0.0000000000
104659  -44.229  25.781  -6.460 0.0000000000
104651  -44.274  25.532  -5.516 0.0000000000
142013  -43.205  24.644  -5.300 0.0000000000
103934  -42.549  25.221  -5.020 0.0000000000
142151  -44.445  29.476  -1.734 0.0000000000
107318  -43.339  29.268  -0.731 0.0000000000
106641  -42.799  28.487  -1.722 0.0000000000
111027  -49.511  34.697  -0.805 0.0000000000
111910  -48.977  34.820  -0.081 0.0000000000
111010  -47.596  34.692  0.322 0.0000000000
111024  -46.073  34.363  -0.538 0.0000000000
110964  -46.244  34.896  2.971 0.0000000000
110981  -46.709  34.930  2.177 0.0000000000
110979  -45.262  33.989  2.026 0.0000000000
111007  -44.125  34.574  0.302 0.0000000000
111022  -43.858  34.433  -0.449 0.0000000000
111021  -43.039  33.996  -0.331 0.0000000000
110127  -42.410  33.469  -0.189 0.0000000000
111020  -42.347  33.953  -0.143 0.0000000000
110112  -40.387  33.542  0.542 0.0000000000
108586  -39.741  31.639  1.167 0.0000000000
109281  -38.920  33.149  1.737 0.0000000000
109271  -39.140  32.225  1.947 0.0000000000
109270  -38.687  32.652  2.264 0.0000000000
109269  -38.142  33.079  2.644 0.0000000000
110058  -40.078  34.281  3.190 0.0000000000
110962  -40.020  34.454  2.929 0.0000000000
110961  -39.502  34.333  3.313 0.0000000000
110973  -37.307  34.056  3.129 0.0000000000
110076  -37.153  33.770  3.183 0.0000000000
115365  -43.593  38.952  7.102 0.0000000000
114515  -43.202  38.250  6.724 0.0000000000
113617  -41.668  37.441  6.357 0.0000000000
105182  -46.502  26.762  13.581 0.0000000000
112612  -53.180  36.909  13.684 0.0000000000
113558  -53.068  37.654  10.960 0.0000000000
113530  -52.310  37.619  12.563 0.0000000000
113512  -51.508  37.926  13.237 0.0000000000
107832  -36.723  29.730  12.120 0.0000000000
107840  -37.274  30.014  11.774 0.0000000000
99575  -50.703  19.476  17.539 0.0000000000
98677  -49.987  18.809  16.918 0.0000000000
98676  -48.654  18.363  17.156 0.0000000000
99614  -37.202  19.642  14.470 0.0000000000
101429  -49.436  21.424  8.037 0.0000000000
101446  -47.996  21.294  7.220 0.0000000000
104555  -44.316  25.582  5.958 0.0000000000
104564  -43.759  25.073  5.277 0.0000000000
104565  -44.416  25.511  5.034 0.0000000000
103855  -43.878  24.725  3.945 0.0000000000
103864  -44.062  24.650  3.228 0.0000000000
104586  -44.643  25.253  2.967 0.0000000000
104587  -45.305  25.873  2.801 0.0000000000
109221  -43.265  32.050  7.760 0.0000000000
109231  -44.073  32.569  6.856 0.0000000000
110010  -45.369  32.998  6.028 0.0000000000
110132  -52.469  33.713  0.100 0.0000000000
109298  -52.057  33.376  0.382 0.0000000000
109324  -52.072  33.295  -0.356 0.0000000000
109323  -51.445  33.025  -0.883 0.0000000000
110150  -48.468  33.437  -2.595 0.0000000000
111049  -48.694  34.155  -2.249 0.0000000000
112696  -45.709  36.255  5.323 0.0000000000
111847  -45.700  35.774  4.780 0.0000000000
111845  -44.096  35.515  5.040 0.0000000000
110931  -43.430  34.684  4.918 0.0000000000
112693  -42.699  36.053  5.907 0.0000000000
100531  -45.081  19.927  10.737 0.0000000000
100530  -44.724  20.752  10.995 0.0000000000
102241  -44.672  22.279  10.962 0.0000000000
103801  -47.464  24.920  11.933 0.0000000000
104528  -45.677  25.747  9.324 0.0000000000
104529  -46.751  26.028  9.471 0.0000000000
105199  -47.443  26.321  9.054 0.0000000000
110855  -49.331  34.215  10.273 0.0000000000
110856  -50.372  34.278  10.303 0.0000000000
110869  -51.081  34.280  9.479 0.0000000000
111821  -53.990  35.706  8.701 0.0000000000
111819  -52.837  35.010  8.167 0.0000000000
111820  -53.205  35.600  8.085 0.0000000000
110919  -53.246  34.749  6.646 0.0000000000
110939  -53.553  34.347  5.738 0.0000000000
110953  -53.664  34.378  4.726 0.0000000000
111858  -53.555  34.997  5.042 0.0000000000
111867  -52.420  35.579  3.224 0.0000000000
112725  -52.509  35.759  4.022 0.0000000000
112713  -51.825  36.151  4.593 0.0000000000
113581  -50.654  37.322  8.697 0.0000000000
113606  -50.467  37.110  7.810 0.0000000000
113604  -48.521  37.205  7.399 0.0000000000
113578  -47.754  37.391  8.074 0.0000000000
99793  -46.418  19.279  -3.114 0.0000000000
141985  -46.034  20.325  -3.656 0.0000000000
106503  -41.664  28.133  12.878 0.0000000000
108508  -39.834  30.596  10.422 0.0000000000
107848  -40.010  30.005  10.110 0.0000000000
109210  -41.590  31.605  9.456 0.0000000000
109940  -44.521  34.008  13.349 0.0000000000
109941  -45.320  34.442  13.022 0.0000000000
109942  -46.226  34.475  12.808 0.0000000000
103022  -53.796  23.637  9.531 0.0000000000
101401  -52.739  22.769  10.499 0.0000000000
101392  -51.627  21.511  11.144 0.0000000000
99633  -52.147  20.185  13.383 0.0000000000
99644  -51.889  20.114  12.778 0.0000000000
99643  -51.415  20.015  12.241 0.0000000000
98743  -51.059  19.334  12.622 0.0000000000
98753  -49.805  18.668  11.410 0.0000000000
98752  -48.753  18.247  11.173 0.0000000000
97827  -49.234  17.937  11.761 0.0000000000
97826  -48.219  17.800  11.603 0.0000000000
97796  -46.573  17.568  14.618 0.0000000000
98729  -46.074  18.207  13.974 0.0000000000
100506  -45.391  20.300  13.467 0.0000000000
98648  -41.823  19.039  18.262 0.0000000000
99554  -42.935  19.710  18.836 0.0000000000
99534  -45.177  20.728  18.885 0.0000000000
99556  -44.932  20.032  18.843 0.0000000000
97733  -45.667  17.942  17.943 0.0000000000
97732  -44.795  17.973  18.012 0.0000000000
97749  -44.275  17.396  17.169 0.0000000000
101366  -41.653  21.581  12.894 0.0000000000
101377  -42.280  22.291  12.653 0.0000000000
102224  -41.504  22.880  12.657 0.0000000000
103788  -41.618  25.178  13.114 0.0000000000
103005  -41.152  24.084  12.813 0.0000000000
103786  -40.008  24.766  13.394 0.0000000000
101521  -53.706  21.320  3.026 0.0000000000
100626  -52.255  20.974  2.577 0.0000000000
100640  -51.062  20.580  1.948 0.0000000000
101444  -45.841  21.189  7.439 0.0000000000
101462  -45.435  21.213  6.597 0.0000000000
101518  -44.574  21.620  3.224 0.0000000000
101507  -44.830  20.990  3.584 0.0000000000
100635  -45.871  20.562  2.843 0.0000000000
100636  -46.776  20.219  2.585 0.0000000000
100637  -48.016  19.953  2.031 0.0000000000
99748  -48.627  19.871  0.852 0.0000000000
141982  -45.587  23.757  -1.927 0.0000000000
142001  -46.153  23.189  -3.443 0.0000000000
142000  -46.467  22.899  -4.096 0.0000000000
103912  -45.233  23.970  -3.535 0.0000000000
103922  -44.481  24.420  -4.175 0.0000000000
106507  -45.498  28.547  12.867 0.0000000000
106520  -44.653  28.415  11.917 0.0000000000
106533  -46.023  28.370  10.672 0.0000000000
106581  -45.702  28.859  6.794 0.0000000000
106571  -46.506  29.019  7.511 0.0000000000
106572  -47.417  29.447  7.277 0.0000000000
107218  -48.480  29.477  7.652 0.0000000000
106573  -49.405  29.067  7.771 0.0000000000
107230  -49.286  29.424  7.117 0.0000000000
107231  -49.909  29.113  6.830 0.0000000000
107243  -49.894  29.021  5.873 0.0000000000
110934  -48.336  34.255  5.971 0.0000000000
110065  -47.522  32.831  2.985 0.0000000000
108602  -48.873  31.429  -0.082 0.0000000000
108590  -48.130  31.310  0.725 0.0000000000
107306  -48.821  30.091  0.529 0.0000000000
107295  -48.507  29.893  1.186 0.0000000000
107285  -49.839  28.922  2.601 0.0000000000
107286  -50.418  28.497  2.142 0.0000000000
105907  -50.455  27.998  2.273 0.0000000000
105918  -49.682  27.648  1.848 0.0000000000
105917  -48.773  27.491  1.693 0.0000000000
105930  -48.548  27.458  0.778 0.0000000000
142149  -45.406  28.468  -3.194 0.0000000000
105298  -44.423  26.520  -4.367 0.0000000000
105975  -44.714  27.466  -5.568 0.0000000000
105983  -44.591  27.557  -6.371 0.0000000000
105327  -43.572  27.207  -7.209 0.0000000000
104657  -42.515  25.776  -6.070 0.0000000000
105981  -43.258  27.530  -6.450 0.0000000000
105973  -42.943  27.835  -5.059 0.0000000000
108611  -44.983  31.039  -1.047 0.0000000000
107929  -44.505  30.365  -1.068 0.0000000000
107928  -43.822  30.352  -0.490 0.0000000000
111889  -49.559  35.391  1.436 0.0000000000
111901  -49.256  35.096  0.621 0.0000000000
111899  -47.749  34.866  0.800 0.0000000000
110994  -46.865  34.733  1.272 0.0000000000
110083  -44.382  33.607  2.056 0.0000000000
110099  -43.811  33.837  1.387 0.0000000000
110991  -43.306  34.056  1.025 0.0000000000
111005  -42.022  34.091  0.333 0.0000000000
110114  -42.034  33.866  -0.059 0.0000000000
110111  -39.622  33.486  1.028 0.0000000000
111003  -39.845  34.213  1.013 0.0000000000
111002  -39.358  33.983  1.234 0.0000000000
110987  -39.034  34.298  1.682 0.0000000000
110947  -39.670  34.046  4.471 0.0000000000
110958  -36.630  34.158  3.523 0.0000000000
110925  -37.097  34.822  4.899 0.0000000000
101391  -46.005  21.843  12.202 0.0000000000
102235  -46.395  22.223  12.427 0.0000000000
103793  -46.973  23.551  12.307 0.0000000000
103010  -46.954  23.938  13.158 0.0000000000
103794  -47.279  24.366  12.621 0.0000000000
110838  -51.570  34.845  12.001 0.0000000000
110839  -52.390  35.290  12.010 0.0000000000
110840  -52.830  35.693  11.766 0.0000000000
112623  -54.206  36.711  12.357 0.0000000000
112629  -54.215  36.482  11.309 0.0000000000
111797  -54.168  36.334  9.990 0.0000000000
112666  -53.586  36.329  8.231 0.0000000000
112665  -52.917  36.341  7.877 0.0000000000
112644  -52.415  36.800  8.363 0.0000000000
113582  -51.678  37.182  8.935 0.0000000000
113557  -52.090  37.494  10.729 0.0000000000
113566  -51.904  37.322  9.821 0.0000000000
113565  -50.843  37.390  9.609 0.0000000000
113555  -49.983  37.441  10.341 0.0000000000
98882  -48.733  19.284  -2.707 0.0000000000
105817  -39.270  27.631  13.236 0.0000000000
106502  -39.048  27.934  12.405 0.0000000000
106526  -38.958  28.576  11.192 0.0000000000
107841  -38.152  30.153  11.394 0.0000000000
107846  -38.717  29.840  10.898 0.0000000000
98707  -51.267  18.877  15.196 0.0000000000
98720  -50.105  18.097  14.098 0.0000000000
97800  -49.655  17.795  13.783 0.0000000000
98719  -49.662  17.809  14.176 0.0000000000
97773  -48.716  17.692  15.675 0.0000000000
97785  -48.181  17.395  15.138 0.0000000000
98716  -44.820  18.103  14.390 0.0000000000
100403  -41.278  20.048  19.744 0.0000000000
99532  -40.662  19.807  19.431 0.0000000000
99551  -40.703  19.570  18.792 0.0000000000
98647  -41.020  19.007  18.302 0.0000000000
98671  -41.429  18.281  17.857 0.0000000000
101364  -39.683  21.482  13.456 0.0000000000
102210  -39.306  22.528  13.334 0.0000000000
101363  -38.715  21.631  13.683 0.0000000000
101362  -38.022  21.931  13.798 0.0000000000
102208  -37.668  22.546  14.044 0.0000000000
102200  -37.025  22.448  14.402 0.0000000000
102985  -36.980  23.443  14.679 0.0000000000
101460  -43.725  21.836  6.271 0.0000000000
102295  -43.256  22.572  6.005 0.0000000000
102304  -43.447  22.650  5.014 0.0000000000
101493  -43.923  22.039  4.461 0.0000000000
102311  -43.753  22.566  3.967 0.0000000000
102312  -44.161  22.089  3.653 0.0000000000
141974  -45.336  21.614  1.468 0.0000000000
103891  -44.198  24.961  -0.041 0.0000000000
104609  -44.079  25.662  -0.339 0.0000000000
106554  -42.852  28.143  8.645 0.0000000000
106555  -43.990  28.083  8.481 0.0000000000
107216  -43.055  28.932  7.757 0.0000000000
107227  -43.999  29.029  6.887 0.0000000000
108538  -43.859  31.014  6.360 0.0000000000
107237  -44.264  29.715  6.381 0.0000000000
107238  -45.147  29.421  5.999 0.0000000000
107249  -45.215  30.009  5.390 0.0000000000
107250  -45.948  29.915  5.005 0.0000000000
110068  -50.926  33.755  3.385 0.0000000000
110067  -49.765  33.681  3.237 0.0000000000
110087  -50.749  33.707  2.364 0.0000000000
110115  -49.845  32.757  0.543 0.0000000000
110130  -51.029  32.977  -0.078 0.0000000000
109296  -50.146  32.635  0.199 0.0000000000
109310  -49.536  31.864  -0.169 0.0000000000
108603  -49.307  31.340  -0.414 0.0000000000
107932  -50.205  30.145  -0.763 0.0000000000
106635  -50.345  28.595  -0.728 0.0000000000
106646  -50.184  29.188  -1.783 0.0000000000
106657  -49.607  29.219  -2.521 0.0000000000
106656  -48.795  28.985  -2.692 0.0000000000
107947  -49.792  30.672  -2.869 0.0000000000
107342  -48.967  29.693  -3.407 0.0000000000
106664  -48.256  29.134  -3.275 0.0000000000
107333  -46.938  29.357  -2.897 0.0000000000
142154  -46.109  29.160  -2.766 0.0000000000
107936  -46.160  30.506  -2.127 0.0000000000
108614  -47.209  31.912  -2.006 0.0000000000
108613  -46.560  31.571  -1.687 0.0000000000
108612  -45.618  31.398  -1.282 0.0000000000
109319  -45.682  32.581  -1.215 0.0000000000
109318  -44.948  33.091  -1.048 0.0000000000
111857  -47.504  35.880  3.569 0.0000000000
111856  -46.998  35.801  3.705 0.0000000000
111863  -46.301  35.194  3.454 0.0000000000
110952  -46.056  34.991  3.626 0.0000000000
110951  -45.385  34.627  3.747 0.0000000000
110042  -45.102  34.175  3.280 0.0000000000
110062  -44.001  33.259  2.945 0.0000000000
110060  -41.693  33.598  2.789 0.0000000000
110038  -41.128  33.461  3.773 0.0000000000
110948  -40.642  33.731  4.688 0.0000000000
110909  -39.662  34.770  6.102 0.0000000000
100547  -47.513  19.835  9.159 0.0000000000
100563  -45.863  20.311  8.963 0.0000000000
101424  -43.966  21.509  8.418 0.0000000000
102270  -43.502  22.422  8.037 0.0000000000
102234  -46.024  22.278  11.932 0.0000000000
102233  -45.342  22.245  11.501 0.0000000000
103799  -45.929  23.569  11.178 0.0000000000
103020  -44.618  23.182  10.703 0.0000000000
103019  -43.922  22.948  10.207 0.0000000000
103024  -43.612  23.191  9.561 0.0000000000
103034  -43.338  23.163  8.705 0.0000000000
103048  -43.189  23.285  7.783 0.0000000000
103823  -43.203  24.197  7.525 0.0000000000
104541  -43.657  25.011  7.293 0.0000000000
105203  -45.272  25.982  7.536 0.0000000000
104542  -44.453  25.589  6.972 0.0000000000
104543  -44.984  25.807  6.469 0.0000000000
105225  -46.114  26.240  5.434 0.0000000000
109989  -46.612  33.947  8.301 0.0000000000
110882  -47.296  34.067  8.384 0.0000000000
110897  -48.792  34.143  7.632 0.0000000000
110884  -49.011  34.146  8.489 0.0000000000
110914  -48.595  34.185  6.770 0.0000000000
110935  -49.384  34.231  5.988 0.0000000000
110936  -50.491  34.186  6.061 0.0000000000
110027  -51.342  33.846  5.274 0.0000000000
110858  -51.987  34.672  10.359 0.0000000000
110870  -51.872  34.417  9.458 0.0000000000
110887  -51.787  34.131  8.647 0.0000000000
109991  -52.622  34.301  7.731 0.0000000000
109990  -52.350  34.017  7.866 0.0000000000
110047  -51.135  33.827  4.346 0.0000000000
110069  -51.945  33.764  3.562 0.0000000000
110089  -52.459  33.991  2.858 0.0000000000
110105  -52.325  33.916  2.017 0.0000000000
110967  -53.174  34.296  3.900 0.0000000000
110997  -52.720  34.481  2.268 0.0000000000
110119  -52.696  33.744  1.285 0.0000000000
111031  -52.659  34.169  0.503 0.0000000000
111030  -52.403  34.267  -0.156 0.0000000000
111029  -51.556  34.590  -0.348 0.0000000000
111028  -50.543  34.614  -0.695 0.0000000000
111903  -51.416  34.928  0.676 0.0000000000
111890  -50.692  35.335  1.470 0.0000000000
111879  -51.973  35.625  2.521 0.0000000000
111878  -51.002  35.715  2.226 0.0000000000
111877  -49.911  35.649  2.208 0.0000000000
112731  -49.222  35.965  2.817 0.0000000000
112721  -48.413  36.024  3.332 0.0000000000
112687  -52.066  36.531  6.517 0.0000000000
112701  -50.981  36.441  5.299 0.0000000000
112662  -50.282  36.823  6.939 0.0000000000
112711  -49.723  36.408  4.258 0.0000000000
113631  -46.243  36.818  5.829 0.0000000000
113621  -45.524  37.114  6.359 0.0000000000
104513  -43.780  25.858  13.227 0.0000000000
104505  -44.179  26.483  13.602 0.0000000000
105811  -43.927  27.776  14.221 0.0000000000
106493  -44.201  28.407  13.897 0.0000000000
105821  -42.901  27.969  13.342 0.0000000000
106519  -43.587  28.327  11.896 0.0000000000
106540  -42.544  27.966  9.467 0.0000000000
106516  -40.416  28.096  11.720 0.0000000000
107204  -40.306  29.101  9.836 0.0000000000
106538  -40.915  28.453  9.925 0.0000000000
106539  -41.688  28.298  9.596 0.0000000000
106553  -42.101  28.432  8.904 0.0000000000
108523  -42.495  30.736  7.959 0.0000000000
109220  -42.619  31.447  8.197 0.0000000000
109213  -44.496  33.070  8.529 0.0000000000
109197  -42.618  33.293  11.220 0.0000000000
109964  -43.136  33.479  11.149 0.0000000000
109965  -43.828  33.582  10.656 0.0000000000
109968  -47.356  34.132  9.929 0.0000000000
109959  -47.716  34.161  10.475 0.0000000000
110844  -47.427  34.393  11.874 0.0000000000
110845  -48.354  34.341  11.193 0.0000000000
110815  -49.745  34.933  13.711 0.0000000000
102242  -52.276  22.899  9.356 0.0000000000
101411  -51.766  22.564  9.039 0.0000000000
101409  -50.181  21.292  9.131 0.0000000000
100514  -51.608  20.619  11.958 0.0000000000
100525  -51.080  20.528  11.383 0.0000000000
100532  -49.788  20.219  10.179 0.0000000000
99677  -48.831  19.800  9.802 0.0000000000
99676  -48.074  19.480  9.663 0.0000000000
99675  -47.231  19.058  9.714 0.0000000000
99674  -46.170  18.838  10.069 0.0000000000
99650  -45.465  19.495  11.265 0.0000000000
100512  -45.672  20.635  12.193 0.0000000000
97807  -48.550  17.486  13.344 0.0000000000
98740  -46.196  18.393  13.043 0.0000000000
102216  -46.374  22.185  13.266 0.0000000000
102215  -45.758  22.278  13.517 0.0000000000
102996  -45.531  23.327  13.355 0.0000000000
103791  -44.747  24.686  13.011 0.0000000000
100439  -48.637  20.868  18.906 0.0000000000
102120  -45.849  23.105  21.284 0.0000000000
102904  -46.308  23.671  21.023 0.0000000000
102919  -45.955  23.415  20.738 0.0000000000
101287  -41.890  20.901  19.962 0.0000000000
101288  -42.476  21.438  19.766 0.0000000000
102148  -43.017  22.231  19.654 0.0000000000
100418  -43.193  21.393  19.169 0.0000000000
102149  -43.873  22.368  19.799 0.0000000000
102930  -46.132  23.399  20.296 0.0000000000
102152  -47.499  23.139  19.590 0.0000000000
100420  -46.496  20.935  19.190 0.0000000000
100421  -47.673  21.328  19.280 0.0000000000
100422  -48.285  21.524  19.251 0.0000000000
98675  -47.483  18.004  17.528 0.0000000000
97752  -47.014  17.444  17.074 0.0000000000
97751  -46.200  17.569  17.345 0.0000000000
97769  -45.606  17.189  16.656 0.0000000000
97770  -46.370  17.277  16.449 0.0000000000
97782  -45.650  17.218  15.776 0.0000000000
97794  -45.186  17.598  15.029 0.0000000000
97766  -42.605  17.447  16.125 0.0000000000
97779  -43.388  17.523  15.420 0.0000000000
98703  -42.900  17.857  14.754 0.0000000000
98714  -43.484  17.749  14.817 0.0000000000
98704  -43.255  18.304  14.055 0.0000000000
98715  -43.910  18.178  14.229 0.0000000000
98726  -44.262  18.586  13.778 0.0000000000
103008  -44.199  23.610  12.724 0.0000000000
104504  -42.495  26.393  13.677 0.0000000000
104503  -41.741  26.184  14.055 0.0000000000
105177  -41.751  27.064  14.750 0.0000000000
105798  -40.383  27.093  14.678 0.0000000000
105807  -39.960  27.328  14.086 0.0000000000
103003  -39.618  24.394  13.380 0.0000000000
105797  -39.613  26.946  14.482 0.0000000000
105816  -38.532  27.756  13.430 0.0000000000
106491  -37.932  28.029  13.246 0.0000000000
106500  -37.377  28.463  12.712 0.0000000000
105804  -37.154  27.544  13.958 0.0000000000
106490  -37.309  28.082  13.427 0.0000000000
106499  -36.871  28.465  13.083 0.0000000000
98832  -53.087  18.965  2.843 0.0000000000
100643  -53.838  20.838  2.593 0.0000000000
99738  -53.441  19.975  2.364 0.0000000000
98839  -52.952  19.025  1.886 0.0000000000
98846  -52.583  18.928  0.965 0.0000000000
99780  -51.865  19.447  0.119 0.0000000000
101465  -48.671  21.332  6.258 0.0000000000
101478  -45.063  20.968  5.806 0.0000000000
100592  -45.531  20.531  5.146 0.0000000000
100619  -45.378  20.606  3.658 0.0000000000
100594  -47.509  20.617  4.911 0.0000000000
100609  -49.168  20.520  4.042 0.0000000000
100624  -50.622  20.669  2.989 0.0000000000
99737  -51.120  20.315  1.387 0.0000000000
99735  -49.920  19.846  1.497 0.0000000000
99736  -50.698  20.150  1.449 0.0000000000
99751  -51.161  20.091  0.952 0.0000000000
99779  -51.478  19.420  -0.016 0.0000000000
98865  -51.641  19.225  -0.114 0.0000000000
99787  -49.500  19.730  -2.253 0.0000000000
100682  -49.412  20.024  -2.663 0.0000000000
100690  -49.008  20.045  -2.822 0.0000000000
99795  -48.301  19.681  -2.965 0.0000000000
101538  -47.352  21.178  -2.225 0.0000000000
142005  -47.235  20.467  -3.612 0.0000000000
142017  -46.660  20.978  -4.151 0.0000000000
142018  -46.181  21.058  -4.297 0.0000000000
142014  -46.313  22.641  -5.099 0.0000000000
142007  -46.069  21.644  -4.907 0.0000000000
142009  -45.011  22.252  -4.981 0.0000000000
105181  -45.485  27.024  13.622 0.0000000000
105814  -46.931  27.475  13.544 0.0000000000
106495  -46.079  28.317  13.466 0.0000000000
105822  -46.763  28.055  13.516 0.0000000000
105188  -48.955  27.594  12.195 0.0000000000
105191  -49.030  27.390  11.618 0.0000000000
106534  -47.221  28.673  10.540 0.0000000000
106557  -46.452  28.703  8.482 0.0000000000
106544  -47.438  28.866  9.461 0.0000000000
106524  -48.778  28.465  11.168 0.0000000000
105836  -49.204  27.965  10.926 0.0000000000
105196  -49.067  27.202  10.635 0.0000000000
105201  -48.923  27.047  9.668 0.0000000000
105207  -48.709  26.918  9.083 0.0000000000
105848  -48.577  27.045  8.346 0.0000000000
105858  -47.846  26.809  7.436 0.0000000000
105235  -47.028  26.558  4.893 0.0000000000
110022  -45.666  32.675  5.372 0.0000000000
109248  -45.658  32.085  4.875 0.0000000000
107889  -45.571  30.522  4.470 0.0000000000
107261  -46.006  29.979  3.935 0.0000000000
109265  -47.481  32.502  2.445 0.0000000000
108580  -47.627  31.476  1.301 0.0000000000
109272  -47.078  32.002  2.032 0.0000000000
109264  -46.911  32.234  2.643 0.0000000000
107896  -46.223  30.633  3.206 0.0000000000
107262  -46.840  29.645  4.076 0.0000000000
107254  -49.742  29.051  5.564 0.0000000000
106597  -49.885  28.732  5.181 0.0000000000
105244  -46.890  26.377  3.877 0.0000000000
105253  -46.745  26.503  3.038 0.0000000000
104593  -45.262  26.266  2.183 0.0000000000
105903  -47.239  27.333  1.905 0.0000000000
104610  -44.306  26.463  -0.116 0.0000000000
105276  -44.105  26.510  -1.105 0.0000000000
106634  -49.385  27.995  -0.376 0.0000000000
105942  -47.331  27.900  -0.371 0.0000000000
106642  -46.337  28.387  -1.784 0.0000000000
106631  -46.567  28.285  -1.266 0.0000000000
105926  -45.215  27.662  -0.751 0.0000000000
104623  -44.024  25.222  -2.644 0.0000000000
104632  -44.242  24.722  -3.818 0.0000000000
103921  -44.306  24.642  -4.516 0.0000000000
105306  -44.307  25.824  -4.622 0.0000000000
104641  -44.231  25.261  -4.804 0.0000000000
142011  -44.244  24.515  -5.231 0.0000000000
106669  -43.126  28.434  -3.744 0.0000000000
107326  -43.631  29.004  -1.633 0.0000000000
142147  -43.415  28.648  -1.958 0.0000000000
111041  -49.048  34.536  -1.562 0.0000000000
111040  -47.989  34.486  -1.544 0.0000000000
111909  -48.480  34.731  -0.037 0.0000000000
111039  -46.948  34.030  -1.425 0.0000000000
111038  -45.632  34.023  -1.042 0.0000000000
110139  -44.257  33.469  -0.962 0.0000000000
111874  -47.092  35.226  2.199 0.0000000000
111023  -44.903  34.385  -0.440 0.0000000000
110138  -43.705  33.721  -0.818 0.0000000000
110128  -43.423  33.349  -0.605 0.0000000000
109292  -42.339  31.935  0.109 0.0000000000
109291  -41.890  32.459  0.151 0.0000000000
108588  -41.297  31.433  0.341 0.0000000000
107916  -40.825  30.410  0.573 0.0000000000
109282  -39.317  32.651  1.506 0.0000000000
108569  -39.101  31.841  2.198 0.0000000000
110976  -40.004  34.739  2.464 0.0000000000
110078  -38.340  33.537  2.428 0.0000000000
110957  -36.145  33.962  3.754 0.0000000000
114469  -48.251  37.980  10.839 0.0000000000
114480  -46.338  38.252  8.372 0.0000000000
114500  -45.398  38.327  7.401 0.0000000000
114517  -45.013  37.903  6.886 0.0000000000
115343  -44.244  39.281  7.495 0.0000000000
113619  -43.610  37.327  6.356 0.0000000000
112680  -43.014  36.702  6.232 0.0000000000
112679  -42.015  36.434  6.108 0.0000000000
114514  -42.338  38.386  6.484 0.0000000000
111833  -41.239  35.623  6.215 0.0000000000
96771  -44.496  17.246  16.982 0.0000000000
96772  -44.729  17.192  17.017 0.0000000000
96777  -44.591  17.185  16.760 0.0000000000
96782  -44.756  17.101  16.350 0.0000000000
97817  -49.764  17.964  12.474 0.0000000000
97828  -49.742  18.136  11.870 0.0000000000
97837  -47.980  18.022  11.108 0.0000000000
98673  -42.933  18.401  18.016 0.0000000000
98730  -50.455  18.396  13.377 0.0000000000
98751  -48.216  18.099  11.118 0.0000000000
98763  -49.561  19.129  10.849 0.0000000000
98777  -47.518  18.700  10.117 0.0000000000
98854  -51.933  18.843  0.150 0.0000000000
98883  -49.198  19.608  -2.686 0.0000000000
99533  -41.183  19.880  19.231 0.0000000000
99553  -42.189  19.649  18.753 0.0000000000
99613  -36.486  19.871  14.779 0.0000000000
99619  -44.174  18.933  13.565 0.0000000000
99654  -50.903  19.924  11.747 0.0000000000
99739  -53.838  20.365  3.040 0.0000000000
99768  -52.327  19.550  0.563 0.0000000000
99794  -47.378  19.263  -3.246 0.0000000000
99796  -49.098  19.775  -2.806 0.0000000000
99797  -49.420  19.790  -2.654 0.0000000000
100415  -41.262  19.976  19.496 0.0000000000
100453  -51.331  20.044  17.588 0.0000000000
100462  -39.433  18.514  14.971 0.0000000000
100479  -39.638  18.704  14.576 0.0000000000
100524  -50.585  20.228  11.082 0.0000000000
100533  -50.354  20.411  10.501 0.0000000000
100605  -45.090  20.536  4.453 0.0000000000
100618  -44.783  20.856  3.973 0.0000000000
100655  -52.188  20.234  1.065 0.0000000000
100664  -51.619  20.073  0.769 0.0000000000
100691  -49.326  19.892  -2.859 0.0000000000
101289  -42.861  21.707  19.461 0.0000000000
101302  -43.228  21.458  19.316 0.0000000000
101304  -44.273  21.277  19.038 0.0000000000
101351  -38.094  21.295  13.868 0.0000000000
101379  -43.490  22.331  12.492 0.0000000000
101477  -44.332  21.354  5.531 0.0000000000
101505  -44.029  22.043  3.954 0.0000000000
101519  -44.963  21.182  3.029 0.0000000000
101527  -46.164  20.550  1.771 0.0000000000
102147  -42.691  21.944  19.663 0.0000000000
102929  -45.616  23.162  20.407 0.0000000000
102991  -37.372  23.027  14.294 0.0000000000
102998  -46.838  24.175  13.375 0.0000000000
103014  -45.169  22.829  11.203 0.0000000000
103025  -44.041  23.519  10.149 0.0000000000
103026  -53.394  23.583  9.139 0.0000000000
103035  -53.494  23.622  8.582 0.0000000000
103136  -44.539  22.841  -5.407 0.0000000000
103808  -43.497  23.665  9.137 0.0000000000
104506  -45.012  26.362  13.443 0.0000000000
104576  -43.926  25.061  4.531 0.0000000000
104600  -44.186  25.238  0.286 0.0000000000
104631  -44.105  24.992  -3.974 0.0000000000
104642  -44.318  25.550  -5.011 0.0000000000
104649  -42.354  25.683  -5.216 0.0000000000
104650  -44.263  25.294  -5.201 0.0000000000
104658  -43.368  25.482  -6.580 0.0000000000
104665  -42.765  25.997  -7.133 0.0000000000
104666  -43.669  25.884  -7.277 0.0000000000
104667  -44.251  26.421  -7.116 0.0000000000
104671  -43.326  26.389  -7.463 0.0000000000
104672  -43.826  26.557  -7.467 0.0000000000
104673  -44.140  26.904  -7.301 0.0000000000
105185  -42.983  26.428  13.428 0.0000000000
105206  -48.215  26.786  8.579 0.0000000000
105252  -45.969  26.410  2.617 0.0000000000
105261  -46.664  27.052  2.279 0.0000000000
105270  -46.145  27.185  1.661 0.0000000000
105307  -44.410  25.984  -4.966 0.0000000000
105313  -42.086  26.742  -4.924 0.0000000000
105320  -42.267  26.519  -5.644 0.0000000000
105321  -42.555  26.850  -6.258 0.0000000000
105322  -44.466  26.826  -6.350 0.0000000000
105326  -43.100  26.909  -7.127 0.0000000000
105328  -44.341  27.111  -6.917 0.0000000000
105332  -43.526  26.835  -7.406 0.0000000000
105333  -43.891  27.166  -7.344 0.0000000000
105334  -44.151  27.297  -7.169 0.0000000000
105833  -43.074  27.825  10.281 0.0000000000
105834  -43.393  27.897  10.318 0.0000000000
105838  -43.065  27.786  9.946 0.0000000000
105839  -43.622  27.854  9.762 0.0000000000
105840  -44.272  28.024  9.979 0.0000000000
105846  -43.085  27.782  9.334 0.0000000000
105859  -48.311  26.995  7.764 0.0000000000
105868  -47.898  26.817  7.105 0.0000000000
105879  -49.653  27.944  5.594 0.0000000000
105880  -49.894  28.499  5.589 0.0000000000
105889  -49.820  28.206  4.934 0.0000000000
105919  -50.311  27.863  1.802 0.0000000000
105940  -45.574  27.915  -1.117 0.0000000000
105941  -46.366  28.068  -0.867 0.0000000000
105943  -48.346  27.737  -0.024 0.0000000000
105951  -45.900  28.164  -1.491 0.0000000000
105972  -42.334  27.265  -4.954 0.0000000000
105982  -43.726  28.278  -5.942 0.0000000000
105987  -43.438  27.375  -6.997 0.0000000000
105988  -43.932  27.727  -6.878 0.0000000000
105989  -44.315  27.569  -6.866 0.0000000000
105994  -43.943  27.422  -7.219 0.0000000000
105995  -44.102  27.506  -7.049 0.0000000000
106492  -43.455  28.102  13.780 0.0000000000
106510  -48.660  28.498  11.947 0.0000000000
106585  -49.991  28.805  6.002 0.0000000000
106591  -49.961  28.865  5.654 0.0000000000
106610  -50.303  28.299  2.510 0.0000000000
106665  -48.705  29.304  -3.268 0.0000000000
106677  -44.356  28.319  -5.209 0.0000000000
106683  -44.541  27.969  -6.509 0.0000000000
107217  -43.821  28.512  7.660 0.0000000000
107219  -49.096  29.348  7.760 0.0000000000
107242  -49.673  29.175  6.217 0.0000000000
107265  -49.573  29.012  4.870 0.0000000000
107272  -46.141  30.256  3.484 0.0000000000
107276  -49.595  29.005  3.904 0.0000000000
107282  -46.882  30.154  2.305 0.0000000000
107297  -50.315  28.635  1.507 0.0000000000
107320  -50.092  29.827  -0.306 0.0000000000
107335  -49.145  29.359  -3.060 0.0000000000
107336  -49.627  29.802  -3.074 0.0000000000
107337  -50.144  30.073  -2.624 0.0000000000
107343  -49.262  29.950  -3.412 0.0000000000
107860  -42.357  29.882  8.071 0.0000000000
107868  -43.278  30.064  7.109 0.0000000000
107902  -47.052  30.309  1.985 0.0000000000
107908  -46.887  31.030  1.836 0.0000000000
107919  -47.862  31.023  0.990 0.0000000000
107920  -48.400  30.614  0.531 0.0000000000
107921  -49.032  30.231  0.205 0.0000000000
107930  -48.796  31.016  -0.182 0.0000000000
107946  -49.140  30.808  -3.301 0.0000000000
107955  -48.656  29.937  -3.535 0.0000000000
107957  -49.408  30.263  -3.337 0.0000000000
108546  -44.855  31.154  5.411 0.0000000000
108547  -45.305  31.192  4.890 0.0000000000
108554  -45.670  31.246  4.204 0.0000000000
108555  -46.017  31.528  3.765 0.0000000000
108563  -45.955  31.073  3.590 0.0000000000
108564  -46.352  31.413  3.050 0.0000000000
108570  -46.770  31.518  2.134 0.0000000000
108571  -47.216  31.744  1.751 0.0000000000
108579  -47.126  31.303  1.663 0.0000000000
108591  -48.505  31.303  0.247 0.0000000000
108615  -49.763  31.197  -0.741 0.0000000000
108624  -47.136  31.241  -2.216 0.0000000000
109283  -48.223  31.840  0.921 0.0000000000
109284  -48.792  32.450  1.017 0.0000000000
109285  -49.424  32.657  0.755 0.0000000000
109293  -48.413  31.566  0.542 0.0000000000
109295  -49.593  32.359  0.321 0.0000000000
109297  -51.829  33.221  0.176 0.0000000000
109304  -42.260  32.926  -0.065 0.0000000000
109305  -42.771  32.446  -0.140 0.0000000000
109308  -45.285  32.088  -0.984 0.0000000000
109309  -49.121  31.612  -0.117 0.0000000000
109313  -52.152  33.338  0.119 0.0000000000
109969  -47.745  34.120  10.159 0.0000000000
110009  -44.680  32.721  6.436 0.0000000000
110013  -52.361  33.728  6.317 0.0000000000
110021  -43.324  34.146  4.572 0.0000000000
110029  -53.197  33.757  5.577 0.0000000000
110043  -46.717  32.864  3.880 0.0000000000
110050  -53.564  33.809  4.662 0.0000000000
110063  -44.876  33.774  2.832 0.0000000000
110084  -47.803  32.629  2.337 0.0000000000
110094  -38.694  33.592  1.876 0.0000000000
110096  -40.819  34.970  1.351 0.0000000000
110097  -41.283  34.686  1.349 0.0000000000
110100  -44.036  33.695  1.591 0.0000000000
110101  -48.779  32.781  1.453 0.0000000000
110106  -52.711  34.022  1.802 0.0000000000
110131  -51.383  33.119  0.150 0.0000000000
110133  -52.654  33.984  0.753 0.0000000000
110140  -45.199  33.507  -1.133 0.0000000000
110143  -50.790  33.841  -1.592 0.0000000000
110144  -51.390  33.621  -1.243 0.0000000000
110832  -45.037  34.423  12.019 0.0000000000
110833  -45.205  34.324  11.767 0.0000000000
110842  -44.886  34.340  11.788 0.0000000000
110843  -45.063  34.267  11.540 0.0000000000
110849  -52.178  34.896  11.238 0.0000000000
110853  -47.849  34.038  9.567 0.0000000000
110859  -52.566  35.243  10.403 0.0000000000
110867  -49.156  34.173  9.350 0.0000000000
110896  -47.704  34.061  7.501 0.0000000000
110902  -53.091  35.058  7.259 0.0000000000
110915  -49.618  34.186  6.865 0.0000000000
110932  -43.999  34.988  4.777 0.0000000000
110933  -47.714  34.183  6.076 0.0000000000
110938  -53.315  34.001  6.091 0.0000000000
110965  -46.701  35.179  2.593 0.0000000000
110966  -52.927  34.252  3.442 0.0000000000
110972  -36.924  33.911  3.258 0.0000000000
110978  -42.900  33.922  1.472 0.0000000000
110980  -46.113  34.500  2.095 0.0000000000
110983  -52.854  34.484  3.135 0.0000000000
110995  -47.459  34.853  0.941 0.0000000000
110996  -52.599  34.238  2.482 0.0000000000
111011  -48.202  34.701  0.048 0.0000000000
111013  -52.557  34.569  0.692 0.0000000000
111036  -43.764  34.011  -0.832 0.0000000000
111048  -47.843  33.989  -2.136 0.0000000000
111779  -52.375  35.396  12.563 0.0000000000
111781  -54.008  36.418  12.211 0.0000000000
111782  -54.383  36.492  12.093 0.0000000000
111785  -53.285  35.944  11.407 0.0000000000
111787  -54.340  36.406  11.925 0.0000000000
111790  -53.909  36.296  10.795 0.0000000000
111791  -54.219  36.545  10.519 0.0000000000
111796  -53.753  35.894  9.853 0.0000000000
111809  -53.636  35.571  9.037 0.0000000000
111810  -54.250  35.916  9.267 0.0000000000
111834  -41.863  35.617  5.905 0.0000000000
111866  -48.351  35.900  2.860 0.0000000000
111886  -47.071  35.013  1.772 0.0000000000
111911  -49.906  34.840  -0.073 0.0000000000
112611  -52.833  36.508  13.518 0.0000000000
112621  -52.928  36.308  12.991 0.0000000000
112626  -54.361  36.538  11.525 0.0000000000
112627  -54.502  36.614  11.870 0.0000000000
112630  -54.364  36.684  11.083 0.0000000000
112647  -54.392  36.545  9.423 0.0000000000
112720  -47.785  35.918  3.497 0.0000000000
113533  -53.927  36.966  12.654 0.0000000000
113559  -53.852  37.507  11.266 0.0000000000
113585  -54.254  37.158  9.770 0.0000000000
113628  -43.723  36.851  6.064 0.0000000000
113630  -45.748  36.673  5.895 0.0000000000
141993  -45.773  23.516  -2.863 0.0000000000
141995  -46.746  20.300  -3.798 0.0000000000
141997  -45.174  21.725  -4.203 0.0000000000
142004  -45.887  23.392  -4.046 0.0000000000
142008  -45.369  22.126  -5.092 0.0000000000
142016  -46.212  23.224  -4.374 0.0000000000
142020  -44.969  22.551  -5.335 0.0000000000
142023  -44.182  25.046  -5.416 0.0000000000
142026  -42.721  25.241  -5.569 0.0000000000
142146  -45.406  28.373  -2.966 0.0000000000
