#!ascii label  , from subject la02 vox2ras=TkReg
2008
78274  -42.601  -1.645  50.147 0.0000000000
66116  -36.433  -11.710  59.401 0.0000000000
75403  -50.393  -4.831  43.348 0.0000000000
70014  -40.437  -8.819  39.221 0.0000000000
76356  -47.190  -3.886  47.050 0.0000000000
72094  -44.601  -8.206  55.647 0.0000000000
59254  -48.628  -18.888  52.799 0.0000000000
60626  -44.301  -16.841  43.536 0.0000000000
56660  -28.492  -19.509  60.053 0.0000000000
78552  -48.240  -1.190  33.914 0.0000000000
61808  -34.461  -16.533  44.756 0.0000000000
74377  -40.665  -5.378  44.742 0.0000000000
74403  -43.689  -5.098  43.205 0.0000000000
79393  -44.660  -0.226  46.677 0.0000000000
141492  -42.590  -5.131  51.880 0.0000000000
68722  -43.881  -11.173  48.938 0.0000000000
69960  -40.784  -9.476  46.285 0.0000000000
64152  -39.594  -14.083  40.343 0.0000000000
77644  -46.555  -3.048  30.841 0.0000000000
59205  -35.065  -17.439  59.275 0.0000000000
59259  -31.639  -18.509  52.819 0.0000000000
63960  -35.674  -14.483  52.935 0.0000000000
74361  -49.162  -4.928  45.099 0.0000000000
67373  -43.234  -10.974  58.902 0.0000000000
67490  -42.027  -11.863  52.382 0.0000000000
67517  -47.050  -12.041  51.335 0.0000000000
59312  -45.475  -17.884  47.979 0.0000000000
56612  -21.901  -19.488  62.348 0.0000000000
80553  -51.766  0.290  47.927 0.0000000000
78379  -50.591  -1.258  43.401 0.0000000000
80687  -51.876  1.260  38.388 0.0000000000
141619  -46.829  -2.760  39.630 0.0000000000
76548  -47.945  -3.369  35.508 0.0000000000
58068  -24.895  -19.573  53.363 0.0000000000
61765  -40.983  -16.460  47.761 0.0000000000
77335  -41.609  -2.604  47.586 0.0000000000
77362  -42.098  -2.163  45.696 0.0000000000
80548  -42.623  -0.226  47.999 0.0000000000
141496  -42.994  -3.244  51.027 0.0000000000
141485  -41.511  -7.849  48.799 0.0000000000
141510  -41.106  -5.337  47.223 0.0000000000
72192  -40.456  -7.630  45.490 0.0000000000
74432  -52.581  -5.473  42.951 0.0000000000
75420  -50.801  -4.419  42.383 0.0000000000
62765  -35.442  -15.353  59.633 0.0000000000
61625  -35.558  -16.262  56.767 0.0000000000
66137  -35.700  -12.849  56.960 0.0000000000
71213  -41.531  -7.698  38.553 0.0000000000
75368  -45.490  -4.631  45.153 0.0000000000
74429  -45.258  -6.173  42.902 0.0000000000
74358  -47.266  -5.540  45.267 0.0000000000
73283  -48.186  -6.526  44.507 0.0000000000
75353  -49.072  -4.651  46.848 0.0000000000
69811  -44.884  -9.470  57.593 0.0000000000
66224  -45.936  -12.050  55.117 0.0000000000
69886  -45.747  -10.246  53.028 0.0000000000
64087  -42.706  -14.655  45.981 0.0000000000
64059  -45.024  -14.767  47.586 0.0000000000
59364  -44.005  -18.038  45.653 0.0000000000
67687  -38.778  -11.516  39.343 0.0000000000
78361  -51.704  -0.592  45.268 0.0000000000
141641  -49.021  -0.333  39.193 0.0000000000
78499  -47.119  -0.990  37.095 0.0000000000
76508  -46.982  -3.436  37.514 0.0000000000
77544  -45.625  -2.187  35.045 0.0000000000
76624  -48.361  -3.754  32.450 0.0000000000
56635  -24.757  -19.810  61.502 0.0000000000
56716  -22.801  -20.142  57.623 0.0000000000
58005  -26.643  -19.740  56.922 0.0000000000
60535  -32.302  -17.004  48.322 0.0000000000
58173  -29.170  -18.711  48.843 0.0000000000
59375  -30.862  -18.065  44.725 0.0000000000
63997  -44.120  -14.901  50.789 0.0000000000
66323  -41.613  -13.069  49.717 0.0000000000
60503  -44.850  -17.827  50.369 0.0000000000
72258  -40.130  -7.759  41.673 0.0000000000
72260  -41.140  -6.946  40.460 0.0000000000
75396  -42.354  -4.423  43.591 0.0000000000
77364  -44.154  -2.558  44.907 0.0000000000
78343  -46.568  -1.936  46.953 0.0000000000
73197  -43.527  -6.961  54.001 0.0000000000
68678  -44.400  -9.672  52.209 0.0000000000
71097  -42.609  -8.544  50.666 0.0000000000
68731  -41.690  -10.187  47.598 0.0000000000
65208  -41.008  -13.936  44.450 0.0000000000
61854  -41.819  -16.042  41.636 0.0000000000
66416  -39.458  -12.570  43.548 0.0000000000
69990  -39.374  -9.480  42.487 0.0000000000
78574  -46.854  -1.883  32.624 0.0000000000
78599  -47.922  -1.062  29.982 0.0000000000
57959  -31.271  -18.644  59.919 0.0000000000
58030  -30.072  -19.820  56.321 0.0000000000
59239  -33.877  -18.203  55.913 0.0000000000
60479  -34.424  -16.237  52.847 0.0000000000
62961  -35.558  -15.289  48.513 0.0000000000
73346  -43.196  -6.527  40.950 0.0000000000
73306  -49.728  -5.956  44.008 0.0000000000
75389  -49.457  -4.593  44.432 0.0000000000
67370  -40.400  -11.231  58.774 0.0000000000
66167  -40.012  -10.854  56.576 0.0000000000
66198  -42.543  -11.740  56.075 0.0000000000
66257  -45.002  -12.417  52.001 0.0000000000
62897  -48.167  -15.447  51.367 0.0000000000
67538  -46.165  -11.335  50.347 0.0000000000
62938  -47.596  -15.375  49.228 0.0000000000
59299  -48.091  -18.821  50.007 0.0000000000
81593  -43.220  2.081  51.350 0.0000000000
68543  -37.069  -10.434  60.178 0.0000000000
70974  -41.162  -8.945  58.245 0.0000000000
73134  -42.469  -6.379  57.543 0.0000000000
82652  -43.990  2.848  49.540 0.0000000000
81652  -46.767  1.974  48.721 0.0000000000
79349  -48.922  -0.221  49.940 0.0000000000
82634  -50.045  2.101  49.071 0.0000000000
76297  -50.906  -3.161  50.825 0.0000000000
76345  -51.068  -3.204  48.201 0.0000000000
77368  -49.273  -2.430  45.587 0.0000000000
77379  -47.939  -3.026  44.072 0.0000000000
79494  -50.365  0.110  40.892 0.0000000000
77424  -48.753  -2.200  41.004 0.0000000000
75429  -47.574  -3.942  41.683 0.0000000000
75460  -48.741  -4.420  39.679 0.0000000000
76622  -46.654  -3.244  32.800 0.0000000000
57985  -20.469  -19.636  59.004 0.0000000000
56823  -22.441  -20.250  49.788 0.0000000000
58091  -28.393  -19.580  52.402 0.0000000000
58147  -25.578  -19.572  49.659 0.0000000000
67487  -38.392  -11.122  52.918 0.0000000000
66338  -37.913  -12.616  49.261 0.0000000000
62994  -38.535  -15.637  45.779 0.0000000000
58179  -40.678  -20.186  47.888 0.0000000000
141506  -42.267  -2.068  48.963 0.0000000000
78303  -41.977  -1.528  48.161 0.0000000000
79363  -42.542  -0.511  49.326 0.0000000000
141497  -43.209  -2.938  50.314 0.0000000000
141498  -42.620  -2.620  49.205 0.0000000000
141488  -41.984  -3.657  48.454 0.0000000000
74407  -50.286  -5.240  43.581 0.0000000000
74408  -51.605  -5.088  43.447 0.0000000000
75404  -51.947  -4.437  43.387 0.0000000000
75419  -49.473  -4.505  42.588 0.0000000000
64992  -35.473  -12.988  59.245 0.0000000000
63920  -35.621  -14.071  58.826 0.0000000000
66126  -36.163  -12.447  57.984 0.0000000000
70024  -40.615  -9.974  37.611 0.0000000000
70015  -40.857  -8.478  39.040 0.0000000000
76355  -46.267  -3.678  46.499 0.0000000000
74357  -46.194  -5.177  45.019 0.0000000000
75350  -46.959  -4.390  46.509 0.0000000000
75371  -47.965  -4.714  46.307 0.0000000000
75332  -47.936  -4.204  47.402 0.0000000000
71016  -45.133  -8.584  56.186 0.0000000000
69848  -45.845  -10.063  55.164 0.0000000000
71064  -45.343  -9.477  54.489 0.0000000000
61797  -42.068  -16.521  45.000 0.0000000000
61799  -43.265  -16.700  45.964 0.0000000000
60595  -44.156  -17.592  44.435 0.0000000000
60579  -45.968  -17.914  44.973 0.0000000000
68821  -39.172  -10.464  39.361 0.0000000000
66504  -40.773  -12.005  37.975 0.0000000000
68831  -40.304  -10.550  37.797 0.0000000000
79594  -48.238  -0.633  36.462 0.0000000000
78529  -47.942  -1.168  35.099 0.0000000000
78512  -46.489  -1.718  35.749 0.0000000000
78528  -47.166  -1.343  34.838 0.0000000000
56658  -26.420  -19.748  60.416 0.0000000000
56680  -25.573  -19.581  59.595 0.0000000000
56701  -27.229  -19.745  58.282 0.0000000000
61778  -33.405  -16.225  46.514 0.0000000000
60558  -31.492  -17.028  46.527 0.0000000000
60587  -32.587  -17.352  44.706 0.0000000000
58248  -32.764  -19.089  44.916 0.0000000000
59378  -33.893  -18.563  44.816 0.0000000000
61699  -46.217  -16.920  51.474 0.0000000000
61714  -44.627  -16.707  50.602 0.0000000000
59272  -46.101  -18.614  51.787 0.0000000000
73300  -40.243  -6.542  42.947 0.0000000000
74424  -40.604  -6.118  42.472 0.0000000000
74378  -41.186  -4.953  44.174 0.0000000000
79405  -43.262  -0.763  46.523 0.0000000000
77363  -43.120  -2.516  44.946 0.0000000000
78341  -44.755  -1.772  46.000 0.0000000000
77350  -44.912  -2.621  45.755 0.0000000000
79394  -45.779  -0.627  46.933 0.0000000000
73209  -42.811  -6.483  52.579 0.0000000000
72133  -42.952  -7.801  52.288 0.0000000000
72142  -42.599  -7.602  51.434 0.0000000000
72173  -41.291  -8.130  47.740 0.0000000000
71116  -41.640  -9.056  48.539 0.0000000000
69950  -41.177  -9.573  46.858 0.0000000000
67617  -41.400  -11.844  45.821 0.0000000000
67616  -40.753  -11.347  45.584 0.0000000000
66417  -39.952  -13.013  43.961 0.0000000000
68766  -40.165  -10.732  45.189 0.0000000000
74354  -40.291  -6.328  45.169 0.0000000000
72203  -40.063  -7.667  44.419 0.0000000000
73299  -40.072  -6.510  43.957 0.0000000000
71178  -39.804  -8.350  42.162 0.0000000000
57974  -33.433  -18.264  59.438 0.0000000000
58012  -32.447  -19.102  57.678 0.0000000000
59215  -34.887  -18.106  58.041 0.0000000000
62819  -35.569  -15.193  54.756 0.0000000000
61665  -35.153  -15.817  54.173 0.0000000000
62860  -35.374  -15.153  52.760 0.0000000000
61696  -34.626  -15.662  51.320 0.0000000000
62893  -35.729  -14.831  51.239 0.0000000000
74449  -42.721  -6.046  41.592 0.0000000000
73367  -42.002  -6.777  40.007 0.0000000000
73321  -43.773  -6.126  41.737 0.0000000000
73323  -45.663  -6.785  42.383 0.0000000000
73348  -45.129  -6.986  41.445 0.0000000000
73371  -45.611  -6.714  40.642 0.0000000000
73270  -49.019  -5.217  45.091 0.0000000000
73284  -48.929  -6.140  44.635 0.0000000000
73285  -49.210  -5.478  44.752 0.0000000000
74383  -49.407  -5.051  44.442 0.0000000000
75372  -49.402  -4.405  45.389 0.0000000000
67371  -41.254  -11.457  58.796 0.0000000000
66144  -41.535  -11.357  57.530 0.0000000000
67403  -42.784  -11.218  57.175 0.0000000000
67467  -45.667  -11.623  53.428 0.0000000000
67466  -44.854  -12.112  53.671 0.0000000000
66258  -45.821  -12.466  51.758 0.0000000000
66301  -45.637  -13.498  50.848 0.0000000000
65101  -47.703  -13.788  50.653 0.0000000000
68713  -44.110  -10.766  49.927 0.0000000000
68702  -45.486  -10.782  50.797 0.0000000000
67571  -45.181  -11.875  48.769 0.0000000000
61769  -45.436  -16.408  48.072 0.0000000000
64038  -46.153  -14.558  48.451 0.0000000000
60521  -46.174  -16.952  49.088 0.0000000000
60523  -47.951  -17.117  49.607 0.0000000000
63077  -41.006  -14.912  40.842 0.0000000000
72044  -41.778  -7.664  57.506 0.0000000000
75218  -43.307  -5.306  54.533 0.0000000000
82628  -43.412  2.613  50.453 0.0000000000
83547  -46.908  3.385  50.154 0.0000000000
83548  -47.908  2.978  50.607 0.0000000000
80496  -48.384  1.115  49.126 0.0000000000
81595  -48.937  2.174  49.719 0.0000000000
80515  -51.429  0.271  49.154 0.0000000000
79332  -50.827  -0.572  50.509 0.0000000000
78277  -51.405  -1.678  49.734 0.0000000000
76332  -52.042  -3.289  48.829 0.0000000000
78307  -51.368  -1.540  48.198 0.0000000000
78370  -51.133  -0.897  44.232 0.0000000000
78359  -50.434  -1.418  45.517 0.0000000000
78368  -49.864  -1.865  44.918 0.0000000000
77367  -48.820  -2.774  44.896 0.0000000000
77392  -49.139  -2.137  43.055 0.0000000000
141646  -50.598  0.973  38.967 0.0000000000
141624  -47.838  -0.828  38.964 0.0000000000
78433  -48.040  -0.946  39.880 0.0000000000
77440  -47.964  -2.115  40.385 0.0000000000
77423  -47.931  -2.776  41.468 0.0000000000
76449  -46.875  -3.365  40.499 0.0000000000
75442  -47.657  -4.354  40.727 0.0000000000
75458  -47.037  -4.244  39.773 0.0000000000
76530  -47.873  -3.459  36.516 0.0000000000
76486  -48.339  -3.859  38.279 0.0000000000
77507  -49.284  -2.945  37.150 0.0000000000
77633  -46.645  -2.327  31.614 0.0000000000
78573  -46.425  -2.357  32.675 0.0000000000
76656  -46.805  -3.373  31.728 0.0000000000
56737  -23.479  -19.897  56.103 0.0000000000
56735  -21.942  -20.090  56.719 0.0000000000
58052  -22.681  -19.840  54.125 0.0000000000
58084  -21.861  -20.086  52.621 0.0000000000
58086  -23.567  -19.647  52.451 0.0000000000
58074  -30.843  -19.503  53.884 0.0000000000
58059  -29.357  -19.695  54.489 0.0000000000
59257  -30.359  -19.284  52.003 0.0000000000
58171  -27.510  -19.315  48.433 0.0000000000
54556  -27.628  -22.500  47.159 0.0000000000
68618  -40.932  -10.564  55.366 0.0000000000
67436  -39.111  -10.863  54.695 0.0000000000
67488  -39.635  -11.017  52.690 0.0000000000
64037  -41.714  -14.727  48.677 0.0000000000
66321  -39.730  -12.554  49.253 0.0000000000
65171  -40.129  -13.716  47.568 0.0000000000
64054  -38.013  -14.087  46.898 0.0000000000
62996  -40.179  -15.449  46.787 0.0000000000
58197  -38.953  -19.895  47.052 0.0000000000
75365  -41.007  -4.883  45.834 0.0000000000
76366  -41.694  -3.134  45.635 0.0000000000
77349  -41.509  -2.395  46.604 0.0000000000
79391  -42.600  -0.641  47.374 0.0000000000
79392  -43.545  -0.156  46.774 0.0000000000
141493  -42.409  -4.562  51.442 0.0000000000
141483  -42.225  -6.143  50.388 0.0000000000
141484  -41.928  -5.676  49.248 0.0000000000
72181  -41.032  -7.803  46.839 0.0000000000
71141  -40.698  -8.615  45.922 0.0000000000
73266  -40.816  -6.678  46.396 0.0000000000
74355  -40.514  -5.867  45.683 0.0000000000
76420  -51.752  -4.064  42.161 0.0000000000
61562  -35.413  -16.137  59.391 0.0000000000
60436  -35.641  -17.384  57.748 0.0000000000
61581  -36.051  -16.012  58.261 0.0000000000
63936  -35.595  -14.312  56.435 0.0000000000
65061  -36.077  -13.747  54.865 0.0000000000
75399  -44.646  -4.788  44.050 0.0000000000
74428  -44.301  -5.770  42.590 0.0000000000
74380  -45.542  -5.124  44.466 0.0000000000
74405  -45.898  -5.814  43.637 0.0000000000
73281  -46.943  -6.476  43.985 0.0000000000
72220  -47.408  -7.202  43.544 0.0000000000
73267  -47.665  -6.116  44.770 0.0000000000
74359  -48.316  -4.965  45.758 0.0000000000
74336  -49.028  -4.721  46.117 0.0000000000
68572  -43.594  -10.401  57.951 0.0000000000
66146  -44.199  -11.453  57.291 0.0000000000
67393  -46.202  -10.891  57.007 0.0000000000
68643  -45.848  -10.983  54.299 0.0000000000
68680  -46.134  -11.004  52.691 0.0000000000
67597  -43.326  -12.297  47.041 0.0000000000
66353  -44.743  -12.792  47.957 0.0000000000
65192  -43.700  -14.031  46.837 0.0000000000
61784  -44.204  -16.471  46.915 0.0000000000
59325  -44.423  -17.798  46.919 0.0000000000
58202  -45.267  -19.298  46.610 0.0000000000
59366  -45.094  -18.644  45.161 0.0000000000
65263  -38.629  -12.897  39.936 0.0000000000
65283  -40.918  -13.058  38.907 0.0000000000
81711  -52.232  1.554  46.411 0.0000000000
79396  -51.867  -0.527  46.831 0.0000000000
80582  -52.250  0.701  45.302 0.0000000000
79435  -52.229  0.010  43.757 0.0000000000
79453  -51.543  -0.159  43.126 0.0000000000
79597  -51.909  0.500  36.363 0.0000000000
79572  -50.169  0.509  38.190 0.0000000000
79595  -49.604  -0.120  36.471 0.0000000000
79570  -47.451  -0.893  38.163 0.0000000000
79569  -46.626  -2.072  38.518 0.0000000000
141622  -46.577  -2.779  38.255 0.0000000000
77526  -46.403  -2.254  36.733 0.0000000000
76528  -46.573  -2.881  36.620 0.0000000000
76547  -47.054  -3.499  35.637 0.0000000000
76697  -47.217  -3.421  30.132 0.0000000000
76683  -47.024  -3.489  30.827 0.0000000000
76684  -47.777  -3.761  30.563 0.0000000000
55465  -23.634  -20.424  62.237 0.0000000000
56677  -22.733  -19.931  59.797 0.0000000000
56678  -23.466  -19.968  59.701 0.0000000000
58003  -24.887  -19.725  56.811 0.0000000000
58043  -25.780  -19.533  55.225 0.0000000000
60499  -32.423  -17.281  50.533 0.0000000000
59279  -30.324  -18.695  50.457 0.0000000000
60533  -30.815  -17.797  48.772 0.0000000000
59337  -29.484  -18.151  46.347 0.0000000000
58228  -28.726  -19.040  45.208 0.0000000000
55671  -29.148  -21.551  46.080 0.0000000000
56911  -31.072  -20.287  45.703 0.0000000000
66275  -43.076  -12.991  51.445 0.0000000000
67516  -41.637  -12.209  51.242 0.0000000000
65137  -42.780  -14.269  49.871 0.0000000000
62936  -42.779  -15.258  49.454 0.0000000000
61756  -43.139  -16.820  48.708 0.0000000000
71192  -40.007  -8.323  40.959 0.0000000000
72270  -40.747  -7.500  40.284 0.0000000000
73343  -40.624  -6.715  41.688 0.0000000000
74426  -42.217  -5.455  42.333 0.0000000000
74402  -42.712  -4.935  43.031 0.0000000000
76367  -42.297  -2.747  45.101 0.0000000000
77376  -43.305  -3.020  44.346 0.0000000000
75384  -44.199  -4.023  44.253 0.0000000000
76368  -44.638  -3.754  44.993 0.0000000000
76354  -45.449  -3.554  46.078 0.0000000000
77336  -46.934  -2.405  47.281 0.0000000000
72108  -43.865  -7.641  54.456 0.0000000000
71062  -44.260  -8.603  53.617 0.0000000000
71077  -43.860  -8.618  52.994 0.0000000000
69909  -43.032  -9.426  51.140 0.0000000000
68712  -43.130  -10.280  49.506 0.0000000000
72151  -42.232  -7.312  49.949 0.0000000000
69930  -41.972  -9.603  48.917 0.0000000000
67581  -42.967  -11.552  47.440 0.0000000000
67596  -42.565  -11.894  46.711 0.0000000000
65202  -41.581  -13.836  45.274 0.0000000000
63033  -41.041  -15.911  43.975 0.0000000000
61856  -43.274  -16.253  42.279 0.0000000000
63032  -40.385  -15.450  43.252 0.0000000000
64112  -39.453  -14.512  42.799 0.0000000000
66426  -39.027  -12.639  42.697 0.0000000000
69969  -39.931  -9.284  44.533 0.0000000000
68789  -39.180  -10.562  42.875 0.0000000000
67656  -38.730  -11.922  41.606 0.0000000000
68799  -38.969  -10.646  41.574 0.0000000000
69998  -39.422  -9.342  41.267 0.0000000000
78551  -47.093  -1.612  33.639 0.0000000000
78575  -48.132  -1.395  32.294 0.0000000000
78592  -47.122  -1.847  31.564 0.0000000000
78598  -47.418  -1.820  30.505 0.0000000000
77651  -47.884  -2.177  29.326 0.0000000000
77656  -48.322  -2.624  28.726 0.0000000000
56662  -30.284  -19.087  59.633 0.0000000000
56703  -29.136  -19.880  58.572 0.0000000000
56706  -31.119  -19.352  57.967 0.0000000000
58050  -32.102  -19.247  55.974 0.0000000000
60466  -32.778  -18.108  54.503 0.0000000000
60445  -34.996  -17.572  56.270 0.0000000000
60468  -34.139  -16.543  54.440 0.0000000000
60477  -33.176  -17.172  52.563 0.0000000000
60501  -33.747  -16.556  50.702 0.0000000000
61730  -34.470  -16.273  49.376 0.0000000000
62991  -34.773  -15.498  46.813 0.0000000000
72272  -41.592  -6.991  39.640 0.0000000000
72286  -42.344  -6.838  39.180 0.0000000000
73347  -44.195  -6.539  41.169 0.0000000000
67352  -37.952  -11.077  58.903 0.0000000000
67385  -38.419  -11.270  57.507 0.0000000000
67386  -39.364  -11.290  57.798 0.0000000000
66168  -40.930  -11.406  56.717 0.0000000000
67439  -42.420  -11.172  54.747 0.0000000000
66222  -44.069  -12.199  55.280 0.0000000000
67465  -43.849  -12.005  53.681 0.0000000000
67491  -43.117  -12.044  52.843 0.0000000000
65099  -44.456  -13.491  50.836 0.0000000000
62919  -46.352  -15.513  51.181 0.0000000000
60494  -48.399  -16.891  51.841 0.0000000000
69885  -45.380  -9.633  52.493 0.0000000000
68692  -46.320  -10.568  51.760 0.0000000000
67539  -47.118  -11.743  50.580 0.0000000000
66342  -45.829  -12.851  48.839 0.0000000000
65138  -47.128  -13.492  49.222 0.0000000000
66326  -47.953  -13.067  49.837 0.0000000000
61737  -49.538  -15.281  50.415 0.0000000000
60506  -49.578  -16.735  50.942 0.0000000000
64114  -44.939  -15.104  42.473 0.0000000000
141530  -43.035  -1.223  51.801 0.0000000000
79348  -43.118  -0.086  50.590 0.0000000000
55446  -24.032  -20.285  62.756 0.0000000000
56619  -28.974  -18.894  61.165 0.0000000000
57940  -30.787  -18.585  60.788 0.0000000000
57942  -32.655  -18.052  61.137 0.0000000000
61525  -35.305  -15.915  60.701 0.0000000000
63905  -35.851  -14.319  60.746 0.0000000000
64976  -36.044  -13.234  60.622 0.0000000000
66107  -36.905  -11.119  59.619 0.0000000000
67340  -37.883  -10.707  59.297 0.0000000000
67341  -39.353  -10.544  59.102 0.0000000000
67343  -41.250  -10.665  60.285 0.0000000000
69777  -40.581  -9.671  59.118 0.0000000000
68558  -42.563  -10.122  59.236 0.0000000000
69809  -43.276  -9.184  57.970 0.0000000000
70987  -43.922  -8.450  57.709 0.0000000000
72077  -43.936  -7.464  56.195 0.0000000000
73165  -43.566  -6.650  55.716 0.0000000000
74250  -43.522  -5.873  55.156 0.0000000000
74265  -43.389  -6.154  54.244 0.0000000000
141529  -43.349  -1.962  51.857 0.0000000000
81651  -42.735  1.537  49.621 0.0000000000
82679  -43.622  2.254  48.910 0.0000000000
81678  -45.160  1.759  48.113 0.0000000000
83546  -45.741  3.621  49.867 0.0000000000
82681  -45.760  2.262  48.756 0.0000000000
81694  -45.638  1.049  47.523 0.0000000000
80533  -46.995  0.220  48.472 0.0000000000
78305  -47.687  -1.427  48.291 0.0000000000
77322  -48.396  -2.274  48.489 0.0000000000
80477  -49.691  0.606  49.927 0.0000000000
78289  -49.658  -1.558  50.002 0.0000000000
76329  -48.858  -3.279  48.760 0.0000000000
75312  -49.703  -3.927  48.596 0.0000000000
75335  -50.316  -3.869  48.017 0.0000000000
76358  -50.167  -3.493  47.178 0.0000000000
78327  -50.856  -1.600  47.319 0.0000000000
77338  -49.986  -2.596  46.991 0.0000000000
76373  -49.865  -3.898  46.132 0.0000000000
76390  -49.570  -4.057  45.389 0.0000000000
76388  -48.621  -3.379  44.655 0.0000000000
75401  -48.362  -3.866  43.676 0.0000000000
80644  -51.839  0.403  41.949 0.0000000000
79472  -50.365  -0.455  41.887 0.0000000000
141632  -49.697  0.066  39.653 0.0000000000
79493  -49.334  -0.574  40.742 0.0000000000
78392  -49.819  -1.624  42.561 0.0000000000
77407  -48.592  -2.507  42.270 0.0000000000
75417  -47.928  -3.719  42.825 0.0000000000
75418  -48.444  -4.238  42.713 0.0000000000
75430  -48.517  -4.333  41.670 0.0000000000
75432  -50.378  -4.212  41.246 0.0000000000
76451  -50.420  -3.700  40.166 0.0000000000
75472  -48.078  -4.405  38.946 0.0000000000
76468  -49.655  -3.690  39.109 0.0000000000
76470  -50.863  -3.040  39.737 0.0000000000
78550  -46.137  -2.046  33.642 0.0000000000
77590  -46.040  -2.536  34.226 0.0000000000
76562  -47.132  -3.514  34.651 0.0000000000
76623  -47.394  -3.597  32.600 0.0000000000
76591  -48.192  -3.471  33.468 0.0000000000
76549  -48.883  -3.166  35.370 0.0000000000
56696  -21.980  -19.863  58.972 0.0000000000
58028  -28.170  -19.820  56.315 0.0000000000
58057  -27.334  -19.428  54.357 0.0000000000
58069  -25.861  -19.535  53.367 0.0000000000
58128  -29.045  -19.324  50.372 0.0000000000
58126  -27.099  -19.520  50.441 0.0000000000
58107  -24.896  -19.808  51.517 0.0000000000
58146  -24.780  -19.956  49.756 0.0000000000
66139  -37.476  -11.771  56.772 0.0000000000
66219  -37.456  -12.008  54.955 0.0000000000
66239  -36.980  -12.499  53.626 0.0000000000
67534  -39.944  -11.386  50.773 0.0000000000
66296  -38.203  -11.922  50.588 0.0000000000
65111  -36.514  -13.477  50.763 0.0000000000
64013  -36.302  -13.990  49.158 0.0000000000
64052  -36.073  -14.796  47.340 0.0000000000
63007  -36.153  -15.331  45.333 0.0000000000
58156  -44.709  -19.289  49.964 0.0000000000
58201  -43.062  -19.134  47.974 0.0000000000
59322  -41.127  -18.394  46.889 0.0000000000
59342  -39.761  -18.003  46.032 0.0000000000
59362  -37.970  -18.500  45.516 0.0000000000
60571  -35.857  -18.057  44.920 0.0000000000
78287  -42.571  -1.844  49.782 0.0000000000
78286  -42.352  -1.424  49.356 0.0000000000
78273  -42.505  -0.929  50.110 0.0000000000
141515  -42.858  -2.163  50.569 0.0000000000
141504  -42.926  -2.376  49.888 0.0000000000
141516  -42.766  -2.063  49.983 0.0000000000
64993  -35.829  -12.724  60.088 0.0000000000
66115  -36.145  -12.171  58.643 0.0000000000
70021  -40.334  -9.627  38.240 0.0000000000
70022  -40.839  -8.693  38.468 0.0000000000
75351  -47.643  -4.476  46.704 0.0000000000
71031  -45.165  -8.837  55.505 0.0000000000
71048  -45.008  -8.835  54.916 0.0000000000
60593  -42.307  -17.264  43.973 0.0000000000
60575  -42.826  -17.326  45.016 0.0000000000
70013  -39.826  -9.733  38.925 0.0000000000
68824  -39.697  -10.549  38.422 0.0000000000
70020  -39.971  -10.019  38.455 0.0000000000
78553  -49.349  -1.049  33.649 0.0000000000
79638  -48.867  -0.825  34.473 0.0000000000
79637  -48.383  -1.045  34.681 0.0000000000
56659  -27.525  -19.700  60.246 0.0000000000
56681  -26.797  -19.562  59.466 0.0000000000
56682  -27.876  -19.826  59.349 0.0000000000
61793  -33.382  -16.286  45.635 0.0000000000
61806  -32.811  -16.691  45.171 0.0000000000
61807  -33.483  -16.700  44.957 0.0000000000
60588  -33.634  -17.481  44.666 0.0000000000
60589  -34.683  -17.477  44.559 0.0000000000
60481  -47.675  -18.102  52.106 0.0000000000
60491  -46.211  -17.844  51.482 0.0000000000
59263  -47.425  -18.692  52.655 0.0000000000
74399  -40.277  -5.824  44.240 0.0000000000
74400  -40.604  -5.613  43.496 0.0000000000
75381  -41.241  -4.700  44.944 0.0000000000
79406  -44.179  -0.915  46.499 0.0000000000
79407  -45.176  -1.002  46.528 0.0000000000
73230  -42.529  -6.321  51.573 0.0000000000
71132  -41.105  -8.787  46.764 0.0000000000
71133  -41.334  -9.116  47.182 0.0000000000
68741  -40.985  -9.985  46.576 0.0000000000
68753  -40.727  -10.406  46.072 0.0000000000
69970  -40.269  -9.578  45.383 0.0000000000
74376  -40.219  -6.059  44.775 0.0000000000
57992  -34.259  -18.142  59.264 0.0000000000
57991  -34.127  -18.426  58.997 0.0000000000
59204  -34.809  -18.201  58.940 0.0000000000
63951  -35.745  -14.237  54.107 0.0000000000
62839  -35.412  -15.108  53.624 0.0000000000
62878  -35.498  -14.903  52.071 0.0000000000
63970  -36.132  -14.180  52.077 0.0000000000
74427  -43.257  -5.564  42.386 0.0000000000
73324  -46.476  -6.904  42.783 0.0000000000
67372  -42.376  -11.521  58.888 0.0000000000
67389  -42.067  -11.238  57.756 0.0000000000
67390  -43.286  -11.000  57.751 0.0000000000
67495  -46.582  -11.973  51.873 0.0000000000
67494  -46.018  -12.000  52.493 0.0000000000
66259  -46.421  -12.487  51.499 0.0000000000
66279  -46.618  -13.066  51.086 0.0000000000
66280  -47.440  -13.013  50.777 0.0000000000
67554  -44.602  -11.336  49.108 0.0000000000
60550  -45.183  -17.307  47.773 0.0000000000
60538  -45.781  -17.364  48.613 0.0000000000
60539  -46.258  -18.002  48.764 0.0000000000
59313  -45.961  -18.399  48.190 0.0000000000
64138  -40.373  -14.578  40.620 0.0000000000
64139  -41.463  -14.548  40.548 0.0000000000
82633  -48.360  2.458  50.096 0.0000000000
82699  -51.493  1.143  47.667 0.0000000000
82682  -51.074  1.220  48.261 0.0000000000
81681  -51.323  0.619  48.522 0.0000000000
79367  -51.425  -0.585  49.298 0.0000000000
79381  -51.572  -0.768  48.481 0.0000000000
78290  -51.431  -1.701  48.996 0.0000000000
80535  -51.792  -0.315  48.096 0.0000000000
78369  -50.537  -1.404  44.512 0.0000000000
78378  -49.902  -1.884  43.785 0.0000000000
81830  -52.165  1.912  38.702 0.0000000000
141653  -51.166  1.586  38.737 0.0000000000
141647  -50.710  1.318  39.292 0.0000000000
80705  -50.989  1.028  38.531 0.0000000000
141621  -47.231  -1.844  39.560 0.0000000000
77422  -47.270  -2.688  40.487 0.0000000000
75441  -46.881  -4.030  40.652 0.0000000000
76467  -46.691  -3.571  39.705 0.0000000000
76531  -48.832  -3.154  36.431 0.0000000000
77645  -46.745  -2.397  30.987 0.0000000000
77632  -46.383  -2.753  31.939 0.0000000000
56631  -21.933  -19.800  61.680 0.0000000000
58054  -24.344  -19.491  54.301 0.0000000000
58040  -22.962  -19.726  54.849 0.0000000000
58053  -23.434  -19.569  54.215 0.0000000000
58066  -23.127  -19.736  53.329 0.0000000000
58067  -23.969  -19.536  53.344 0.0000000000
59248  -31.265  -19.111  53.321 0.0000000000
58093  -30.522  -19.444  52.952 0.0000000000
59258  -30.976  -19.024  52.547 0.0000000000
54568  -26.276  -21.723  46.671 0.0000000000
67463  -41.778  -11.091  53.372 0.0000000000
67462  -40.573  -10.882  53.474 0.0000000000
67489  -40.792  -11.316  52.522 0.0000000000
62963  -41.076  -15.696  48.209 0.0000000000
65172  -40.706  -14.287  47.634 0.0000000000
64057  -40.585  -14.912  47.372 0.0000000000
64075  -40.263  -14.798  46.890 0.0000000000
61782  -40.420  -16.374  46.974 0.0000000000
76353  -41.516  -3.244  47.012 0.0000000000
141517  -41.546  -3.667  46.242 0.0000000000
79377  -42.411  -0.704  48.470 0.0000000000
78321  -42.089  -1.371  47.186 0.0000000000
80549  -42.925  0.406  47.613 0.0000000000
141494  -42.895  -3.452  51.444 0.0000000000
141486  -42.235  -5.292  50.870 0.0000000000
141487  -42.393  -4.002  50.653 0.0000000000
141501  -41.295  -6.763  47.766 0.0000000000
76341  -41.764  -3.123  47.758 0.0000000000
141520  -41.453  -4.154  46.733 0.0000000000
75421  -51.667  -4.227  42.832 0.0000000000
62779  -35.759  -15.711  58.870 0.0000000000
63921  -35.697  -14.928  59.082 0.0000000000
65028  -35.548  -13.361  57.304 0.0000000000
63929  -35.573  -14.001  57.579 0.0000000000
63935  -35.472  -13.794  56.964 0.0000000000
65055  -35.765  -13.622  55.676 0.0000000000
71221  -41.252  -8.070  37.940 0.0000000000
75367  -44.904  -4.238  45.128 0.0000000000
74379  -44.950  -4.928  44.165 0.0000000000
75386  -45.270  -4.753  44.734 0.0000000000
74381  -46.662  -5.890  44.395 0.0000000000
74406  -46.581  -6.220  43.680 0.0000000000
73282  -47.382  -6.514  44.390 0.0000000000
74382  -47.255  -6.059  44.715 0.0000000000
75352  -48.372  -4.604  46.702 0.0000000000
74335  -48.736  -4.702  46.344 0.0000000000
69810  -44.013  -9.487  57.959 0.0000000000
67375  -45.095  -10.624  57.987 0.0000000000
68589  -46.108  -10.136  57.051 0.0000000000
69859  -45.654  -10.127  54.592 0.0000000000
68621  -45.830  -10.551  54.708 0.0000000000
68664  -45.814  -10.837  53.456 0.0000000000
65191  -42.969  -13.786  46.251 0.0000000000
64076  -43.323  -14.846  46.390 0.0000000000
60562  -43.705  -17.360  46.138 0.0000000000
61783  -43.704  -16.607  46.410 0.0000000000
60563  -44.069  -17.292  46.699 0.0000000000
59346  -44.232  -18.038  46.320 0.0000000000
59347  -44.712  -18.821  46.188 0.0000000000
59365  -44.483  -18.416  45.513 0.0000000000
66462  -38.761  -12.405  39.509 0.0000000000
65282  -39.890  -13.059  38.965 0.0000000000
66480  -39.308  -12.309  38.782 0.0000000000
81712  -52.855  1.916  45.723 0.0000000000
81728  -52.718  1.432  45.532 0.0000000000
80628  -53.403  1.366  43.421 0.0000000000
80606  -53.403  1.019  44.138 0.0000000000
80627  -52.742  0.629  43.391 0.0000000000
79454  -52.137  0.223  43.122 0.0000000000
79640  -51.264  -0.145  34.018 0.0000000000
80765  -51.763  0.585  33.903 0.0000000000
79619  -51.609  0.370  35.113 0.0000000000
79596  -50.902  0.142  36.349 0.0000000000
79593  -47.471  -0.834  36.956 0.0000000000
78498  -46.709  -1.539  37.153 0.0000000000
77506  -46.461  -2.284  37.643 0.0000000000
78511  -45.839  -1.863  35.152 0.0000000000
77545  -46.154  -2.336  35.687 0.0000000000
76546  -46.435  -3.023  35.734 0.0000000000
77566  -45.890  -2.655  35.040 0.0000000000
76698  -47.859  -3.528  29.502 0.0000000000
56634  -23.965  -20.335  61.498 0.0000000000
56655  -23.378  -20.095  60.717 0.0000000000
56656  -24.147  -19.943  60.660 0.0000000000
56700  -25.964  -19.543  58.552 0.0000000000
56699  -24.734  -19.658  58.577 0.0000000000
56718  -25.242  -19.769  57.635 0.0000000000
58026  -26.224  -19.725  56.087 0.0000000000
60517  -32.574  -16.986  49.460 0.0000000000
60516  -31.625  -17.499  49.591 0.0000000000
60534  -31.628  -17.394  48.551 0.0000000000
60585  -31.071  -17.546  45.214 0.0000000000
60557  -30.819  -17.448  46.739 0.0000000000
59357  -30.394  -17.853  45.258 0.0000000000
59355  -28.705  -18.477  45.854 0.0000000000
58229  -29.841  -19.171  44.838 0.0000000000
56910  -29.835  -20.461  45.445 0.0000000000
58230  -30.892  -19.660  44.869 0.0000000000
58232  -32.819  -19.640  45.777 0.0000000000
56912  -32.024  -20.171  46.016 0.0000000000
65114  -43.879  -14.058  50.702 0.0000000000
65113  -43.036  -13.708  50.670 0.0000000000
62917  -43.565  -15.866  50.252 0.0000000000
61713  -43.886  -16.928  50.235 0.0000000000
62937  -43.185  -16.067  49.143 0.0000000000
60519  -44.055  -17.746  49.738 0.0000000000
72259  -40.523  -7.346  41.046 0.0000000000
74401  -41.702  -4.968  43.312 0.0000000000
74425  -41.233  -5.618  42.444 0.0000000000
76383  -41.949  -3.729  45.013 0.0000000000
78356  -43.864  -1.959  45.415 0.0000000000
77377  -43.890  -2.957  44.412 0.0000000000
76385  -43.675  -3.570  44.150 0.0000000000
77378  -44.392  -3.159  44.754 0.0000000000
76386  -44.289  -3.633  44.477 0.0000000000
77365  -44.678  -3.073  45.321 0.0000000000
78342  -45.911  -1.542  46.644 0.0000000000
77351  -45.584  -2.692  46.132 0.0000000000
77352  -46.401  -2.562  46.708 0.0000000000
72122  -43.731  -7.846  53.620 0.0000000000
71087  -42.934  -8.605  51.792 0.0000000000
69921  -42.840  -9.701  50.051 0.0000000000
69940  -41.774  -9.785  48.118 0.0000000000
71106  -41.891  -8.918  49.175 0.0000000000
69941  -42.273  -10.191  48.664 0.0000000000
68732  -42.220  -10.796  47.964 0.0000000000
68743  -42.179  -11.268  47.118 0.0000000000
66405  -40.990  -13.103  44.879 0.0000000000
66389  -41.547  -12.726  45.498 0.0000000000
64093  -41.262  -14.865  44.705 0.0000000000
64103  -40.680  -14.651  43.885 0.0000000000
66403  -39.784  -12.107  44.183 0.0000000000
64101  -39.662  -14.183  43.395 0.0000000000
65226  -39.016  -13.756  42.366 0.0000000000
71153  -40.219  -8.475  44.971 0.0000000000
71165  -39.698  -8.515  43.337 0.0000000000
69979  -39.546  -9.587  43.675 0.0000000000
67657  -38.992  -11.593  42.237 0.0000000000
67667  -38.812  -11.447  41.611 0.0000000000
72237  -40.096  -7.576  42.272 0.0000000000
78593  -47.860  -0.993  31.009 0.0000000000
78601  -47.744  -1.852  29.734 0.0000000000
78606  -48.882  -1.814  28.501 0.0000000000
57958  -30.506  -18.746  60.191 0.0000000000
56685  -30.417  -19.497  58.913 0.0000000000
56686  -31.048  -19.378  58.612 0.0000000000
59226  -33.224  -18.575  56.525 0.0000000000
58033  -32.379  -19.077  56.778 0.0000000000
59225  -32.643  -18.855  56.064 0.0000000000
59237  -32.484  -18.943  55.422 0.0000000000
60456  -33.024  -18.261  55.104 0.0000000000
60447  -35.712  -16.854  57.524 0.0000000000
60446  -35.362  -17.260  56.986 0.0000000000
61624  -35.134  -16.845  55.969 0.0000000000
61676  -34.783  -16.018  53.336 0.0000000000
60473  -34.316  -16.353  53.523 0.0000000000
60472  -33.596  -16.752  53.612 0.0000000000
60478  -33.910  -16.563  52.816 0.0000000000
60488  -33.262  -17.110  51.430 0.0000000000
61695  -34.041  -16.203  51.390 0.0000000000
61711  -34.972  -15.690  50.314 0.0000000000
61752  -35.181  -15.807  48.560 0.0000000000
61751  -34.614  -16.110  48.279 0.0000000000
62979  -34.949  -15.609  47.743 0.0000000000
72271  -41.125  -7.339  39.845 0.0000000000
72261  -41.575  -6.867  40.091 0.0000000000
73368  -42.662  -6.765  40.049 0.0000000000
73322  -44.673  -6.560  42.089 0.0000000000
73304  -47.867  -7.101  44.042 0.0000000000
67353  -39.293  -10.940  58.956 0.0000000000
67369  -39.343  -11.182  58.499 0.0000000000
66169  -41.858  -11.673  56.921 0.0000000000
66143  -41.040  -11.308  57.399 0.0000000000
66197  -41.626  -11.540  56.102 0.0000000000
67421  -41.937  -11.155  55.572 0.0000000000
66220  -42.343  -11.517  55.615 0.0000000000
66201  -45.859  -12.360  56.120 0.0000000000
66200  -44.623  -12.338  56.110 0.0000000000
66223  -45.138  -12.214  55.266 0.0000000000
67493  -45.060  -12.285  52.852 0.0000000000
67441  -44.516  -12.131  54.488 0.0000000000
67492  -44.083  -12.137  52.913 0.0000000000
66256  -44.084  -12.381  52.141 0.0000000000
66276  -44.027  -12.791  51.461 0.0000000000
63982  -47.296  -14.637  51.002 0.0000000000
65116  -45.642  -14.210  50.727 0.0000000000
62920  -46.655  -15.133  51.070 0.0000000000
61701  -47.892  -16.307  51.723 0.0000000000
61702  -48.816  -16.216  51.709 0.0000000000
69884  -44.368  -9.379  52.547 0.0000000000
71078  -44.716  -9.112  53.163 0.0000000000
68679  -44.823  -9.587  52.078 0.0000000000
67537  -45.560  -11.191  50.281 0.0000000000
68703  -46.647  -11.037  50.973 0.0000000000
67556  -46.546  -11.945  49.763 0.0000000000
65174  -44.898  -13.756  47.636 0.0000000000
66354  -45.412  -13.404  48.104 0.0000000000
65175  -45.566  -14.111  47.922 0.0000000000
62968  -46.814  -15.139  48.958 0.0000000000
65157  -46.570  -13.761  48.863 0.0000000000
64017  -47.425  -14.387  49.250 0.0000000000
65139  -47.729  -13.631  49.535 0.0000000000
64018  -48.299  -14.435  49.720 0.0000000000
64019  -48.825  -14.671  50.220 0.0000000000
62939  -48.344  -15.161  49.520 0.0000000000
60504  -48.177  -17.882  50.092 0.0000000000
60505  -48.876  -17.121  50.296 0.0000000000
59283  -48.462  -18.531  50.395 0.0000000000
59284  -49.199  -17.845  51.098 0.0000000000
58134  -48.677  -19.670  50.575 0.0000000000
61855  -42.668  -16.162  41.995 0.0000000000
63045  -44.245  -15.663  42.436 0.0000000000
63062  -43.667  -15.639  42.029 0.0000000000
55433  -23.272  -19.954  63.332 0.0000000000
56602  -29.750  -18.776  61.473 0.0000000000
60402  -35.462  -16.475  60.920 0.0000000000
67339  -36.812  -11.087  59.927 0.0000000000
68544  -37.585  -10.305  59.948 0.0000000000
67342  -40.359  -10.732  59.732 0.0000000000
68547  -40.453  -10.203  59.590 0.0000000000
70973  -40.568  -8.478  58.449 0.0000000000
70954  -40.009  -8.679  58.864 0.0000000000
70955  -40.705  -9.130  58.727 0.0000000000
69778  -41.398  -9.459  59.169 0.0000000000
69795  -41.796  -9.355  58.523 0.0000000000
69796  -42.495  -9.625  58.256 0.0000000000
70975  -41.825  -8.922  57.769 0.0000000000
72045  -43.109  -7.511  57.706 0.0000000000
72059  -44.013  -7.532  57.133 0.0000000000
73135  -43.337  -6.737  57.348 0.0000000000
73151  -43.520  -6.469  56.668 0.0000000000
73182  -43.639  -6.801  54.824 0.0000000000
141525  -42.953  -5.637  53.188 0.0000000000
80475  -43.506  0.970  51.242 0.0000000000
80495  -43.007  0.591  50.332 0.0000000000
81622  -42.857  1.726  50.571 0.0000000000
82651  -43.154  2.289  49.682 0.0000000000
81677  -44.086  1.843  48.171 0.0000000000
82680  -44.652  2.426  48.768 0.0000000000
82631  -46.940  2.774  49.822 0.0000000000
82654  -46.436  2.693  49.375 0.0000000000
81679  -46.169  1.479  48.162 0.0000000000
80532  -46.452  0.484  47.880 0.0000000000
81680  -47.112  1.087  48.224 0.0000000000
80514  -48.286  0.171  49.548 0.0000000000
79364  -47.919  -0.307  49.178 0.0000000000
79380  -48.018  -0.875  48.886 0.0000000000
78306  -48.526  -1.498  48.874 0.0000000000
82635  -50.392  2.491  48.880 0.0000000000
81596  -49.260  1.596  49.495 0.0000000000
81597  -49.936  1.032  49.515 0.0000000000
77291  -50.876  -2.233  51.064 0.0000000000
78259  -50.501  -1.403  50.581 0.0000000000
76296  -50.199  -2.949  50.756 0.0000000000
76314  -49.183  -2.878  49.507 0.0000000000
76315  -49.874  -3.294  49.915 0.0000000000
76330  -49.599  -3.647  49.174 0.0000000000
75294  -50.370  -3.706  49.504 0.0000000000
75354  -49.649  -4.299  46.623 0.0000000000
79409  -51.888  -0.172  45.763 0.0000000000
78308  -51.557  -1.111  47.389 0.0000000000
78347  -51.593  -0.791  46.018 0.0000000000
78358  -49.852  -1.777  45.777 0.0000000000
78345  -50.274  -1.592  46.419 0.0000000000
78344  -49.625  -2.051  46.440 0.0000000000
76357  -49.898  -3.371  46.526 0.0000000000
77353  -49.708  -2.802  46.479 0.0000000000
76372  -49.517  -3.417  45.846 0.0000000000
77380  -48.274  -2.768  44.293 0.0000000000
75387  -48.543  -3.700  44.246 0.0000000000
76402  -48.298  -3.496  44.165 0.0000000000
79512  -50.623  0.570  40.549 0.0000000000
80658  -51.066  0.575  41.140 0.0000000000
80643  -50.982  0.167  41.829 0.0000000000
78434  -48.535  -1.452  40.566 0.0000000000
79492  -48.622  -1.037  40.620 0.0000000000
78410  -48.977  -1.443  40.946 0.0000000000
78411  -49.396  -1.455  41.551 0.0000000000
77408  -49.250  -2.094  41.916 0.0000000000
76434  -47.698  -3.312  42.205 0.0000000000
75443  -48.622  -4.406  40.643 0.0000000000
75444  -49.657  -4.165  40.388 0.0000000000
75445  -50.334  -4.057  40.653 0.0000000000
76507  -46.580  -2.892  37.558 0.0000000000
76484  -46.765  -3.642  38.622 0.0000000000
76485  -47.496  -3.917  38.319 0.0000000000
76511  -49.458  -3.186  38.142 0.0000000000
76487  -49.207  -3.654  38.496 0.0000000000
76488  -49.897  -3.195  38.673 0.0000000000
76469  -50.177  -3.350  39.428 0.0000000000
77615  -46.282  -2.708  33.171 0.0000000000
76589  -46.561  -3.138  33.874 0.0000000000
76590  -47.260  -3.466  33.636 0.0000000000
76657  -47.575  -3.751  31.577 0.0000000000
76563  -48.045  -3.328  34.489 0.0000000000
56697  -22.744  -20.053  58.739 0.0000000000
56757  -21.649  -20.254  54.845 0.0000000000
56767  -20.608  -20.351  53.765 0.0000000000
58120  -21.841  -19.898  51.023 0.0000000000
58119  -21.173  -19.969  51.047 0.0000000000
56802  -21.562  -20.153  50.434 0.0000000000
56846  -22.154  -20.565  48.832 0.0000000000
58008  -29.610  -19.900  57.130 0.0000000000
58007  -28.621  -20.103  57.348 0.0000000000
58029  -29.161  -19.897  56.331 0.0000000000
58072  -28.931  -19.667  53.449 0.0000000000
58058  -28.359  -19.556  54.407 0.0000000000
58071  -27.888  -19.486  53.395 0.0000000000
58070  -26.856  -19.538  53.378 0.0000000000
58090  -27.344  -19.545  52.402 0.0000000000
59293  -29.697  -18.687  49.480 0.0000000000
58129  -29.841  -19.239  50.641 0.0000000000
58151  -29.039  -19.021  49.416 0.0000000000
58148  -26.438  -19.442  49.520 0.0000000000
58149  -27.335  -19.508  49.421 0.0000000000
58125  -26.157  -19.470  50.514 0.0000000000
58108  -25.809  -19.622  51.475 0.0000000000
58124  -25.285  -19.766  50.580 0.0000000000
58123  -24.396  -19.935  50.642 0.0000000000
55651  -29.635  -22.019  46.888 0.0000000000
54557  -28.820  -22.462  47.139 0.0000000000
66141  -39.221  -11.206  57.095 0.0000000000
67384  -37.629  -11.499  57.238 0.0000000000
66166  -38.842  -11.204  56.432 0.0000000000
67460  -38.358  -11.154  53.869 0.0000000000
67417  -38.065  -11.771  55.205 0.0000000000
67459  -37.645  -11.768  53.800 0.0000000000
66252  -37.476  -12.026  52.922 0.0000000000
66297  -41.365  -12.442  50.326 0.0000000000
67535  -40.891  -11.956  50.418 0.0000000000
66322  -40.945  -12.665  49.748 0.0000000000
66339  -38.629  -12.681  48.910 0.0000000000
66320  -38.651  -12.146  49.689 0.0000000000
66319  -37.489  -12.489  50.000 0.0000000000
66295  -37.356  -12.336  50.977 0.0000000000
66318  -36.859  -12.817  50.567 0.0000000000
65132  -36.679  -13.259  49.798 0.0000000000
65151  -36.802  -13.413  48.816 0.0000000000
64073  -38.509  -14.603  46.138 0.0000000000
64053  -36.737  -14.361  47.134 0.0000000000
64072  -37.470  -14.318  46.125 0.0000000000
62993  -36.075  -15.015  46.218 0.0000000000
64084  -37.220  -14.714  45.372 0.0000000000
58155  -43.824  -19.879  49.803 0.0000000000
58182  -43.672  -19.247  49.311 0.0000000000
58154  -43.151  -20.160  49.527 0.0000000000
58199  -41.390  -19.385  47.420 0.0000000000
59343  -40.412  -18.152  46.493 0.0000000000
58198  -40.229  -19.366  47.111 0.0000000000
58196  -37.712  -19.925  47.343 0.0000000000
58236  -38.542  -18.911  45.713 0.0000000000
59341  -37.237  -19.121  45.899 0.0000000000
59361  -36.821  -18.426  45.506 0.0000000000
77320  -42.005  -2.514  48.328 0.0000000000
78302  -41.612  -2.098  47.924 0.0000000000
80530  -42.652  -0.030  48.536 0.0000000000
141507  -41.917  -2.978  47.998 0.0000000000
74431  -51.389  -5.580  42.906 0.0000000000
63913  -35.651  -14.104  59.837 0.0000000000
63912  -35.570  -13.780  59.349 0.0000000000
65010  -35.589  -13.115  58.309 0.0000000000
65029  -35.666  -12.917  57.556 0.0000000000
71212  -41.232  -8.035  38.970 0.0000000000
76370  -45.631  -4.188  45.971 0.0000000000
74356  -45.763  -4.972  44.873 0.0000000000
75369  -46.435  -4.703  45.848 0.0000000000
75370  -47.443  -4.820  46.075 0.0000000000
71002  -44.891  -8.635  57.129 0.0000000000
69828  -45.597  -9.458  56.827 0.0000000000
71032  -45.539  -9.240  55.717 0.0000000000
71049  -45.410  -9.448  55.062 0.0000000000
69872  -45.590  -10.034  53.883 0.0000000000
63010  -42.244  -15.960  45.377 0.0000000000
63011  -42.938  -15.671  45.982 0.0000000000
61798  -42.666  -16.746  45.421 0.0000000000
60576  -43.477  -17.535  45.360 0.0000000000
60577  -44.414  -17.922  45.066 0.0000000000
60578  -45.253  -17.930  45.035 0.0000000000
60596  -45.113  -17.481  44.539 0.0000000000
60597  -46.027  -17.276  44.539 0.0000000000
67688  -38.939  -11.058  39.208 0.0000000000
66502  -39.453  -11.748  38.413 0.0000000000
67717  -39.666  -11.328  38.189 0.0000000000
67718  -40.222  -11.389  37.800 0.0000000000
79618  -50.442  -0.348  34.906 0.0000000000
79617  -49.185  -0.453  35.251 0.0000000000
79616  -48.426  -0.849  35.268 0.0000000000
78513  -47.355  -1.144  36.132 0.0000000000
78527  -46.290  -1.670  34.577 0.0000000000
56636  -26.042  -19.757  61.225 0.0000000000
56657  -25.217  -19.688  60.571 0.0000000000
56720  -26.928  -19.699  57.519 0.0000000000
61762  -32.705  -16.693  47.810 0.0000000000
61761  -32.154  -16.879  47.549 0.0000000000
61791  -32.049  -16.677  46.370 0.0000000000
60569  -31.660  -17.022  45.636 0.0000000000
60586  -31.623  -17.410  44.819 0.0000000000
58247  -31.836  -19.027  44.495 0.0000000000
59377  -32.740  -18.276  44.515 0.0000000000
58233  -33.925  -19.198  45.699 0.0000000000
63980  -45.531  -15.589  51.114 0.0000000000
62918  -44.691  -15.698  50.918 0.0000000000
62894  -45.468  -16.327  51.123 0.0000000000
61698  -45.518  -17.280  51.039 0.0000000000
60490  -45.560  -18.261  51.118 0.0000000000
72218  -40.192  -7.081  42.492 0.0000000000
73320  -40.426  -6.673  42.258 0.0000000000
75382  -41.871  -4.252  44.361 0.0000000000
78339  -42.619  -1.263  46.477 0.0000000000
78355  -42.911  -1.774  45.744 0.0000000000
78340  -43.603  -1.372  46.082 0.0000000000
78357  -44.512  -2.364  45.432 0.0000000000
79408  -45.622  -1.057  46.708 0.0000000000
78322  -46.163  -1.152  46.998 0.0000000000
73210  -43.145  -6.952  53.148 0.0000000000
73222  -43.041  -7.396  52.674 0.0000000000
73221  -42.743  -7.089  52.322 0.0000000000
141489  -41.603  -6.980  48.823 0.0000000000
72165  -41.468  -8.497  48.343 0.0000000000
69951  -41.466  -9.672  47.390 0.0000000000
68742  -41.482  -10.497  46.915 0.0000000000
67595  -41.803  -11.491  46.488 0.0000000000
68754  -41.219  -11.120  46.183 0.0000000000
66388  -40.894  -12.207  45.206 0.0000000000
65207  -40.556  -13.394  44.245 0.0000000000
67633  -40.219  -11.711  44.916 0.0000000000
67632  -39.766  -11.140  44.339 0.0000000000
73265  -40.394  -6.728  45.427 0.0000000000
72204  -40.237  -7.917  44.951 0.0000000000
72217  -40.030  -7.461  43.087 0.0000000000
57973  -32.468  -18.495  59.425 0.0000000000
57989  -32.463  -18.824  58.489 0.0000000000
57990  -33.314  -18.447  58.781 0.0000000000
59214  -34.163  -18.334  57.718 0.0000000000
59227  -34.086  -18.326  56.774 0.0000000000
62803  -35.754  -15.308  55.960 0.0000000000
61648  -35.394  -16.017  55.427 0.0000000000
61677  -35.120  -15.605  53.060 0.0000000000
61685  -34.614  -15.881  52.351 0.0000000000
61686  -35.055  -15.388  52.152 0.0000000000
61697  -35.194  -15.256  51.285 0.0000000000
62915  -36.015  -14.997  50.306 0.0000000000
73345  -42.044  -6.600  40.730 0.0000000000
73269  -48.813  -5.485  45.153 0.0000000000
67354  -40.389  -11.129  59.307 0.0000000000
68570  -40.778  -11.256  58.530 0.0000000000
67402  -42.392  -11.456  57.098 0.0000000000
66170  -42.901  -11.456  56.588 0.0000000000
67442  -45.404  -11.745  54.466 0.0000000000
66277  -44.834  -12.833  51.203 0.0000000000
66278  -45.737  -12.896  51.185 0.0000000000
65100  -47.152  -13.673  50.990 0.0000000000
63983  -48.432  -14.631  50.790 0.0000000000
68701  -44.416  -10.332  51.140 0.0000000000
68690  -44.435  -9.926  51.863 0.0000000000
68714  -45.118  -11.125  50.223 0.0000000000
67555  -45.394  -11.476  49.713 0.0000000000
62983  -45.099  -15.703  47.652 0.0000000000
64060  -45.636  -14.692  47.962 0.0000000000
62984  -45.684  -15.391  48.135 0.0000000000
61757  -46.116  -16.254  48.790 0.0000000000
61734  -47.053  -16.224  49.172 0.0000000000
61735  -48.174  -16.059  49.441 0.0000000000
60522  -46.729  -17.452  49.200 0.0000000000
63060  -41.669  -15.550  41.224 0.0000000000
69773  -37.651  -10.209  60.806 0.0000000000
70930  -37.809  -9.858  60.996 0.0000000000
72030  -40.892  -8.044  57.918 0.0000000000
72031  -41.372  -8.442  57.744 0.0000000000
72043  -40.827  -7.031  57.843 0.0000000000
75205  -43.304  -4.880  55.439 0.0000000000
82609  -43.624  2.784  51.690 0.0000000000
82608  -43.599  2.747  51.020 0.0000000000
82629  -44.168  3.318  50.347 0.0000000000
82632  -47.558  2.629  49.999 0.0000000000
82655  -47.276  2.360  49.326 0.0000000000
81653  -47.705  1.637  48.711 0.0000000000
81623  -48.113  2.145  49.337 0.0000000000
81624  -48.761  1.693  49.443 0.0000000000
80497  -48.804  0.671  49.737 0.0000000000
82659  -51.205  2.660  47.936 0.0000000000
82657  -50.655  2.016  48.540 0.0000000000
81654  -50.454  1.455  48.784 0.0000000000
81598  -50.592  0.371  50.047 0.0000000000
80499  -51.278  0.197  50.084 0.0000000000
78276  -51.208  -1.353  50.162 0.0000000000
77300  -51.905  -2.600  50.165 0.0000000000
76316  -51.013  -3.656  49.756 0.0000000000
77324  -52.507  -2.896  49.300 0.0000000000
77323  -51.954  -2.620  48.833 0.0000000000
77340  -51.237  -2.449  48.199 0.0000000000
79418  -51.610  -0.681  44.679 0.0000000000
78346  -50.998  -1.208  46.228 0.0000000000
78360  -51.209  -1.034  45.208 0.0000000000
77381  -49.047  -2.265  44.314 0.0000000000
77391  -48.434  -2.538  43.408 0.0000000000
141652  -50.808  1.685  40.179 0.0000000000
141639  -50.544  0.914  39.482 0.0000000000
141638  -50.280  0.520  39.804 0.0000000000
141633  -48.204  -0.692  38.813 0.0000000000
77441  -48.323  -1.696  40.438 0.0000000000
76433  -47.315  -3.310  41.255 0.0000000000
75428  -47.063  -3.698  41.049 0.0000000000
75459  -47.848  -4.528  39.809 0.0000000000
76509  -47.716  -3.557  37.459 0.0000000000
76510  -48.806  -3.272  37.545 0.0000000000
78591  -46.627  -2.249  32.064 0.0000000000
76625  -49.431  -3.690  32.289 0.0000000000
57971  -20.742  -19.586  59.607 0.0000000000
56736  -22.821  -20.069  56.529 0.0000000000
56758  -22.328  -19.982  54.893 0.0000000000
56769  -22.036  -20.206  54.103 0.0000000000
56779  -21.768  -20.235  53.430 0.0000000000
58065  -22.373  -20.015  53.349 0.0000000000
58085  -22.716  -19.814  52.507 0.0000000000
58121  -22.640  -20.056  50.783 0.0000000000
58048  -30.629  -19.709  55.557 0.0000000000
58047  -29.725  -19.781  55.452 0.0000000000
58060  -30.305  -19.626  54.634 0.0000000000
58073  -29.940  -19.660  53.628 0.0000000000
58092  -29.547  -19.670  52.425 0.0000000000
59318  -28.723  -18.538  47.692 0.0000000000
58172  -28.407  -18.887  48.402 0.0000000000
58189  -26.925  -19.484  47.696 0.0000000000
56849  -25.527  -20.108  48.244 0.0000000000
54554  -25.456  -22.021  47.299 0.0000000000
54555  -26.558  -22.368  47.219 0.0000000000
54534  -27.047  -22.807  48.085 0.0000000000
67419  -40.082  -10.578  55.741 0.0000000000
67401  -39.239  -10.900  56.097 0.0000000000
67437  -40.389  -10.605  54.564 0.0000000000
67461  -39.401  -10.828  53.681 0.0000000000
64014  -41.612  -14.115  48.759 0.0000000000
65134  -40.358  -13.038  49.201 0.0000000000
65155  -40.869  -13.818  48.204 0.0000000000
65154  -39.872  -13.251  48.467 0.0000000000
65153  -38.691  -13.220  48.301 0.0000000000
65169  -37.869  -13.788  47.797 0.0000000000
65170  -38.973  -13.594  47.378 0.0000000000
65189  -39.109  -14.000  46.649 0.0000000000
62995  -39.288  -15.492  46.185 0.0000000000
56859  -40.014  -20.993  48.324 0.0000000000
58178  -39.499  -20.341  47.824 0.0000000000
75366  -41.620  -4.117  45.564 0.0000000000
78338  -41.894  -1.693  46.532 0.0000000000
78320  -41.572  -1.859  47.345 0.0000000000
80550  -44.008  0.672  46.909 0.0000000000
141491  -41.392  -7.433  48.151 0.0000000000
72182  -41.275  -7.519  47.612 0.0000000000
60418  -34.985  -16.907  59.655 0.0000000000
59217  -35.444  -17.235  58.851 0.0000000000
60429  -35.412  -16.810  59.155 0.0000000000
61602  -36.030  -16.549  57.940 0.0000000000
61601  -35.928  -15.983  57.597 0.0000000000
62778  -36.024  -15.148  58.194 0.0000000000
62790  -35.661  -15.217  57.104 0.0000000000
63943  -35.810  -14.454  55.293 0.0000000000
63952  -36.022  -13.681  53.834 0.0000000000
74404  -44.797  -5.303  43.618 0.0000000000
73301  -46.187  -6.371  43.072 0.0000000000
73302  -46.814  -6.690  43.462 0.0000000000
72239  -47.000  -7.074  43.193 0.0000000000
73303  -47.226  -6.869  43.878 0.0000000000
73268  -48.205  -5.817  45.009 0.0000000000
74360  -48.915  -4.961  45.451 0.0000000000
74337  -49.220  -4.619  45.717 0.0000000000
67391  -44.334  -11.168  57.788 0.0000000000
67404  -45.757  -11.784  57.107 0.0000000000
67422  -46.535  -11.637  55.409 0.0000000000
69840  -46.259  -10.119  55.502 0.0000000000
68622  -46.115  -10.864  54.884 0.0000000000
67443  -45.982  -11.429  54.751 0.0000000000
68681  -46.493  -11.369  52.107 0.0000000000
67582  -43.881  -12.063  47.850 0.0000000000
67570  -44.279  -11.633  48.500 0.0000000000
66352  -43.872  -12.747  47.456 0.0000000000
65173  -44.120  -13.451  47.403 0.0000000000
64078  -44.416  -14.835  47.269 0.0000000000
62997  -43.313  -15.381  46.290 0.0000000000
62998  -43.688  -15.669  46.496 0.0000000000
62999  -44.429  -15.524  47.211 0.0000000000
61768  -44.795  -16.451  47.491 0.0000000000
60549  -44.546  -17.309  47.248 0.0000000000
59326  -45.095  -18.375  47.256 0.0000000000
64153  -40.105  -13.976  39.988 0.0000000000
65248  -41.008  -14.015  40.036 0.0000000000
65265  -40.436  -13.570  39.446 0.0000000000
65266  -41.542  -13.443  39.496 0.0000000000
65284  -41.893  -12.927  38.945 0.0000000000
66481  -40.331  -12.577  38.409 0.0000000000
81697  -52.101  1.952  46.616 0.0000000000
81710  -52.093  0.835  46.979 0.0000000000
80554  -51.964  0.067  47.552 0.0000000000
81727  -52.248  0.993  46.118 0.0000000000
80567  -52.074  0.310  46.440 0.0000000000
80583  -53.193  1.180  44.862 0.0000000000
80605  -52.699  0.547  44.346 0.0000000000
79419  -51.981  -0.100  44.701 0.0000000000
79434  -51.671  -0.482  43.997 0.0000000000
78380  -51.138  -0.668  43.542 0.0000000000
80726  -51.928  0.580  37.456 0.0000000000
80725  -51.250  0.688  37.851 0.0000000000
79573  -51.389  0.465  37.173 0.0000000000
79571  -48.754  -0.324  37.874 0.0000000000
141620  -46.680  -2.983  38.948 0.0000000000
76529  -47.060  -3.344  36.568 0.0000000000
77649  -46.896  -3.208  30.345 0.0000000000
76658  -48.574  -3.927  31.375 0.0000000000
56632  -22.669  -19.999  61.568 0.0000000000
56698  -23.635  -19.992  58.604 0.0000000000
56679  -24.397  -19.740  59.657 0.0000000000
56717  -23.935  -19.836  57.274 0.0000000000
58042  -24.783  -19.587  55.233 0.0000000000
58055  -25.333  -19.561  54.305 0.0000000000
60486  -31.429  -17.952  51.411 0.0000000000
59269  -30.949  -18.599  51.686 0.0000000000
60498  -31.438  -17.689  50.590 0.0000000000
60515  -30.863  -17.863  49.645 0.0000000000
60532  -30.251  -17.981  48.670 0.0000000000
60543  -30.683  -17.631  47.727 0.0000000000
59319  -29.665  -18.116  47.445 0.0000000000
59336  -28.784  -18.411  46.735 0.0000000000
55688  -28.765  -20.772  45.428 0.0000000000
56890  -29.833  -21.057  46.104 0.0000000000
58231  -31.931  -19.759  45.165 0.0000000000
66274  -42.409  -12.509  51.762 0.0000000000
66299  -42.655  -13.268  50.834 0.0000000000
66298  -42.023  -12.836  50.581 0.0000000000
65136  -42.243  -13.568  49.670 0.0000000000
63996  -43.183  -14.800  50.286 0.0000000000
64016  -42.740  -14.745  49.742 0.0000000000
64015  -42.318  -14.599  49.175 0.0000000000
62935  -42.342  -15.037  49.060 0.0000000000
62965  -42.499  -15.890  48.611 0.0000000000
61755  -42.393  -16.764  48.105 0.0000000000
70006  -40.245  -8.606  39.788 0.0000000000
71200  -40.627  -8.070  39.803 0.0000000000
71193  -40.419  -7.923  40.436 0.0000000000
73344  -41.150  -6.614  41.189 0.0000000000
74446  -40.640  -6.419  42.059 0.0000000000
74447  -40.934  -6.185  41.845 0.0000000000
74448  -41.709  -6.035  41.625 0.0000000000
76384  -42.609  -3.407  44.464 0.0000000000
75383  -42.534  -4.008  43.944 0.0000000000
75397  -43.068  -4.327  43.586 0.0000000000
75398  -44.023  -4.433  43.904 0.0000000000
76369  -44.954  -3.897  45.645 0.0000000000
77366  -45.048  -3.187  45.859 0.0000000000
76342  -46.890  -3.156  47.069 0.0000000000
76343  -47.637  -3.186  47.827 0.0000000000
72093  -43.927  -7.549  55.288 0.0000000000
72109  -44.417  -8.254  54.755 0.0000000000
72123  -44.217  -8.287  54.116 0.0000000000
72134  -43.369  -7.802  52.865 0.0000000000
71088  -43.588  -9.002  52.344 0.0000000000
69910  -43.662  -9.963  51.582 0.0000000000
69922  -43.528  -10.128  50.779 0.0000000000
71107  -42.311  -8.659  49.733 0.0000000000
72159  -41.881  -8.235  49.331 0.0000000000
69920  -42.312  -9.365  49.406 0.0000000000
69931  -42.604  -9.952  49.217 0.0000000000
68721  -43.096  -10.625  48.901 0.0000000000
67569  -43.364  -11.345  48.281 0.0000000000
66370  -42.821  -12.732  46.401 0.0000000000
66369  -42.039  -12.320  46.151 0.0000000000
66390  -42.232  -13.220  45.854 0.0000000000
65203  -42.318  -14.073  45.746 0.0000000000
64086  -42.060  -14.981  45.462 0.0000000000
61812  -41.734  -16.719  44.373 0.0000000000
60606  -42.350  -17.152  43.496 0.0000000000
60624  -43.390  -16.822  42.951 0.0000000000
61822  -41.767  -16.948  43.337 0.0000000000
61821  -40.871  -16.314  42.860 0.0000000000
61835  -41.006  -16.139  41.916 0.0000000000
65215  -40.134  -13.904  43.747 0.0000000000
64113  -39.953  -15.125  42.800 0.0000000000
63044  -40.363  -15.665  42.371 0.0000000000
63058  -39.926  -15.037  41.606 0.0000000000
64120  -39.461  -14.558  41.787 0.0000000000
65237  -38.969  -13.885  41.458 0.0000000000
68765  -39.817  -10.143  44.492 0.0000000000
71152  -39.880  -8.693  44.173 0.0000000000
68777  -39.481  -10.594  43.768 0.0000000000
67646  -39.302  -11.591  43.413 0.0000000000
66425  -38.800  -12.366  41.921 0.0000000000
65236  -38.661  -13.347  41.128 0.0000000000
65246  -38.593  -13.143  40.461 0.0000000000
66453  -38.515  -12.393  40.367 0.0000000000
68798  -38.650  -10.983  40.613 0.0000000000
68812  -39.030  -10.222  40.442 0.0000000000
70005  -39.703  -9.178  39.987 0.0000000000
77650  -47.289  -2.715  29.844 0.0000000000
77655  -47.731  -3.056  29.174 0.0000000000
76705  -48.045  -3.199  28.997 0.0000000000
76706  -48.345  -3.520  28.547 0.0000000000
56661  -29.364  -19.195  59.838 0.0000000000
56683  -28.802  -19.612  59.247 0.0000000000
56684  -29.658  -19.501  59.117 0.0000000000
56723  -30.067  -19.706  57.757 0.0000000000
58009  -30.386  -19.648  57.057 0.0000000000
57988  -31.729  -19.260  58.199 0.0000000000
58032  -31.584  -19.430  56.569 0.0000000000
58031  -30.872  -19.671  56.394 0.0000000000
58061  -31.287  -19.443  54.818 0.0000000000
59249  -31.899  -18.764  53.744 0.0000000000
60470  -32.320  -18.202  53.587 0.0000000000
59229  -35.325  -17.755  57.630 0.0000000000
59228  -34.840  -17.977  57.081 0.0000000000
59240  -34.569  -18.017  56.214 0.0000000000
61647  -34.818  -16.435  54.952 0.0000000000
60458  -34.251  -17.255  55.516 0.0000000000
60457  -33.412  -17.887  55.230 0.0000000000
60467  -33.389  -17.172  54.585 0.0000000000
60471  -32.877  -17.457  53.621 0.0000000000
60476  -32.344  -17.825  52.718 0.0000000000
60487  -32.271  -17.575  51.624 0.0000000000
60500  -33.291  -16.922  50.459 0.0000000000
60518  -33.275  -16.740  49.840 0.0000000000
61710  -34.121  -16.167  50.384 0.0000000000
61729  -33.650  -16.566  49.516 0.0000000000
61750  -33.702  -16.518  48.546 0.0000000000
61763  -33.575  -16.374  47.507 0.0000000000
61779  -34.101  -15.940  46.221 0.0000000000
63005  -34.722  -15.601  45.919 0.0000000000
56771  -47.967  -19.574  52.677 0.0000000000
71211  -40.837  -8.242  39.327 0.0000000000
72284  -41.320  -7.461  39.409 0.0000000000
72285  -41.664  -7.245  39.098 0.0000000000
72273  -42.037  -6.810  39.590 0.0000000000
73369  -43.655  -6.515  40.288 0.0000000000
73305  -49.005  -7.016  43.773 0.0000000000
75402  -49.128  -4.524  43.594 0.0000000000
67351  -37.129  -11.340  58.547 0.0000000000
67368  -38.327  -11.167  58.204 0.0000000000
67387  -40.432  -11.137  58.098 0.0000000000
66142  -40.206  -11.184  57.273 0.0000000000
67420  -41.225  -10.936  55.841 0.0000000000
68641  -41.950  -10.605  54.907 0.0000000000
66145  -43.444  -11.135  56.940 0.0000000000
66199  -43.541  -11.889  55.954 0.0000000000
66221  -43.007  -11.953  55.349 0.0000000000
67440  -43.444  -11.974  54.523 0.0000000000
67464  -42.816  -11.669  53.572 0.0000000000
66254  -42.667  -12.251  52.335 0.0000000000
66255  -43.226  -12.371  52.244 0.0000000000
65097  -43.467  -13.213  51.155 0.0000000000
66300  -45.064  -13.295  50.851 0.0000000000
65115  -44.802  -14.046  50.720 0.0000000000
63998  -45.076  -14.882  51.031 0.0000000000
62895  -46.197  -16.011  51.384 0.0000000000
60493  -47.754  -17.219  51.825 0.0000000000
59265  -49.037  -18.472  52.483 0.0000000000
71063  -45.013  -8.894  54.001 0.0000000000
69871  -45.362  -9.547  53.302 0.0000000000
68691  -45.335  -9.948  51.642 0.0000000000
69898  -45.941  -9.906  52.025 0.0000000000
69899  -46.049  -10.217  52.424 0.0000000000
68693  -46.840  -11.344  51.577 0.0000000000
68704  -47.030  -11.465  51.128 0.0000000000
67583  -44.673  -12.089  48.242 0.0000000000
67572  -45.840  -12.120  49.320 0.0000000000
65156  -45.929  -13.702  48.391 0.0000000000
66343  -46.663  -13.181  49.099 0.0000000000
66324  -46.310  -12.436  49.395 0.0000000000
67557  -47.491  -12.276  49.940 0.0000000000
67540  -47.600  -12.440  50.449 0.0000000000
65118  -48.087  -13.867  50.341 0.0000000000
64001  -48.396  -14.289  50.393 0.0000000000
62899  -49.963  -15.136  51.499 0.0000000000
60524  -48.583  -16.556  49.790 0.0000000000
61715  -49.381  -16.347  50.544 0.0000000000
61703  -49.527  -16.011  51.339 0.0000000000
60495  -49.293  -17.180  51.521 0.0000000000
59274  -49.316  -18.268  51.854 0.0000000000
58114  -49.568  -19.213  52.337 0.0000000000
65249  -42.142  -13.892  40.175 0.0000000000
141531  -42.588  -1.159  50.966 0.0000000000
79328  -42.939  -0.434  50.719 0.0000000000
79329  -43.282  -0.197  51.332 0.0000000000
81594  -43.798  1.371  52.037 0.0000000000
55456  -23.405  -20.170  62.587 0.0000000000
55457  -23.798  -20.473  62.501 0.0000000000
55467  -24.272  -20.379  62.015 0.0000000000
56597  -24.421  -19.985  62.595 0.0000000000
56615  -24.628  -19.903  62.185 0.0000000000
56637  -27.221  -19.774  61.037 0.0000000000
56638  -28.215  -19.366  60.772 0.0000000000
56618  -27.975  -19.237  61.375 0.0000000000
56640  -29.962  -18.895  60.383 0.0000000000
57941  -31.776  -18.433  60.803 0.0000000000
57960  -32.365  -18.369  60.363 0.0000000000
59180  -33.025  -18.099  60.565 0.0000000000
59193  -33.744  -17.848  59.952 0.0000000000
59194  -34.198  -17.714  59.701 0.0000000000
59183  -34.027  -17.297  60.662 0.0000000000
59195  -34.525  -17.098  60.027 0.0000000000
60409  -34.805  -16.647  60.345 0.0000000000
61543  -35.138  -15.889  60.168 0.0000000000
62751  -35.392  -15.136  60.431 0.0000000000
66106  -36.422  -11.917  60.168 0.0000000000
66117  -37.026  -11.164  59.418 0.0000000000
68545  -38.301  -10.177  59.511 0.0000000000
67355  -41.358  -11.324  59.693 0.0000000000
67356  -42.264  -10.776  59.664 0.0000000000
67344  -41.783  -10.342  60.104 0.0000000000
67357  -42.900  -10.574  59.282 0.0000000000
68559  -43.079  -10.262  58.678 0.0000000000
69797  -43.249  -9.825  58.071 0.0000000000
70986  -42.729  -8.567  57.790 0.0000000000
71001  -44.384  -8.133  57.294 0.0000000000
72078  -44.596  -8.001  56.577 0.0000000000
73150  -43.127  -6.002  57.235 0.0000000000
141512  -43.269  -6.414  53.659 0.0000000000
141536  -43.277  -3.077  53.440 0.0000000000
141526  -42.669  -3.909  52.357 0.0000000000
141509  -43.236  -2.656  51.061 0.0000000000
141503  -43.193  -2.431  51.152 0.0000000000
141514  -42.950  -1.931  51.350 0.0000000000
79347  -42.833  -0.202  50.081 0.0000000000
80494  -42.800  0.323  49.775 0.0000000000
80512  -42.656  0.812  49.368 0.0000000000
82678  -43.065  1.966  49.159 0.0000000000
81691  -42.932  1.044  48.011 0.0000000000
81692  -43.529  1.252  47.662 0.0000000000
81693  -44.604  1.295  47.433 0.0000000000
83545  -44.894  3.696  50.170 0.0000000000
82630  -45.024  3.446  49.981 0.0000000000
83563  -46.242  3.204  49.707 0.0000000000
82653  -45.275  2.991  49.556 0.0000000000
80551  -45.139  0.460  47.015 0.0000000000
80552  -45.891  0.227  47.351 0.0000000000
79395  -46.316  -0.334  47.570 0.0000000000
79378  -46.773  -0.418  48.109 0.0000000000
78304  -47.111  -0.935  48.180 0.0000000000
78323  -46.728  -1.340  47.499 0.0000000000
78324  -47.417  -1.806  47.842 0.0000000000
77321  -47.795  -2.294  48.051 0.0000000000
76328  -48.117  -2.801  48.352 0.0000000000
82611  -49.107  2.482  50.194 0.0000000000
81625  -49.148  1.122  49.696 0.0000000000
80498  -49.370  0.192  50.083 0.0000000000
79331  -50.069  -0.418  50.335 0.0000000000
79350  -49.650  -0.684  50.031 0.0000000000
79366  -49.265  -0.895  49.710 0.0000000000
77307  -49.019  -2.319  49.098 0.0000000000
76344  -48.404  -3.899  47.990 0.0000000000
75311  -49.025  -4.076  48.158 0.0000000000
75334  -49.470  -4.289  47.638 0.0000000000
75313  -50.491  -3.879  49.010 0.0000000000
79382  -51.727  -0.676  47.782 0.0000000000
78326  -50.014  -2.032  47.068 0.0000000000
77339  -50.409  -2.632  47.546 0.0000000000
77354  -50.023  -3.027  46.967 0.0000000000
76389  -49.268  -3.812  45.038 0.0000000000
76371  -49.066  -3.179  45.306 0.0000000000
75388  -48.885  -4.054  44.357 0.0000000000
80626  -51.466  0.111  42.417 0.0000000000
80625  -50.980  -0.128  42.484 0.0000000000
78393  -50.322  -1.053  42.487 0.0000000000
141648  -50.531  0.812  38.667 0.0000000000
141631  -49.905  0.032  40.282 0.0000000000
79471  -49.814  -1.020  41.871 0.0000000000
77406  -48.033  -2.889  42.712 0.0000000000
77390  -47.973  -2.923  43.607 0.0000000000
75400  -48.011  -3.543  43.374 0.0000000000
75431  -49.558  -4.378  41.515 0.0000000000
76419  -51.082  -4.172  41.570 0.0000000000
76435  -50.851  -4.012  40.840 0.0000000000
75471  -47.355  -4.296  39.068 0.0000000000
75473  -48.889  -4.246  38.890 0.0000000000
75461  -49.393  -4.129  39.436 0.0000000000
76450  -49.844  -3.778  39.718 0.0000000000
76452  -51.239  -3.632  40.361 0.0000000000
78526  -45.678  -1.991  34.495 0.0000000000
78549  -45.841  -2.190  34.189 0.0000000000
77565  -45.710  -2.313  34.660 0.0000000000
76561  -46.425  -3.138  34.846 0.0000000000
56653  -21.896  -19.984  60.908 0.0000000000
56695  -21.237  -19.755  59.330 0.0000000000
56714  -21.097  -19.841  58.334 0.0000000000
56715  -21.922  -19.919  57.852 0.0000000000
56789  -19.447  -20.608  51.564 0.0000000000
56791  -20.949  -20.326  52.430 0.0000000000
56790  -20.429  -20.387  51.906 0.0000000000
56702  -28.320  -20.029  58.507 0.0000000000
57986  -27.994  -20.129  57.874 0.0000000000
58006  -27.530  -19.893  57.214 0.0000000000
58046  -28.767  -19.721  55.396 0.0000000000
58045  -27.772  -19.546  55.344 0.0000000000
58027  -27.175  -19.755  56.191 0.0000000000
58044  -26.766  -19.472  55.274 0.0000000000
58056  -26.324  -19.483  54.321 0.0000000000
59268  -30.268  -19.125  51.199 0.0000000000
58112  -29.685  -19.496  51.306 0.0000000000
58111  -28.768  -19.604  51.369 0.0000000000
58150  -28.244  -19.313  49.394 0.0000000000
58127  -28.054  -19.481  50.398 0.0000000000
58110  -27.754  -19.507  51.404 0.0000000000
58089  -26.343  -19.565  52.412 0.0000000000
58088  -25.383  -19.624  52.425 0.0000000000
58106  -23.997  -19.682  51.537 0.0000000000
58122  -23.536  -20.029  50.746 0.0000000000
58144  -23.145  -20.218  50.119 0.0000000000
58167  -24.334  -20.058  49.065 0.0000000000
56824  -23.204  -20.237  49.559 0.0000000000
54570  -28.130  -21.966  46.454 0.0000000000
67350  -36.751  -11.764  58.117 0.0000000000
67383  -37.133  -11.781  57.108 0.0000000000
66138  -36.494  -12.220  57.031 0.0000000000
66194  -38.500  -11.590  56.000 0.0000000000
66193  -37.896  -11.942  55.659 0.0000000000
66192  -36.839  -12.288  55.401 0.0000000000
66218  -36.651  -12.695  54.489 0.0000000000
65071  -36.422  -13.268  53.684 0.0000000000
63961  -35.989  -13.783  53.298 0.0000000000
67515  -40.876  -11.662  51.524 0.0000000000
67514  -39.848  -11.224  51.737 0.0000000000
67513  -38.753  -11.262  51.984 0.0000000000
67552  -39.788  -11.827  49.916 0.0000000000
67533  -38.940  -11.465  51.130 0.0000000000
66253  -37.885  -11.663  52.222 0.0000000000
66272  -37.181  -12.501  51.922 0.0000000000
65096  -36.794  -13.100  52.025 0.0000000000
65082  -36.443  -13.701  52.155 0.0000000000
63979  -36.199  -14.225  51.040 0.0000000000
63995  -36.315  -14.147  50.080 0.0000000000
62934  -36.076  -14.767  49.368 0.0000000000
65168  -37.072  -13.723  48.106 0.0000000000
64035  -36.470  -14.100  48.287 0.0000000000
64034  -36.011  -14.652  47.881 0.0000000000
62980  -35.519  -15.128  47.388 0.0000000000
63006  -35.396  -15.438  45.628 0.0000000000
63021  -35.318  -15.798  44.826 0.0000000000
59261  -46.085  -19.184  52.066 0.0000000000
59271  -45.427  -19.172  51.429 0.0000000000
58113  -45.271  -19.938  51.261 0.0000000000
59296  -44.761  -18.580  50.022 0.0000000000
60537  -43.475  -17.663  48.926 0.0000000000
60536  -42.938  -17.612  48.194 0.0000000000
60548  -42.278  -17.669  47.721 0.0000000000
58200  -42.380  -19.302  47.793 0.0000000000
59323  -41.956  -18.483  47.398 0.0000000000
60546  -41.235  -17.308  47.152 0.0000000000
60561  -40.743  -17.155  46.863 0.0000000000
60560  -40.126  -17.194  46.371 0.0000000000
61780  -38.894  -16.417  45.899 0.0000000000
58218  -39.562  -19.019  46.260 0.0000000000
59363  -38.959  -18.313  45.796 0.0000000000
61796  -38.081  -16.394  45.453 0.0000000000
60592  -37.061  -16.769  44.809 0.0000000000
61810  -36.177  -16.579  44.521 0.0000000000
61809  -35.393  -16.611  44.526 0.0000000000
59379  -35.031  -18.192  44.854 0.0000000000
59359  -34.593  -18.763  45.322 0.0000000000
55434  -23.747  -20.054  63.056 0.0000000000
55444  -23.221  -19.981  63.094 0.0000000000
55445  -23.572  -20.187  62.830 0.0000000000
55455  -23.040  -19.884  62.871 0.0000000000
55458  -24.156  -20.427  62.409 0.0000000000
55466  -23.883  -20.585  62.112 0.0000000000
55672  -29.996  -21.443  46.580 0.0000000000
55687  -28.342  -20.482  45.451 0.0000000000
56633  -23.401  -20.237  61.637 0.0000000000
56654  -22.685  -20.057  60.784 0.0000000000
56663  -30.921  -19.233  59.226 0.0000000000
56675  -21.157  -19.573  60.218 0.0000000000
56676  -21.986  -19.736  59.995 0.0000000000
56704  -29.870  -19.710  58.446 0.0000000000
56705  -30.538  -19.527  58.257 0.0000000000
56719  -26.283  -19.665  57.636 0.0000000000
56721  -28.767  -20.126  58.074 0.0000000000
56722  -29.361  -20.016  57.907 0.0000000000
56724  -30.702  -19.489  57.630 0.0000000000
56725  -31.126  -19.386  57.537 0.0000000000
56745  -22.114  -20.109  55.730 0.0000000000
56746  -22.916  -19.898  55.611 0.0000000000
56747  -23.333  -19.827  55.689 0.0000000000
56768  -21.351  -20.310  53.987 0.0000000000
56772  -48.254  -19.379  52.785 0.0000000000
56778  -21.194  -20.341  53.087 0.0000000000
56785  -48.548  -19.595  52.778 0.0000000000
56803  -22.121  -20.075  50.495 0.0000000000
56892  -31.359  -20.733  46.683 0.0000000000
56909  -28.721  -19.994  45.064 0.0000000000
57972  -31.590  -18.956  58.959 0.0000000000
57975  -33.892  -18.098  59.462 0.0000000000
57976  -34.055  -17.940  59.508 0.0000000000
57987  -28.418  -20.167  57.961 0.0000000000
58004  -25.750  -19.746  56.865 0.0000000000
58010  -31.049  -19.478  57.099 0.0000000000
58011  -31.644  -19.355  57.414 0.0000000000
58013  -33.279  -18.666  57.933 0.0000000000
58014  -33.921  -18.435  58.408 0.0000000000
58024  -24.323  -19.736  56.143 0.0000000000
58025  -25.282  -19.658  56.071 0.0000000000
58034  -32.963  -18.765  57.231 0.0000000000
58041  -23.672  -19.658  55.292 0.0000000000
58049  -31.422  -19.526  55.760 0.0000000000
58062  -31.960  -19.330  55.292 0.0000000000
58078  -47.925  -19.244  52.791 0.0000000000
58079  -48.451  -19.216  52.855 0.0000000000
58083  -21.342  -20.225  52.481 0.0000000000
58087  -24.456  -19.625  52.433 0.0000000000
58098  -49.061  -19.231  52.877 0.0000000000
58102  -20.833  -20.140  51.362 0.0000000000
58103  -21.336  -20.090  51.814 0.0000000000
58104  -22.245  -19.842  51.714 0.0000000000
58105  -23.120  -19.787  51.605 0.0000000000
58109  -26.761  -19.533  51.437 0.0000000000
58132  -44.150  -20.377  50.269 0.0000000000
58145  -23.831  -20.113  49.765 0.0000000000
58168  -25.114  -19.904  48.957 0.0000000000
58169  -25.851  -19.609  48.773 0.0000000000
58180  -41.806  -20.030  48.183 0.0000000000
58181  -42.989  -19.648  48.822 0.0000000000
58191  -28.170  -18.748  47.705 0.0000000000
58217  -38.237  -19.447  46.177 0.0000000000
58219  -40.216  -18.885  46.581 0.0000000000
58234  -34.933  -19.235  45.979 0.0000000000
58237  -38.892  -19.025  45.880 0.0000000000
58245  -30.428  -18.600  44.701 0.0000000000
58246  -30.918  -18.778  44.613 0.0000000000
58249  -33.342  -19.116  45.264 0.0000000000
59181  -33.387  -17.863  60.625 0.0000000000
59191  -32.948  -18.289  59.967 0.0000000000
59192  -33.452  -18.075  60.012 0.0000000000
59203  -34.453  -18.379  58.454 0.0000000000
59206  -35.345  -17.150  59.095 0.0000000000
59213  -33.552  -18.520  57.234 0.0000000000
59216  -35.395  -17.677  58.412 0.0000000000
59238  -33.064  -18.460  55.626 0.0000000000
59244  -31.528  -19.192  54.060 0.0000000000
59245  -32.218  -18.967  54.582 0.0000000000
59246  -32.744  -18.570  55.043 0.0000000000
59252  -47.522  -19.070  52.928 0.0000000000
59253  -48.038  -18.955  52.786 0.0000000000
59262  -46.622  -18.758  52.457 0.0000000000
59264  -48.236  -18.516  52.510 0.0000000000
59270  -31.717  -18.065  52.072 0.0000000000
59273  -46.646  -18.329  51.884 0.0000000000
59278  -29.635  -19.080  50.035 0.0000000000
59280  -30.924  -18.142  50.912 0.0000000000
59281  -45.034  -18.838  50.606 0.0000000000
59282  -48.104  -18.286  50.091 0.0000000000
59294  -30.283  -18.273  49.578 0.0000000000
59295  -44.260  -18.806  49.560 0.0000000000
59298  -47.719  -18.434  49.700 0.0000000000
59307  -28.996  -18.612  48.374 0.0000000000
59308  -29.674  -18.265  48.608 0.0000000000
59309  -30.374  -18.029  49.052 0.0000000000
59310  -43.350  -18.536  48.328 0.0000000000
59311  -43.692  -18.609  49.062 0.0000000000
59317  -28.109  -18.697  47.408 0.0000000000
59320  -30.173  -17.869  46.837 0.0000000000
59321  -40.540  -18.786  46.658 0.0000000000
59324  -42.703  -18.457  47.790 0.0000000000
59338  -30.184  -17.812  46.031 0.0000000000
59340  -36.316  -19.049  46.146 0.0000000000
59344  -40.905  -17.735  46.801 0.0000000000
59345  -43.833  -17.764  45.890 0.0000000000
59354  -28.166  -18.586  46.274 0.0000000000
59356  -29.571  -18.350  45.379 0.0000000000
59358  -34.137  -18.857  45.231 0.0000000000
59374  -30.145  -18.363  44.829 0.0000000000
59376  -31.739  -18.130  44.455 0.0000000000
59380  -35.579  -18.118  44.893 0.0000000000
60410  -35.035  -16.311  60.649 0.0000000000
60419  -35.040  -16.445  59.892 0.0000000000
60428  -35.229  -17.073  59.300 0.0000000000
60437  -35.760  -17.047  58.333 0.0000000000
60465  -32.316  -18.522  54.103 0.0000000000
60480  -47.081  -18.382  52.163 0.0000000000
60482  -48.476  -17.703  52.105 0.0000000000
60483  -49.121  -17.558  52.028 0.0000000000
60489  -33.654  -16.720  51.109 0.0000000000
60492  -46.961  -17.643  51.765 0.0000000000
60497  -30.723  -18.073  50.257 0.0000000000
60502  -44.325  -17.294  50.276 0.0000000000
60520  -44.514  -18.208  49.875 0.0000000000
60542  -30.188  -17.904  48.248 0.0000000000
60544  -31.657  -17.124  47.530 0.0000000000
60545  -32.203  -16.944  47.790 0.0000000000
60547  -41.701  -17.628  47.391 0.0000000000
60559  -39.326  -17.267  45.982 0.0000000000
60568  -30.929  -17.462  45.875 0.0000000000
60570  -32.197  -16.902  45.125 0.0000000000
60572  -36.372  -17.876  44.973 0.0000000000
60573  -37.382  -17.359  45.104 0.0000000000
60574  -38.440  -17.374  45.615 0.0000000000
60590  -35.723  -17.512  44.616 0.0000000000
60591  -36.611  -17.088  44.694 0.0000000000
60594  -43.119  -17.392  44.390 0.0000000000
60607  -43.001  -17.146  43.445 0.0000000000
60625  -43.859  -16.842  43.220 0.0000000000
61507  -35.287  -15.743  60.886 0.0000000000
61524  -35.590  -16.635  61.082 0.0000000000
61582  -35.767  -16.409  58.650 0.0000000000
61626  -35.762  -16.439  57.472 0.0000000000
61664  -34.687  -16.206  54.088 0.0000000000
61683  -33.635  -16.723  52.132 0.0000000000
61684  -34.055  -16.290  52.212 0.0000000000
61687  -48.855  -17.017  51.920 0.0000000000
61688  -49.189  -16.773  51.769 0.0000000000
61694  -33.742  -16.597  51.644 0.0000000000
61700  -47.002  -16.600  51.685 0.0000000000
61704  -50.111  -15.386  51.204 0.0000000000
61709  -33.626  -16.623  50.183 0.0000000000
61712  -35.510  -15.306  50.653 0.0000000000
61716  -49.801  -15.717  50.784 0.0000000000
61717  -50.284  -15.206  50.980 0.0000000000
61728  -33.133  -16.715  49.440 0.0000000000
61731  -35.299  -15.875  49.225 0.0000000000
61732  -43.479  -16.850  49.567 0.0000000000
61733  -46.493  -16.714  49.124 0.0000000000
61736  -49.078  -15.903  50.027 0.0000000000
61749  -32.990  -16.666  48.862 0.0000000000
61753  -41.327  -15.946  48.270 0.0000000000
61754  -41.722  -16.194  48.196 0.0000000000
61758  -46.557  -15.748  48.885 0.0000000000
61764  -34.252  -15.992  47.159 0.0000000000
61766  -41.653  -16.867  47.674 0.0000000000
61767  -41.994  -17.197  47.682 0.0000000000
61776  -32.091  -16.758  47.104 0.0000000000
61777  -32.708  -16.502  46.843 0.0000000000
61781  -39.726  -16.357  46.338 0.0000000000
61792  -32.545  -16.495  45.849 0.0000000000
61794  -34.156  -16.158  45.426 0.0000000000
61795  -37.377  -16.274  44.972 0.0000000000
61811  -36.776  -16.368  44.689 0.0000000000
61813  -42.369  -17.107  44.738 0.0000000000
61815  -46.542  -17.099  44.310 0.0000000000
61823  -42.445  -17.078  43.219 0.0000000000
61836  -41.783  -16.507  42.351 0.0000000000
61837  -42.775  -16.761  42.698 0.0000000000
61853  -41.246  -15.839  41.475 0.0000000000
62896  -47.073  -15.643  51.422 0.0000000000
62898  -49.168  -15.321  51.366 0.0000000000
62900  -50.321  -15.005  51.225 0.0000000000
62914  -35.581  -15.535  50.031 0.0000000000
62916  -43.132  -15.318  50.069 0.0000000000
62921  -50.051  -15.066  50.657 0.0000000000
62922  -50.303  -14.891  50.979 0.0000000000
62933  -35.747  -15.333  49.495 0.0000000000
62940  -49.034  -15.001  49.979 0.0000000000
62941  -49.483  -14.890  50.453 0.0000000000
62960  -35.094  -15.738  48.268 0.0000000000
62962  -36.072  -14.558  48.646 0.0000000000
62964  -41.876  -15.325  48.597 0.0000000000
62966  -42.857  -16.308  48.584 0.0000000000
62967  -46.263  -15.408  48.630 0.0000000000
62981  -35.995  -14.970  46.925 0.0000000000
62982  -40.633  -15.658  47.646 0.0000000000
62992  -35.407  -15.253  46.471 0.0000000000
63008  -36.836  -15.542  44.908 0.0000000000
63009  -37.807  -15.361  45.393 0.0000000000
63012  -43.397  -16.152  46.211 0.0000000000
63020  -34.758  -15.808  45.215 0.0000000000
63022  -36.051  -15.922  44.657 0.0000000000
63023  -36.465  -16.074  44.640 0.0000000000
63024  -41.660  -15.851  44.869 0.0000000000
63043  -39.895  -15.108  42.116 0.0000000000
63059  -40.640  -15.368  41.362 0.0000000000
63063  -44.387  -15.408  42.315 0.0000000000
63078  -41.593  -15.081  40.917 0.0000000000
63928  -35.509  -13.652  57.244 0.0000000000
63971  -36.016  -13.916  52.708 0.0000000000
63981  -45.975  -15.596  51.113 0.0000000000
63984  -49.503  -14.760  51.105 0.0000000000
63985  -50.110  -14.776  51.205 0.0000000000
63986  -50.350  -14.779  51.158 0.0000000000
63999  -45.999  -15.022  50.901 0.0000000000
64000  -46.596  -14.731  50.934 0.0000000000
64002  -48.840  -14.575  50.475 0.0000000000
64003  -49.839  -14.691  50.793 0.0000000000
64004  -50.188  -14.679  50.996 0.0000000000
64020  -49.274  -14.768  50.541 0.0000000000
64036  -41.126  -14.846  48.154 0.0000000000
64039  -46.742  -14.431  48.885 0.0000000000
64055  -38.624  -14.006  46.748 0.0000000000
64056  -40.273  -14.306  47.091 0.0000000000
64058  -44.328  -14.265  47.299 0.0000000000
64071  -36.645  -14.590  45.838 0.0000000000
64074  -39.659  -14.612  46.588 0.0000000000
64077  -43.996  -14.840  46.883 0.0000000000
64083  -36.686  -14.959  45.293 0.0000000000
64085  -37.773  -14.683  45.710 0.0000000000
64102  -39.991  -14.667  43.362 0.0000000000
64115  -45.196  -15.090  42.478 0.0000000000
64121  -39.907  -14.878  41.222 0.0000000000
64124  -44.581  -15.019  41.979 0.0000000000
64137  -39.459  -14.406  40.964 0.0000000000
64991  -35.654  -12.730  58.613 0.0000000000
65009  -35.649  -12.842  58.406 0.0000000000
65044  -35.515  -13.365  56.964 0.0000000000
65045  -35.580  -13.481  56.462 0.0000000000
65062  -36.188  -13.496  54.273 0.0000000000
65083  -36.600  -13.278  52.617 0.0000000000
65095  -36.552  -13.520  51.732 0.0000000000
65098  -43.907  -13.332  50.982 0.0000000000
65112  -42.553  -13.310  50.427 0.0000000000
65117  -46.479  -14.122  50.859 0.0000000000
65119  -48.196  -13.991  50.147 0.0000000000
65133  -37.238  -12.887  49.254 0.0000000000
65135  -41.034  -13.412  49.149 0.0000000000
65140  -48.198  -14.013  49.904 0.0000000000
65152  -37.714  -13.170  48.617 0.0000000000
65190  -39.685  -13.897  46.950 0.0000000000
65214  -39.393  -13.532  43.327 0.0000000000
65216  -40.671  -13.936  43.998 0.0000000000
65225  -38.737  -13.110  41.828 0.0000000000
65247  -38.970  -13.813  40.628 0.0000000000
65264  -39.229  -13.404  39.649 0.0000000000
65281  -39.385  -12.892  39.167 0.0000000000
66114  -35.853  -12.602  58.374 0.0000000000
66125  -35.765  -12.758  58.206 0.0000000000
66140  -38.276  -11.395  56.867 0.0000000000
66147  -44.772  -11.758  57.737 0.0000000000
66162  -35.638  -13.070  56.640 0.0000000000
66163  -36.027  -12.692  56.138 0.0000000000
66164  -37.127  -12.035  56.205 0.0000000000
66165  -38.081  -11.763  56.324 0.0000000000
66171  -43.983  -11.697  56.616 0.0000000000
66172  -45.107  -12.269  57.185 0.0000000000
66173  -45.838  -12.032  56.792 0.0000000000
66191  -36.242  -13.048  55.177 0.0000000000
66195  -40.384  -10.739  56.250 0.0000000000
66196  -40.813  -10.993  56.277 0.0000000000
66217  -36.289  -13.269  54.687 0.0000000000
66271  -36.813  -13.010  51.768 0.0000000000
66273  -37.985  -11.774  51.452 0.0000000000
66294  -36.807  -12.904  51.305 0.0000000000
66302  -46.082  -13.686  50.810 0.0000000000
66303  -47.895  -13.099  50.328 0.0000000000
66304  -48.122  -13.425  50.113 0.0000000000
66325  -47.025  -12.788  49.409 0.0000000000
66327  -48.174  -13.584  49.937 0.0000000000
66340  -39.220  -12.875  48.690 0.0000000000
66341  -45.123  -12.348  48.407 0.0000000000
66371  -43.511  -13.134  46.834 0.0000000000
66404  -40.390  -12.590  44.585 0.0000000000
66440  -38.553  -12.568  41.211 0.0000000000
66463  -39.142  -12.776  39.255 0.0000000000
66479  -38.880  -12.025  39.102 0.0000000000
66482  -41.400  -12.501  38.436 0.0000000000
66503  -39.864  -11.977  38.077 0.0000000000
67338  -36.542  -11.234  60.013 0.0000000000
67366  -36.916  -11.767  57.534 0.0000000000
67367  -37.513  -11.340  57.843 0.0000000000
67374  -44.719  -10.834  58.010 0.0000000000
67388  -41.219  -10.974  58.080 0.0000000000
67392  -45.521  -11.212  57.647 0.0000000000
67400  -38.803  -11.278  56.026 0.0000000000
67405  -46.267  -11.470  56.595 0.0000000000
67418  -38.675  -11.271  55.540 0.0000000000
67434  -37.324  -12.072  54.305 0.0000000000
67435  -38.074  -11.559  54.647 0.0000000000
67438  -41.457  -10.635  54.242 0.0000000000
67486  -37.906  -11.456  53.369 0.0000000000
67518  -47.304  -12.393  50.917 0.0000000000
67536  -41.497  -12.359  50.651 0.0000000000
67551  -39.077  -11.680  50.386 0.0000000000
67553  -40.365  -12.210  49.759 0.0000000000
67558  -47.880  -12.601  50.124 0.0000000000
67666  -38.577  -11.643  41.030 0.0000000000
67680  -38.524  -11.637  40.103 0.0000000000
67697  -38.965  -11.800  38.950 0.0000000000
67698  -39.171  -11.336  38.780 0.0000000000
68548  -41.241  -9.905  59.974 0.0000000000
68549  -42.030  -9.947  59.763 0.0000000000
68571  -40.917  -11.375  58.728 0.0000000000
68573  -44.538  -10.234  57.894 0.0000000000
68574  -45.339  -10.205  57.695 0.0000000000
68585  -40.897  -11.131  58.346 0.0000000000
68586  -41.047  -11.294  58.531 0.0000000000
68587  -43.825  -10.807  57.790 0.0000000000
68588  -44.168  -10.686  57.858 0.0000000000
68590  -46.501  -10.658  56.502 0.0000000000
68601  -46.491  -10.126  56.120 0.0000000000
68602  -46.635  -10.699  55.626 0.0000000000
68619  -41.603  -10.745  55.386 0.0000000000
68620  -42.081  -10.844  55.213 0.0000000000
68640  -41.284  -10.473  54.911 0.0000000000
68642  -42.248  -10.839  54.987 0.0000000000
68644  -45.934  -11.129  54.633 0.0000000000
68811  -38.704  -10.924  39.863 0.0000000000
68820  -38.846  -10.975  39.432 0.0000000000
68825  -40.055  -10.180  38.221 0.0000000000
68830  -39.918  -10.953  37.990 0.0000000000
69754  -37.638  -9.936  60.527 0.0000000000
69779  -42.153  -9.572  59.111 0.0000000000
69812  -45.448  -9.692  57.281 0.0000000000
69827  -45.229  -9.253  57.151 0.0000000000
69839  -46.039  -9.601  56.082 0.0000000000
69849  -46.168  -10.421  55.174 0.0000000000
69896  -43.361  -9.347  51.845 0.0000000000
69897  -43.862  -9.713  52.234 0.0000000000
70929  -37.579  -9.981  60.980 0.0000000000
70951  -37.525  -9.989  61.016 0.0000000000
70952  -38.005  -9.957  60.876 0.0000000000
70988  -44.480  -8.973  57.666 0.0000000000
71003  -45.272  -9.100  56.886 0.0000000000
71017  -45.409  -9.096  56.472 0.0000000000
71076  -43.324  -8.353  52.474 0.0000000000
71124  -41.303  -8.663  47.288 0.0000000000
71125  -41.495  -8.973  47.766 0.0000000000
71199  -40.199  -8.413  40.173 0.0000000000
71201  -41.028  -7.822  39.482 0.0000000000
71222  -41.572  -7.712  38.234 0.0000000000
72029  -40.319  -7.433  58.648 0.0000000000
72060  -44.543  -8.024  57.064 0.0000000000
72172  -41.199  -8.343  47.134 0.0000000000
72191  -40.235  -7.182  45.034 0.0000000000
72219  -47.089  -6.974  43.563 0.0000000000
72238  -40.297  -7.182  41.897 0.0000000000
73280  -40.179  -6.730  44.792 0.0000000000
75293  -50.022  -3.748  49.252 0.0000000000
75333  -48.727  -4.380  47.497 0.0000000000
75385  -44.780  -4.454  44.548 0.0000000000
75474  -49.341  -4.009  38.939 0.0000000000
76274  -51.258  -2.692  51.002 0.0000000000
76275  -51.581  -2.858  50.731 0.0000000000
76298  -51.845  -3.241  50.238 0.0000000000
76299  -52.364  -3.230  49.836 0.0000000000
76317  -51.953  -3.482  49.505 0.0000000000
76318  -52.462  -3.214  49.392 0.0000000000
76331  -51.238  -3.646  48.879 0.0000000000
76333  -52.483  -3.064  49.034 0.0000000000
76346  -51.738  -2.946  48.464 0.0000000000
76387  -48.167  -3.187  44.250 0.0000000000
76399  -42.860  -3.851  43.928 0.0000000000
76400  -43.254  -3.868  43.940 0.0000000000
76401  -48.013  -3.327  43.791 0.0000000000
76418  -47.861  -3.275  43.118 0.0000000000
76436  -51.600  -4.061  41.104 0.0000000000
76471  -51.568  -3.228  39.978 0.0000000000
77290  -50.259  -1.969  51.033 0.0000000000
77292  -51.378  -2.332  50.681 0.0000000000
77298  -49.878  -2.348  50.599 0.0000000000
77299  -50.374  -2.609  51.066 0.0000000000
77301  -52.368  -3.060  50.138 0.0000000000
77308  -49.443  -2.354  49.813 0.0000000000
77309  -52.011  -2.529  49.471 0.0000000000
77310  -52.578  -2.915  49.789 0.0000000000
77337  -47.348  -2.201  47.649 0.0000000000
77425  -49.229  -1.887  41.263 0.0000000000
77589  -45.746  -2.249  34.410 0.0000000000
78258  -42.707  -0.655  50.507 0.0000000000
78260  -51.062  -1.524  50.564 0.0000000000
78261  -51.392  -1.918  50.265 0.0000000000
78275  -50.041  -1.424  50.456 0.0000000000
78288  -49.168  -1.545  49.421 0.0000000000
78325  -49.788  -2.388  46.783 0.0000000000
78328  -51.481  -1.100  46.761 0.0000000000
78354  -42.324  -1.678  46.091 0.0000000000
78514  -47.988  -0.968  35.734 0.0000000000
79333  -51.199  -0.175  50.441 0.0000000000
79334  -51.386  0.070  50.345 0.0000000000
79351  -51.044  -1.017  50.286 0.0000000000
79352  -51.241  -0.699  50.044 0.0000000000
79353  -51.389  -0.142  50.107 0.0000000000
79365  -48.583  -0.722  49.391 0.0000000000
79368  -51.406  -0.328  49.810 0.0000000000
79379  -47.414  -0.481  48.629 0.0000000000
79452  -50.818  -0.634  42.836 0.0000000000
79473  -51.881  0.192  42.645 0.0000000000
79474  -52.243  0.499  42.693 0.0000000000
79574  -51.997  0.477  36.956 0.0000000000
80478  -50.351  0.264  50.281 0.0000000000
80479  -50.823  0.151  50.568 0.0000000000
80480  -51.157  0.275  50.470 0.0000000000
80511  -42.706  0.167  49.273 0.0000000000
80513  -47.704  0.477  48.852 0.0000000000
80516  -51.472  0.006  49.731 0.0000000000
80531  -42.698  0.684  48.532 0.0000000000
80534  -51.761  0.044  48.453 0.0000000000
80584  -53.921  1.271  44.664 0.0000000000
80688  -52.578  1.413  38.146 0.0000000000
80706  -51.724  0.806  38.051 0.0000000000
80707  -52.394  0.866  37.813 0.0000000000
80727  -52.638  0.571  36.931 0.0000000000
81599  -50.869  0.371  50.342 0.0000000000
81626  -50.236  1.236  49.039 0.0000000000
81627  -50.570  0.640  49.569 0.0000000000
81628  -50.936  0.368  50.075 0.0000000000
81655  -50.777  0.886  48.903 0.0000000000
81656  -51.090  0.364  49.634 0.0000000000
81676  -43.073  1.502  48.618 0.0000000000
81695  -51.555  0.562  48.058 0.0000000000
81696  -51.770  0.623  47.593 0.0000000000
82656  -50.314  1.717  48.839 0.0000000000
82658  -51.163  2.516  48.076 0.0000000000
82683  -51.268  1.916  47.880 0.0000000000
82684  -51.451  2.531  47.488 0.0000000000
82698  -51.316  0.850  48.130 0.0000000000
82714  -51.813  0.967  47.349 0.0000000000
82715  -51.898  1.282  47.123 0.0000000000
83551  -50.581  2.777  48.765 0.0000000000
83564  -46.613  2.986  49.845 0.0000000000
83567  -51.393  2.852  47.665 0.0000000000
141482  -41.575  -8.512  48.886 0.0000000000
141505  -42.587  -2.109  49.556 0.0000000000
141623  -50.851  1.358  38.795 0.0000000000
141640  -50.405  0.737  39.011 0.0000000000
141645  -50.845  1.032  40.328 0.0000000000
