#!ascii label  , from subject la02 vox2ras=TkReg
1140
114422  -52.723  38.593  14.800 0.0000000000
126512  -41.040  54.039  3.177 0.0000000000
123229  -41.594  49.786  16.193 0.0000000000
120251  -48.412  45.424  5.821 0.0000000000
128629  -45.019  56.986  2.682 0.0000000000
124629  -44.140  51.364  5.822 0.0000000000
124033  -48.945  51.228  4.509 0.0000000000
118743  -47.773  43.198  2.106 0.0000000000
110811  -45.312  34.758  14.312 0.0000000000
115239  -48.728  39.652  15.618 0.0000000000
125335  -37.310  53.037  -2.275 0.0000000000
125980  -42.756  53.758  -3.287 0.0000000000
126644  -47.138  54.608  -4.416 0.0000000000
119423  -48.044  44.580  12.809 0.0000000000
123307  -41.289  50.322  8.929 0.0000000000
122551  -45.632  48.659  11.274 0.0000000000
118663  -49.395  43.536  10.879 0.0000000000
117806  -46.856  42.865  9.060 0.0000000000
116183  -42.089  40.674  6.415 0.0000000000
113528  -50.347  37.732  12.183 0.0000000000
127903  -46.908  56.128  0.865 0.0000000000
127180  -47.563  54.783  4.467 0.0000000000
125867  -47.447  53.367  3.490 0.0000000000
123371  -47.316  49.615  3.610 0.0000000000
112595  -47.573  36.292  14.375 0.0000000000
115276  -46.426  39.081  13.654 0.0000000000
125957  -34.937  53.962  -2.211 0.0000000000
127330  -44.063  55.362  -4.744 0.0000000000
120964  -46.021  45.853  12.144 0.0000000000
122515  -44.851  48.692  14.158 0.0000000000
124663  -38.688  51.773  3.533 0.0000000000
125231  -40.375  52.711  6.295 0.0000000000
122596  -46.115  48.518  5.746 0.0000000000
121793  -43.645  47.813  8.081 0.0000000000
120238  -46.744  45.865  8.198 0.0000000000
120996  -48.870  46.304  10.439 0.0000000000
119462  -50.042  44.352  8.766 0.0000000000
117801  -48.385  42.794  10.451 0.0000000000
118687  -49.551  43.340  6.718 0.0000000000
117874  -44.911  42.571  3.884 0.0000000000
127213  -42.489  55.868  2.330 0.0000000000
127152  -42.102  54.560  6.072 0.0000000000
127164  -45.285  55.069  5.020 0.0000000000
124630  -46.831  51.434  5.779 0.0000000000
121830  -48.035  47.615  4.742 0.0000000000
119484  -49.741  44.000  4.600 0.0000000000
121856  -48.174  47.987  3.805 0.0000000000
120273  -46.070  45.541  3.086 0.0000000000
110814  -48.715  34.961  13.788 0.0000000000
112581  -50.782  36.301  15.536 0.0000000000
115221  -51.507  39.759  17.320 0.0000000000
125286  -33.210  52.098  0.780 0.0000000000
125302  -35.779  52.654  0.505 0.0000000000
125905  -38.661  53.489  0.885 0.0000000000
125908  -41.049  53.934  0.218 0.0000000000
127265  -43.429  55.775  -0.546 0.0000000000
128735  -46.099  57.076  -1.759 0.0000000000
127281  -47.215  55.280  -1.588 0.0000000000
125353  -47.466  52.744  -3.934 0.0000000000
117746  -46.135  41.945  13.003 0.0000000000
118604  -48.498  42.797  14.551 0.0000000000
118606  -49.910  43.058  14.612 0.0000000000
122538  -42.105  49.533  12.551 0.0000000000
124618  -42.195  51.904  7.825 0.0000000000
123976  -43.050  50.270  10.363 0.0000000000
124577  -44.564  52.305  13.703 0.0000000000
121720  -47.816  48.329  12.394 0.0000000000
119425  -49.325  44.221  12.303 0.0000000000
116912  -50.170  41.733  13.211 0.0000000000
116116  -48.827  40.696  12.336 0.0000000000
115317  -46.628  40.096  10.377 0.0000000000
115325  -45.308  39.511  8.604 0.0000000000
117856  -47.956  42.482  5.186 0.0000000000
117820  -44.373  42.503  7.611 0.0000000000
115364  -42.918  39.194  6.875 0.0000000000
113515  -53.013  37.525  14.106 0.0000000000
113531  -53.015  37.351  12.767 0.0000000000
114437  -51.699  38.310  14.028 0.0000000000
127251  -46.664  55.605  0.582 0.0000000000
127215  -47.109  55.224  2.671 0.0000000000
125881  -46.383  54.138  2.631 0.0000000000
125265  -46.093  52.565  3.222 0.0000000000
123245  -44.325  49.064  15.697 0.0000000000
125862  -40.047  52.841  3.015 0.0000000000
121056  -46.858  46.195  6.017 0.0000000000
121047  -45.815  46.107  7.031 0.0000000000
120246  -47.632  45.389  7.174 0.0000000000
120239  -47.595  45.612  8.076 0.0000000000
119466  -49.146  44.577  7.366 0.0000000000
119467  -49.649  44.047  7.981 0.0000000000
119471  -49.402  43.961  7.010 0.0000000000
127875  -43.323  56.559  2.731 0.0000000000
127175  -43.741  55.806  4.468 0.0000000000
127860  -44.539  56.412  3.901 0.0000000000
125856  -48.759  53.353  4.879 0.0000000000
125845  -47.255  53.498  5.494 0.0000000000
124645  -48.274  51.549  5.483 0.0000000000
123348  -47.702  49.972  5.431 0.0000000000
122604  -48.191  48.824  4.595 0.0000000000
121843  -48.355  47.657  4.154 0.0000000000
122613  -48.468  48.837  4.055 0.0000000000
122612  -46.605  48.066  3.724 0.0000000000
114419  -48.194  38.010  14.775 0.0000000000
112579  -48.891  36.683  14.706 0.0000000000
114404  -49.393  38.235  15.878 0.0000000000
113475  -50.867  37.538  16.766 0.0000000000
115228  -49.761  39.839  16.508 0.0000000000
125959  -36.266  53.618  -2.477 0.0000000000
125323  -35.211  52.876  -1.451 0.0000000000
125312  -36.906  52.863  -0.247 0.0000000000
125921  -37.348  52.969  0.676 0.0000000000
125313  -38.153  52.795  -0.576 0.0000000000
125339  -41.424  52.837  -2.403 0.0000000000
125942  -40.914  53.219  -0.897 0.0000000000
125927  -42.210  53.823  -0.802 0.0000000000
126559  -42.523  55.084  0.075 0.0000000000
126591  -43.511  54.936  -1.765 0.0000000000
127348  -45.317  55.379  -4.717 0.0000000000
127987  -44.975  56.639  -3.155 0.0000000000
127989  -46.366  56.175  -3.420 0.0000000000
127951  -46.968  56.629  -1.756 0.0000000000
127315  -47.494  55.175  -2.809 0.0000000000
126610  -47.284  54.599  -2.803 0.0000000000
126645  -47.529  54.160  -4.144 0.0000000000
120216  -41.815  44.718  10.612 0.0000000000
117799  -42.006  42.381  10.578 0.0000000000
118641  -43.376  43.363  11.032 0.0000000000
116922  -44.937  41.484  12.043 0.0000000000
118625  -45.071  43.192  11.818 0.0000000000
120191  -46.733  45.097  12.338 0.0000000000
118628  -47.230  43.479  13.022 0.0000000000
119410  -47.993  43.874  13.229 0.0000000000
118596  -49.628  42.842  15.353 0.0000000000
119411  -48.512  43.992  13.171 0.0000000000
123306  -40.565  49.372  8.657 0.0000000000
122547  -40.778  48.386  10.784 0.0000000000
123297  -41.455  49.472  9.823 0.0000000000
125832  -42.882  53.367  6.061 0.0000000000
125831  -42.389  53.387  6.750 0.0000000000
124627  -42.475  51.770  6.937 0.0000000000
121760  -44.062  48.301  10.299 0.0000000000
122561  -42.949  49.587  9.273 0.0000000000
122549  -43.814  49.402  10.526 0.0000000000
123955  -43.705  50.847  11.746 0.0000000000
123266  -45.284  50.423  12.481 0.0000000000
123931  -46.634  50.289  13.409 0.0000000000
122541  -47.077  49.274  11.590 0.0000000000
119453  -49.517  44.742  10.723 0.0000000000
120218  -49.225  45.744  10.923 0.0000000000
119437  -49.501  44.101  11.690 0.0000000000
118630  -49.695  43.467  12.738 0.0000000000
116925  -49.793  42.158  12.497 0.0000000000
116924  -49.690  41.610  12.686 0.0000000000
116947  -49.145  41.714  12.020 0.0000000000
118666  -48.261  43.141  9.329 0.0000000000
116960  -47.640  42.002  10.492 0.0000000000
116964  -46.678  41.905  9.749 0.0000000000
115321  -45.718  40.064  9.272 0.0000000000
116151  -45.817  41.168  9.344 0.0000000000
120297  -49.304  44.143  2.859 0.0000000000
118716  -49.840  42.890  4.563 0.0000000000
117898  -48.516  42.481  3.558 0.0000000000
117834  -42.952  42.499  5.622 0.0000000000
118683  -44.494  43.308  6.156 0.0000000000
116990  -42.775  41.510  6.870 0.0000000000
116164  -43.404  40.941  7.404 0.0000000000
116184  -42.775  40.274  6.947 0.0000000000
114514  -42.338  38.386  6.484 0.0000000000
111775  -52.221  35.372  13.093 0.0000000000
113544  -49.160  37.655  11.085 0.0000000000
128665  -45.979  56.829  1.408 0.0000000000
127878  -45.972  56.436  3.518 0.0000000000
127892  -47.253  55.426  3.068 0.0000000000
126516  -48.191  54.201  3.878 0.0000000000
125268  -48.677  52.645  3.909 0.0000000000
124048  -48.297  50.957  3.803 0.0000000000
124668  -46.874  51.532  3.505 0.0000000000
111762  -46.279  35.541  14.021 0.0000000000
112594  -46.299  36.268  14.221 0.0000000000
115257  -47.595  39.404  14.617 0.0000000000
126605  -37.472  54.459  -3.029 0.0000000000
126640  -43.191  54.324  -3.857 0.0000000000
126012  -45.922  53.540  -5.096 0.0000000000
125370  -47.152  52.479  -5.301 0.0000000000
120203  -45.097  45.336  11.739 0.0000000000
121736  -45.887  47.097  12.521 0.0000000000
121737  -46.911  47.256  12.758 0.0000000000
124609  -40.726  51.776  7.993 0.0000000000
123335  -45.523  49.624  5.895 0.0000000000
123333  -43.195  49.736  6.727 0.0000000000
121818  -44.268  48.181  6.595 0.0000000000
121038  -44.954  46.518  8.370 0.0000000000
121011  -46.399  46.930  9.540 0.0000000000
121779  -47.295  47.545  10.259 0.0000000000
120226  -47.800  46.569  9.299 0.0000000000
120228  -49.122  45.776  9.832 0.0000000000
119463  -50.084  43.929  9.537 0.0000000000
117802  -48.970  43.304  10.595 0.0000000000
118674  -49.792  43.546  8.927 0.0000000000
117816  -49.213  43.202  8.591 0.0000000000
117824  -48.796  42.827  7.436 0.0000000000
117914  -46.422  42.287  2.338 0.0000000000
122497  -39.753  49.738  15.348 0.0000000000
127212  -41.863  54.853  2.737 0.0000000000
126503  -41.594  54.373  4.460 0.0000000000
127174  -42.782  55.162  4.649 0.0000000000
126491  -43.638  54.314  5.483 0.0000000000
125842  -44.525  53.558  5.332 0.0000000000
127165  -46.041  54.985  5.060 0.0000000000
125844  -46.428  53.618  5.562 0.0000000000
124016  -45.955  51.265  5.670 0.0000000000
123336  -46.535  49.812  5.864 0.0000000000
122602  -46.912  48.206  5.521 0.0000000000
121058  -48.114  46.468  5.145 0.0000000000
120252  -49.022  45.037  5.412 0.0000000000
121070  -48.480  46.316  4.381 0.0000000000
121088  -49.003  45.714  3.563 0.0000000000
121103  -48.255  45.694  2.870 0.0000000000
122622  -47.853  48.730  3.543 0.0000000000
121086  -47.530  46.305  3.159 0.0000000000
111764  -48.489  35.436  14.173 0.0000000000
111765  -49.473  35.321  14.276 0.0000000000
110816  -50.761  34.977  13.550 0.0000000000
111749  -52.094  36.157  14.834 0.0000000000
112573  -53.077  37.465  16.314 0.0000000000
115231  -52.839  38.826  16.300 0.0000000000
124677  -33.779  51.336  2.568 0.0000000000
125287  -34.084  52.009  0.882 0.0000000000
124690  -35.277  51.853  1.902 0.0000000000
125275  -37.303  52.336  2.269 0.0000000000
125876  -38.455  52.838  2.095 0.0000000000
125889  -39.530  53.636  1.487 0.0000000000
125336  -38.295  52.775  -2.494 0.0000000000
125314  -39.141  52.811  -0.664 0.0000000000
125907  -40.411  53.785  0.576 0.0000000000
126541  -40.813  54.528  1.360 0.0000000000
127231  -41.742  55.215  1.731 0.0000000000
127901  -43.076  56.275  0.912 0.0000000000
128680  -44.290  57.169  0.323 0.0000000000
127293  -44.147  55.778  -2.715 0.0000000000
127930  -44.492  57.149  -1.277 0.0000000000
128681  -45.084  57.473  0.386 0.0000000000
128700  -46.692  57.001  -0.311 0.0000000000
127917  -46.966  56.114  -0.030 0.0000000000
126594  -46.653  54.812  -1.920 0.0000000000
125342  -46.879  53.555  -3.469 0.0000000000
125371  -47.606  52.424  -4.975 0.0000000000
116097  -46.057  40.754  13.335 0.0000000000
116099  -47.358  40.682  14.184 0.0000000000
119420  -45.891  44.148  11.980 0.0000000000
117748  -47.488  42.221  13.888 0.0000000000
116889  -48.404  41.449  15.347 0.0000000000
116875  -49.484  41.733  16.206 0.0000000000
116877  -51.116  41.312  16.518 0.0000000000
117741  -52.546  41.458  15.232 0.0000000000
123253  -41.716  50.222  14.377 0.0000000000
126467  -41.278  53.913  7.026 0.0000000000
125814  -41.178  53.114  7.907 0.0000000000
123980  -41.527  51.141  8.616 0.0000000000
123318  -42.546  50.183  8.042 0.0000000000
123981  -42.211  50.971  8.624 0.0000000000
123974  -41.886  50.512  9.415 0.0000000000
123288  -42.616  50.153  11.099 0.0000000000
123941  -43.225  51.199  12.568 0.0000000000
123915  -43.022  51.449  14.864 0.0000000000
123901  -45.472  50.364  14.753 0.0000000000
122517  -46.730  48.931  13.383 0.0000000000
121738  -47.607  47.476  12.592 0.0000000000
121751  -48.134  47.688  11.540 0.0000000000
120204  -48.525  46.161  12.109 0.0000000000
119424  -48.738  44.484  12.543 0.0000000000
118617  -50.076  43.120  13.800 0.0000000000
116900  -50.737  41.917  13.924 0.0000000000
116087  -51.152  40.650  14.742 0.0000000000
115278  -50.330  39.621  13.939 0.0000000000
115296  -49.264  39.578  12.932 0.0000000000
114461  -48.581  38.460  11.615 0.0000000000
116946  -48.487  42.020  11.233 0.0000000000
115310  -47.720  40.163  11.454 0.0000000000
114468  -47.461  38.461  10.507 0.0000000000
114472  -46.466  38.550  9.280 0.0000000000
114479  -45.693  38.682  8.087 0.0000000000
118700  -49.905  43.154  5.656 0.0000000000
117840  -48.826  42.412  6.452 0.0000000000
117822  -47.296  43.063  7.010 0.0000000000
118714  -46.161  42.873  4.772 0.0000000000
118685  -46.724  43.202  6.603 0.0000000000
117812  -45.717  42.800  8.301 0.0000000000
116155  -44.490  41.006  8.503 0.0000000000
115343  -44.244  39.281  7.495 0.0000000000
114439  -53.160  38.076  14.429 0.0000000000
113514  -52.872  37.506  13.729 0.0000000000
114438  -52.542  38.177  14.198 0.0000000000
113513  -52.159  37.949  13.409 0.0000000000
114421  -51.881  38.681  14.728 0.0000000000
126545  -46.378  55.184  1.261 0.0000000000
126527  -46.022  54.535  1.960 0.0000000000
122500  -43.502  48.791  15.570 0.0000000000
123230  -42.729  49.691  15.977 0.0000000000
125863  -40.541  53.165  3.592 0.0000000000
125854  -41.211  53.727  4.647 0.0000000000
120250  -47.609  45.626  6.316 0.0000000000
120249  -46.982  45.690  6.603 0.0000000000
120247  -48.367  45.048  6.827 0.0000000000
119470  -49.008  44.633  6.437 0.0000000000
127876  -44.354  56.972  2.942 0.0000000000
127877  -45.175  56.706  3.365 0.0000000000
124654  -49.094  51.845  4.839 0.0000000000
125249  -48.839  52.502  5.129 0.0000000000
124020  -48.968  51.043  4.985 0.0000000000
124019  -48.406  50.868  5.366 0.0000000000
123359  -48.461  49.873  4.502 0.0000000000
110812  -46.369  35.038  13.791 0.0000000000
114402  -48.141  39.025  15.059 0.0000000000
113489  -48.924  37.693  15.058 0.0000000000
114403  -48.787  38.646  15.412 0.0000000000
114386  -49.898  38.845  16.508 0.0000000000
115240  -49.294  39.226  16.028 0.0000000000
125334  -36.760  53.248  -2.318 0.0000000000
125324  -36.390  52.954  -1.639 0.0000000000
125325  -37.597  52.733  -1.478 0.0000000000
125979  -41.841  53.250  -3.521 0.0000000000
125962  -42.253  53.254  -2.507 0.0000000000
125943  -41.612  53.168  -1.454 0.0000000000
125944  -42.779  53.755  -1.513 0.0000000000
125963  -43.075  53.972  -2.452 0.0000000000
126643  -46.242  55.103  -4.708 0.0000000000
128006  -46.101  55.938  -3.943 0.0000000000
127333  -46.577  55.646  -4.143 0.0000000000
127990  -46.939  56.096  -3.345 0.0000000000
126623  -47.382  55.117  -3.857 0.0000000000
126624  -47.467  54.586  -3.598 0.0000000000
120200  -41.727  45.575  10.983 0.0000000000
120217  -42.340  44.460  10.620 0.0000000000
119452  -42.728  43.968  10.716 0.0000000000
119433  -43.523  44.445  10.904 0.0000000000
118642  -44.507  43.238  11.597 0.0000000000
120192  -47.460  45.352  12.586 0.0000000000
119422  -47.388  44.098  12.789 0.0000000000
118615  -48.536  43.473  13.790 0.0000000000
123979  -40.750  50.926  8.201 0.0000000000
125233  -43.361  52.624  5.795 0.0000000000
125232  -42.678  52.585  6.440 0.0000000000
124628  -43.201  51.646  6.089 0.0000000000
121761  -45.133  48.033  10.578 0.0000000000
122550  -44.622  48.987  10.975 0.0000000000
122539  -45.136  49.495  11.684 0.0000000000
122540  -46.187  49.344  11.693 0.0000000000
123279  -46.674  50.011  11.994 0.0000000000
122552  -46.623  48.643  11.174 0.0000000000
119454  -49.534  43.954  11.040 0.0000000000
118644  -49.655  43.384  11.760 0.0000000000
117783  -49.548  42.641  11.775 0.0000000000
118672  -48.040  43.187  9.097 0.0000000000
116965  -47.204  42.215  10.088 0.0000000000
116963  -46.051  42.234  9.104 0.0000000000
119521  -48.648  43.727  2.418 0.0000000000
118745  -49.043  42.766  3.078 0.0000000000
118744  -48.501  42.801  2.765 0.0000000000
116989  -42.257  41.963  5.910 0.0000000000
117835  -43.451  42.729  6.299 0.0000000000
115363  -42.160  39.464  6.474 0.0000000000
111776  -52.610  35.856  13.398 0.0000000000
113546  -51.205  37.486  11.464 0.0000000000
113545  -50.162  37.539  11.268 0.0000000000
128666  -46.484  56.358  1.636 0.0000000000
128650  -46.501  56.224  2.489 0.0000000000
127891  -46.715  55.762  2.218 0.0000000000
126529  -47.405  54.652  2.975 0.0000000000
126530  -47.791  54.488  3.388 0.0000000000
126515  -47.698  54.066  3.438 0.0000000000
125868  -48.208  53.381  3.730 0.0000000000
125267  -48.017  52.571  3.649 0.0000000000
124669  -47.774  51.669  3.629 0.0000000000
125266  -47.134  52.524  3.531 0.0000000000
124667  -45.924  51.373  3.409 0.0000000000
112593  -45.229  36.199  14.206 0.0000000000
114417  -46.852  38.647  14.160 0.0000000000
126604  -36.850  54.505  -2.687 0.0000000000
126011  -44.915  53.683  -5.306 0.0000000000
125368  -45.468  52.640  -5.235 0.0000000000
124729  -45.031  51.742  -5.468 0.0000000000
122529  -44.320  48.417  13.395 0.0000000000
121716  -45.321  48.014  13.422 0.0000000000
121717  -46.320  48.063  13.231 0.0000000000
124662  -37.722  51.590  3.395 0.0000000000
125224  -40.449  52.653  7.136 0.0000000000
122595  -44.878  48.484  6.208 0.0000000000
120244  -46.123  45.865  7.732 0.0000000000
121809  -45.314  46.558  7.087 0.0000000000
121039  -45.467  46.215  7.810 0.0000000000
121026  -44.994  46.706  9.119 0.0000000000
121027  -45.867  46.349  8.819 0.0000000000
121028  -46.879  46.554  9.137 0.0000000000
120233  -47.471  46.264  8.944 0.0000000000
120235  -49.443  45.178  8.779 0.0000000000
120234  -48.460  45.767  8.774 0.0000000000
119458  -49.866  44.705  9.658 0.0000000000
118675  -49.851  43.628  9.551 0.0000000000
118679  -49.436  43.486  7.792 0.0000000000
117825  -49.226  43.071  7.556 0.0000000000
117815  -48.747  43.093  8.379 0.0000000000
127193  -42.138  54.883  4.000 0.0000000000
127194  -42.879  55.671  3.505 0.0000000000
127163  -44.306  55.177  5.143 0.0000000000
127162  -43.315  55.067  5.241 0.0000000000
126492  -44.876  54.367  5.205 0.0000000000
127196  -46.874  55.452  4.194 0.0000000000
127862  -46.203  55.910  4.130 0.0000000000
126504  -46.930  54.766  4.807 0.0000000000
125247  -47.579  52.652  5.550 0.0000000000
125246  -46.892  52.739  5.604 0.0000000000
125245  -46.112  52.773  5.533 0.0000000000
124644  -46.594  51.784  5.688 0.0000000000
124000  -46.123  50.570  5.805 0.0000000000
124001  -46.937  50.891  5.875 0.0000000000
122603  -47.631  48.875  5.229 0.0000000000
122598  -47.411  49.555  5.560 0.0000000000
121829  -47.478  47.459  5.284 0.0000000000
121087  -48.490  46.261  3.533 0.0000000000
120275  -48.867  45.509  3.083 0.0000000000
121085  -46.583  46.402  3.347 0.0000000000
121854  -46.897  47.400  3.547 0.0000000000
111763  -47.462  35.510  14.151 0.0000000000
112578  -48.278  36.339  14.480 0.0000000000
112580  -49.910  36.504  15.121 0.0000000000
111746  -49.232  35.923  14.568 0.0000000000
111747  -50.162  35.726  14.882 0.0000000000
111766  -50.508  35.232  14.305 0.0000000000
111748  -51.187  35.730  14.961 0.0000000000
113461  -51.354  38.157  17.265 0.0000000000
112563  -51.994  37.119  17.129 0.0000000000
113450  -52.349  38.151  17.356 0.0000000000
114389  -53.104  38.412  16.617 0.0000000000
115222  -52.135  39.626  17.128 0.0000000000
124687  -32.317  51.848  1.196 0.0000000000
124675  -31.613  51.380  2.021 0.0000000000
124676  -32.694  51.419  2.197 0.0000000000
124688  -33.406  51.786  1.581 0.0000000000
125939  -34.273  53.822  -1.836 0.0000000000
125322  -34.317  53.064  -1.455 0.0000000000
125311  -35.579  52.586  -0.616 0.0000000000
125301  -34.775  52.270  0.153 0.0000000000
125288  -35.022  52.225  1.155 0.0000000000
125289  -36.040  52.383  1.600 0.0000000000
125274  -36.665  52.223  2.192 0.0000000000
125922  -37.936  53.105  0.324 0.0000000000
125904  -37.894  53.225  1.101 0.0000000000
125888  -38.622  53.241  1.633 0.0000000000
125326  -38.685  52.533  -1.481 0.0000000000
125327  -39.565  52.588  -1.320 0.0000000000
125926  -41.460  53.742  -0.428 0.0000000000
125925  -40.569  53.410  -0.300 0.0000000000
125890  -40.100  53.870  1.150 0.0000000000
127230  -41.306  54.835  2.152 0.0000000000
126542  -41.477  55.032  1.101 0.0000000000
127264  -42.955  55.360  -0.028 0.0000000000
127249  -42.605  55.580  0.561 0.0000000000
127914  -43.136  56.049  0.482 0.0000000000
127902  -43.724  56.865  1.074 0.0000000000
127915  -43.622  56.502  0.160 0.0000000000
126641  -43.560  54.924  -4.335 0.0000000000
126622  -43.693  54.963  -3.472 0.0000000000
127311  -44.075  55.617  -3.905 0.0000000000
127969  -45.358  56.940  -2.664 0.0000000000
127968  -44.685  56.765  -2.450 0.0000000000
128719  -45.628  57.373  -1.345 0.0000000000
128698  -44.739  57.427  -0.681 0.0000000000
128699  -45.800  57.363  -0.450 0.0000000000
128682  -45.907  57.097  0.491 0.0000000000
128720  -46.502  57.227  -1.223 0.0000000000
127280  -47.140  55.803  -1.506 0.0000000000
127932  -47.098  56.446  -0.748 0.0000000000
127267  -46.918  55.686  -0.727 0.0000000000
127268  -47.035  55.402  -1.296 0.0000000000
126578  -47.062  55.131  -1.451 0.0000000000
125983  -47.267  53.829  -3.512 0.0000000000
125968  -46.919  54.138  -3.087 0.0000000000
125343  -47.116  53.432  -3.616 0.0000000000
125352  -46.970  52.784  -3.699 0.0000000000
116113  -43.954  40.664  11.827 0.0000000000
116923  -45.596  41.249  12.783 0.0000000000
116908  -46.254  41.599  13.250 0.0000000000
116098  -46.867  40.390  13.743 0.0000000000
116909  -46.842  41.469  13.606 0.0000000000
119435  -45.268  44.122  11.750 0.0000000000
120190  -45.956  44.806  12.001 0.0000000000
118614  -47.703  43.195  13.485 0.0000000000
118613  -47.023  43.102  13.093 0.0000000000
118603  -47.995  42.601  14.096 0.0000000000
117736  -48.059  42.143  14.499 0.0000000000
117737  -48.505  42.186  15.057 0.0000000000
116053  -49.061  41.420  16.053 0.0000000000
118585  -48.897  42.317  15.573 0.0000000000
117728  -50.350  42.535  15.464 0.0000000000
117719  -50.559  41.958  16.106 0.0000000000
116891  -51.503  41.310  16.005 0.0000000000
117730  -51.690  41.317  15.272 0.0000000000
122548  -41.543  48.814  10.931 0.0000000000
122511  -40.744  49.657  14.265 0.0000000000
127160  -41.948  54.600  5.839 0.0000000000
126489  -41.480  54.227  5.529 0.0000000000
126478  -41.768  54.345  6.336 0.0000000000
125225  -42.259  52.669  7.253 0.0000000000
125824  -42.041  53.443  7.468 0.0000000000
125218  -41.937  52.698  7.920 0.0000000000
124611  -41.742  51.942  8.300 0.0000000000
122584  -43.031  48.846  7.539 0.0000000000
123319  -42.750  49.692  7.455 0.0000000000
122583  -42.678  49.535  7.853 0.0000000000
123299  -43.241  49.939  10.085 0.0000000000
123308  -42.625  50.139  8.976 0.0000000000
123975  -42.583  50.229  9.769 0.0000000000
123966  -42.252  50.152  10.336 0.0000000000
123967  -42.858  50.346  10.652 0.0000000000
123942  -44.122  51.419  12.384 0.0000000000
124586  -43.936  52.155  13.045 0.0000000000
124575  -43.278  51.933  14.277 0.0000000000
124560  -44.351  52.343  14.676 0.0000000000
123899  -44.291  50.601  15.361 0.0000000000
124561  -44.916  51.785  14.208 0.0000000000
123268  -47.344  49.561  12.589 0.0000000000
123259  -47.056  49.604  13.247 0.0000000000
122518  -47.365  48.873  12.718 0.0000000000
121718  -47.120  48.154  12.887 0.0000000000
121719  -47.653  48.215  12.571 0.0000000000
120994  -47.946  47.307  10.308 0.0000000000
121765  -47.985  47.628  11.105 0.0000000000
120995  -48.318  47.093  10.713 0.0000000000
119436  -49.093  44.933  11.677 0.0000000000
120205  -48.885  45.963  11.637 0.0000000000
120194  -48.647  45.427  12.072 0.0000000000
118629  -49.312  43.996  12.802 0.0000000000
117749  -50.230  42.564  13.477 0.0000000000
116901  -51.022  41.479  14.589 0.0000000000
116086  -50.642  41.148  14.140 0.0000000000
115258  -50.714  40.164  14.416 0.0000000000
116101  -50.222  40.687  13.725 0.0000000000
116117  -49.221  40.784  12.700 0.0000000000
115295  -48.707  40.087  12.471 0.0000000000
114447  -48.899  38.977  12.340 0.0000000000
115311  -48.316  39.570  11.894 0.0000000000
117781  -48.661  42.763  10.981 0.0000000000
116148  -47.281  40.724  10.828 0.0000000000
115318  -47.197  39.541  10.839 0.0000000000
114467  -46.713  38.964  10.158 0.0000000000
115326  -45.966  39.111  8.859 0.0000000000
114500  -45.398  38.327  7.401 0.0000000000
115344  -44.980  39.013  7.889 0.0000000000
120258  -49.181  45.139  4.625 0.0000000000
119475  -49.506  44.228  5.786 0.0000000000
117879  -49.240  42.351  4.605 0.0000000000
117858  -49.439  42.487  5.553 0.0000000000
117857  -48.742  42.201  5.434 0.0000000000
117839  -47.895  42.663  6.244 0.0000000000
117895  -45.682  42.330  2.987 0.0000000000
117875  -45.933  42.634  3.876 0.0000000000
117836  -44.370  42.945  6.885 0.0000000000
118684  -45.395  43.297  6.661 0.0000000000
117837  -44.807  42.962  7.216 0.0000000000
118677  -45.938  43.285  7.455 0.0000000000
117811  -44.945  42.619  8.009 0.0000000000
116968  -44.675  42.087  8.357 0.0000000000
116976  -44.002  41.514  7.927 0.0000000000
115342  -43.512  39.853  7.252 0.0000000000
116165  -44.035  40.415  7.813 0.0000000000
115365  -43.593  38.952  7.102 0.0000000000
112598  -53.088  37.366  14.587 0.0000000000
113532  -53.391  37.126  12.914 0.0000000000
113548  -53.129  37.550  11.881 0.0000000000
127233  -46.710  55.611  1.417 0.0000000000
127214  -46.687  55.427  2.187 0.0000000000
126528  -46.710  54.928  2.294 0.0000000000
126514  -46.905  54.114  3.036 0.0000000000
125866  -46.517  53.386  3.164 0.0000000000
122514  -43.927  48.892  14.439 0.0000000000
123256  -44.597  48.894  14.810 0.0000000000
125260  -39.017  52.260  3.078 0.0000000000
125253  -39.717  52.300  4.025 0.0000000000
125839  -40.848  53.356  5.884 0.0000000000
121827  -46.148  47.679  5.701 0.0000000000
121820  -45.601  47.145  6.286 0.0000000000
121821  -46.336  46.649  6.064 0.0000000000
121048  -46.332  46.171  6.488 0.0000000000
120245  -46.690  45.641  7.317 0.0000000000
120240  -48.645  45.208  7.857 0.0000000000
120241  -49.526  44.702  8.099 0.0000000000
127195  -43.719  56.412  3.577 0.0000000000
127176  -44.847  55.774  4.599 0.0000000000
126506  -48.254  54.225  4.765 0.0000000000
126495  -47.708  54.084  5.331 0.0000000000
125846  -48.028  53.334  5.432 0.0000000000
125248  -48.251  52.327  5.448 0.0000000000
124632  -47.905  51.448  5.575 0.0000000000
124002  -47.746  50.789  5.616 0.0000000000
124018  -48.030  50.415  5.377 0.0000000000
123349  -48.177  49.925  5.073 0.0000000000
122621  -46.959  48.564  3.613 0.0000000000
110813  -47.651  35.029  13.813 0.0000000000
113500  -48.216  37.072  14.623 0.0000000000
112596  -48.250  36.580  14.530 0.0000000000
113490  -49.644  37.333  15.482 0.0000000000
113491  -50.426  37.013  15.966 0.0000000000
113474  -50.097  37.862  16.335 0.0000000000
114387  -50.590  38.478  16.956 0.0000000000
115229  -50.406  39.469  16.946 0.0000000000
125299  -32.545  52.426  0.184 0.0000000000
125958  -35.470  53.802  -2.328 0.0000000000
125940  -34.946  53.384  -1.958 0.0000000000
125303  -36.725  52.784  0.926 0.0000000000
125348  -41.094  52.865  -3.138 0.0000000000
125328  -40.489  52.745  -1.465 0.0000000000
125329  -41.074  52.707  -1.922 0.0000000000
126558  -41.729  54.686  0.341 0.0000000000
126572  -42.045  54.243  -0.382 0.0000000000
126573  -42.873  54.659  -0.629 0.0000000000
126574  -43.450  55.321  -1.100 0.0000000000
127347  -44.701  55.213  -4.954 0.0000000000
127312  -44.633  56.122  -3.467 0.0000000000
128004  -45.147  56.251  -3.582 0.0000000000
127988  -45.608  56.482  -3.176 0.0000000000
127970  -46.170  56.683  -2.408 0.0000000000
127950  -46.493  56.959  -1.793 0.0000000000
127971  -46.930  56.288  -2.807 0.0000000000
127295  -47.260  55.825  -2.374 0.0000000000
127296  -47.387  55.255  -2.118 0.0000000000
125997  -47.603  53.522  -4.056 0.0000000000
120199  -40.908  45.554  11.425 0.0000000000
120215  -40.980  44.915  10.834 0.0000000000
119450  -41.037  44.051  10.547 0.0000000000
118660  -42.187  43.024  10.533 0.0000000000
116921  -44.108  41.739  11.844 0.0000000000
117757  -44.186  42.305  11.811 0.0000000000
117758  -44.869  42.550  11.866 0.0000000000
117759  -45.911  42.445  12.619 0.0000000000
119421  -46.447  44.178  12.270 0.0000000000
119409  -47.715  43.746  13.179 0.0000000000
118595  -49.079  42.797  15.259 0.0000000000
118605  -49.158  43.209  14.598 0.0000000000
122559  -40.579  48.507  9.654 0.0000000000
122560  -41.178  48.732  10.255 0.0000000000
123287  -42.171  49.567  11.112 0.0000000000
126480  -43.105  53.863  5.784 0.0000000000
126469  -42.178  53.827  6.923 0.0000000000
121775  -43.713  47.907  9.261 0.0000000000
122572  -43.037  48.678  8.753 0.0000000000
122562  -43.313  48.926  9.787 0.0000000000
123289  -43.737  50.047  10.606 0.0000000000
123968  -43.506  50.414  10.890 0.0000000000
123290  -44.338  50.144  11.096 0.0000000000
123956  -44.255  50.745  11.870 0.0000000000
124588  -45.253  51.282  12.983 0.0000000000
123930  -45.825  50.858  13.243 0.0000000000
123945  -46.573  50.303  12.591 0.0000000000
123958  -47.120  50.087  12.311 0.0000000000
123281  -47.828  49.085  11.996 0.0000000000
121014  -48.868  46.184  10.085 0.0000000000
117761  -49.888  42.664  12.566 0.0000000000
116911  -49.895  41.537  13.034 0.0000000000
116948  -49.588  42.046  12.238 0.0000000000
117800  -48.008  42.826  10.050 0.0000000000
116959  -47.080  41.827  10.185 0.0000000000
116147  -46.896  41.203  10.277 0.0000000000
115322  -46.195  39.544  9.681 0.0000000000
116152  -46.273  40.662  9.823 0.0000000000
116156  -45.094  40.520  8.964 0.0000000000
119500  -49.593  43.636  3.631 0.0000000000
117899  -48.966  42.385  4.050 0.0000000000
117877  -47.828  42.499  4.235 0.0000000000
118711  -43.763  43.003  4.825 0.0000000000
118712  -44.322  43.000  4.677 0.0000000000
118695  -43.838  43.173  5.365 0.0000000000
116975  -43.520  42.050  7.346 0.0000000000
114513  -41.356  38.501  6.259 0.0000000000
110827  -51.895  35.029  12.670 0.0000000000
128648  -45.457  56.933  2.105 0.0000000000
128630  -45.666  56.699  2.815 0.0000000000
128631  -46.237  56.415  2.913 0.0000000000
127879  -46.735  55.820  3.429 0.0000000000
127197  -47.297  55.293  4.076 0.0000000000
127893  -47.500  55.220  3.353 0.0000000000
127198  -47.720  54.846  4.038 0.0000000000
126517  -48.527  53.910  4.376 0.0000000000
125269  -48.969  52.675  4.220 0.0000000000
124049  -48.751  51.311  4.081 0.0000000000
124032  -48.556  50.636  4.259 0.0000000000
124047  -47.552  50.653  3.613 0.0000000000
124046  -46.660  50.482  3.532 0.0000000000
113499  -47.366  37.216  14.413 0.0000000000
113497  -45.667  37.001  14.077 0.0000000000
113498  -46.335  37.368  14.183 0.0000000000
114418  -47.452  38.290  14.485 0.0000000000
126602  -35.300  54.257  -2.298 0.0000000000
125960  -37.150  53.676  -2.723 0.0000000000
126621  -43.302  54.359  -3.083 0.0000000000
127346  -44.125  55.066  -5.202 0.0000000000
126661  -45.473  54.680  -5.053 0.0000000000
126662  -46.442  54.253  -4.931 0.0000000000
126663  -46.933  53.942  -4.858 0.0000000000
126013  -46.725  53.374  -5.072 0.0000000000
125369  -46.423  52.502  -5.216 0.0000000000
121735  -44.694  47.375  12.534 0.0000000000
120965  -46.791  46.197  12.514 0.0000000000
123987  -40.184  50.826  7.688 0.0000000000
123999  -45.030  50.772  5.772 0.0000000000
123998  -43.758  50.631  6.171 0.0000000000
123334  -44.367  49.645  6.207 0.0000000000
122594  -43.882  48.762  6.660 0.0000000000
121807  -43.812  47.888  7.007 0.0000000000
121819  -44.603  47.701  6.654 0.0000000000
121808  -44.622  47.017  7.433 0.0000000000
121794  -44.392  47.165  8.647 0.0000000000
121776  -44.768  47.337  9.656 0.0000000000
121777  -45.780  47.383  10.050 0.0000000000
121763  -47.024  48.006  10.631 0.0000000000
121778  -46.739  47.488  10.120 0.0000000000
121012  -47.614  46.994  9.710 0.0000000000
121013  -48.582  46.512  9.983 0.0000000000
120227  -48.239  46.382  9.353 0.0000000000
119459  -49.851  44.059  10.317 0.0000000000
118668  -49.702  43.714  10.023 0.0000000000
118667  -49.509  43.509  9.801 0.0000000000
117809  -49.091  43.297  9.606 0.0000000000
117808  -48.499  43.146  9.378 0.0000000000
118673  -48.322  43.146  8.986 0.0000000000
117814  -47.977  43.204  8.462 0.0000000000
117915  -47.346  42.644  2.547 0.0000000000
117932  -46.374  42.339  1.718 0.0000000000
117894  -44.581  42.287  2.981 0.0000000000
117873  -43.697  42.613  4.170 0.0000000000
117854  -42.794  42.428  4.998 0.0000000000
116182  -41.553  40.956  5.779 0.0000000000
126526  -41.392  54.429  2.952 0.0000000000
125864  -41.241  53.926  3.875 0.0000000000
126513  -41.555  54.428  3.532 0.0000000000
127173  -42.052  54.734  5.043 0.0000000000
127161  -42.511  54.676  5.520 0.0000000000
126490  -42.967  54.561  5.580 0.0000000000
125841  -43.594  53.431  5.587 0.0000000000
125243  -44.222  52.705  5.415 0.0000000000
127861  -45.426  56.225  4.090 0.0000000000
127177  -45.729  55.578  4.639 0.0000000000
126494  -46.779  54.421  5.213 0.0000000000
126493  -45.839  54.419  5.418 0.0000000000
125843  -45.532  53.620  5.451 0.0000000000
125244  -45.200  52.766  5.415 0.0000000000
124642  -44.830  51.859  5.580 0.0000000000
123337  -47.262  50.048  5.767 0.0000000000
122597  -47.033  49.180  5.726 0.0000000000
122601  -46.455  47.907  5.598 0.0000000000
121828  -46.638  47.175  5.650 0.0000000000
121057  -47.518  46.374  5.664 0.0000000000
120257  -48.620  45.624  5.030 0.0000000000
121071  -48.999  45.737  3.873 0.0000000000
120276  -49.293  45.069  3.512 0.0000000000
120296  -48.720  44.977  2.551 0.0000000000
119520  -47.805  44.139  2.073 0.0000000000
123372  -48.134  49.763  3.879 0.0000000000
122623  -48.261  48.835  3.738 0.0000000000
121855  -47.698  47.552  3.541 0.0000000000
111745  -48.334  35.999  14.411 0.0000000000
110826  -51.056  34.815  12.777 0.0000000000
111767  -51.737  35.382  14.036 0.0000000000
111768  -52.503  36.110  14.168 0.0000000000
111750  -52.477  36.555  14.654 0.0000000000
112582  -51.722  36.552  15.568 0.0000000000
112572  -52.252  37.069  16.459 0.0000000000
112583  -52.750  37.108  15.349 0.0000000000
113502  -53.703  37.967  15.491 0.0000000000
114405  -53.302  38.574  15.607 0.0000000000
115261  -52.743  38.857  15.362 0.0000000000
125310  -34.476  52.518  -0.781 0.0000000000
125300  -33.721  52.228  -0.008 0.0000000000
124689  -34.408  51.742  1.759 0.0000000000
124678  -34.899  51.375  2.545 0.0000000000
124660  -35.458  51.061  3.523 0.0000000000
124679  -35.967  51.793  2.606 0.0000000000
124680  -36.991  51.853  2.740 0.0000000000
124681  -37.651  52.083  2.704 0.0000000000
125903  -37.368  52.873  1.276 0.0000000000
125291  -37.529  52.598  1.993 0.0000000000
125277  -38.757  52.571  2.577 0.0000000000
125278  -39.273  52.612  2.810 0.0000000000
125877  -39.569  53.114  2.486 0.0000000000
125878  -40.506  53.733  2.706 0.0000000000
125923  -38.819  53.244  0.086 0.0000000000
125315  -39.991  52.933  -0.760 0.0000000000
125924  -39.728  53.280  -0.046 0.0000000000
125906  -39.517  53.595  0.696 0.0000000000
126524  -40.203  53.993  2.020 0.0000000000
126525  -41.009  54.466  2.456 0.0000000000
127211  -41.391  54.721  2.423 0.0000000000
127248  -41.939  55.343  1.018 0.0000000000
127232  -42.450  55.854  1.390 0.0000000000
127889  -43.098  56.513  1.750 0.0000000000
127890  -43.877  57.087  2.006 0.0000000000
128663  -44.478  57.290  1.224 0.0000000000
126607  -43.607  54.803  -2.671 0.0000000000
127279  -43.821  55.959  -1.532 0.0000000000
127294  -44.608  56.374  -2.983 0.0000000000
127967  -44.301  56.369  -1.979 0.0000000000
127929  -44.054  56.722  -0.936 0.0000000000
128697  -44.151  57.029  -0.280 0.0000000000
128664  -45.297  57.275  1.320 0.0000000000
128683  -46.497  56.625  0.652 0.0000000000
128721  -47.074  56.985  -0.943 0.0000000000
127916  -46.873  56.497  -0.029 0.0000000000
127252  -46.832  55.881  0.111 0.0000000000
127266  -46.580  55.606  -0.154 0.0000000000
126595  -47.156  54.833  -1.961 0.0000000000
125950  -46.840  54.456  -2.564 0.0000000000
126014  -47.258  53.398  -4.824 0.0000000000
126015  -47.544  53.107  -4.551 0.0000000000
125356  -47.708  52.462  -4.485 0.0000000000
115275  -45.888  39.566  13.215 0.0000000000
116115  -45.323  39.993  12.752 0.0000000000
116084  -47.302  40.362  14.146 0.0000000000
116085  -47.671  40.555  14.654 0.0000000000
119434  -44.358  44.306  11.301 0.0000000000
118626  -45.681  43.459  12.106 0.0000000000
117760  -46.634  42.855  12.906 0.0000000000
117747  -46.743  42.399  13.279 0.0000000000
116910  -47.505  41.319  14.246 0.0000000000
116070  -48.277  41.044  15.339 0.0000000000
116071  -48.770  40.719  15.812 0.0000000000
116054  -49.530  40.847  16.354 0.0000000000
116039  -50.759  40.587  16.915 0.0000000000
118587  -49.385  42.545  15.661 0.0000000000
116876  -50.272  41.373  16.538 0.0000000000
116040  -51.065  40.460  17.164 0.0000000000
116057  -52.069  40.405  16.628 0.0000000000
116074  -52.305  40.152  15.707 0.0000000000
116089  -52.212  39.722  15.479 0.0000000000
123252  -40.999  50.036  14.986 0.0000000000
123244  -41.608  50.162  15.212 0.0000000000
125830  -40.753  53.416  6.756 0.0000000000
126468  -41.918  54.081  7.086 0.0000000000
125823  -41.486  53.576  7.564 0.0000000000
125822  -40.922  53.282  7.542 0.0000000000
125216  -40.813  52.558  7.885 0.0000000000
124610  -41.122  51.915  8.345 0.0000000000
123997  -42.805  50.802  6.689 0.0000000000
123332  -42.655  50.268  7.268 0.0000000000
123988  -42.431  51.010  7.576 0.0000000000
122571  -42.708  49.486  8.422 0.0000000000
123276  -42.486  50.020  12.042 0.0000000000
123954  -43.046  50.619  11.451 0.0000000000
123264  -42.547  50.482  13.051 0.0000000000
123254  -42.244  50.418  13.715 0.0000000000
123914  -42.344  50.672  14.625 0.0000000000
123897  -42.507  50.301  15.303 0.0000000000
123898  -43.384  50.584  15.443 0.0000000000
123232  -44.789  49.668  15.417 0.0000000000
122502  -45.408  49.504  14.707 0.0000000000
123919  -46.308  50.307  14.037 0.0000000000
123257  -45.940  49.711  14.364 0.0000000000
122516  -45.775  48.974  14.006 0.0000000000
120966  -47.535  46.459  12.592 0.0000000000
122553  -47.356  48.465  11.194 0.0000000000
121750  -47.799  48.138  11.393 0.0000000000
122543  -47.963  48.454  11.878 0.0000000000
120983  -48.895  46.467  11.101 0.0000000000
120982  -48.527  46.903  11.712 0.0000000000
121739  -48.066  47.855  12.233 0.0000000000
120967  -48.121  46.771  12.343 0.0000000000
120193  -48.162  45.616  12.467 0.0000000000
118616  -49.253  43.600  13.520 0.0000000000
117738  -50.691  42.351  14.576 0.0000000000
117739  -51.347  41.567  15.033 0.0000000000
116088  -51.722  40.162  15.079 0.0000000000
115259  -51.393  39.638  14.856 0.0000000000
114420  -51.054  39.104  14.425 0.0000000000
114436  -50.807  38.627  13.735 0.0000000000
114449  -50.582  38.185  12.970 0.0000000000
115277  -49.699  40.164  13.410 0.0000000000
114435  -49.968  39.054  13.376 0.0000000000
114448  -49.698  38.536  12.665 0.0000000000
114462  -49.392  38.009  11.940 0.0000000000
117803  -49.160  43.116  11.227 0.0000000000
117782  -48.977  42.641  11.371 0.0000000000
116138  -48.490  40.836  11.884 0.0000000000
116945  -48.045  41.881  10.964 0.0000000000
116137  -47.911  41.287  11.198 0.0000000000
114460  -47.825  38.971  11.286 0.0000000000
113553  -48.033  37.667  9.933 0.0000000000
114473  -47.184  38.065  9.644 0.0000000000
114481  -47.045  37.839  8.710 0.0000000000
119474  -49.037  44.804  5.855 0.0000000000
117841  -49.389  42.765  6.565 0.0000000000
117823  -48.040  42.911  7.243 0.0000000000
117813  -46.916  43.019  8.033 0.0000000000
117897  -47.584  42.536  3.377 0.0000000000
118697  -45.379  43.197  5.537 0.0000000000
118698  -46.359  43.076  5.703 0.0000000000
118699  -47.258  42.838  5.820 0.0000000000
118678  -46.578  43.147  7.483 0.0000000000
117805  -46.356  42.776  8.677 0.0000000000
116969  -45.215  41.672  8.920 0.0000000000
115324  -44.625  39.918  8.275 0.0000000000
110817  -51.539  35.044  13.275 0.0000000000
112564  -52.735  37.439  16.871 0.0000000000
112565  -53.107  37.638  16.621 0.0000000000
112571  -51.308  36.904  16.276 0.0000000000
112574  -53.230  37.669  16.454 0.0000000000
112584  -53.329  37.485  15.136 0.0000000000
112612  -53.180  36.909  13.684 0.0000000000
113451  -52.659  37.905  17.222 0.0000000000
113452  -53.083  38.071  17.097 0.0000000000
113462  -51.978  37.849  17.360 0.0000000000
113463  -52.508  37.702  17.205 0.0000000000
113464  -53.009  37.857  16.947 0.0000000000
113476  -51.646  37.332  17.039 0.0000000000
113477  -53.397  37.601  16.072 0.0000000000
113478  -53.458  37.851  16.311 0.0000000000
113479  -53.680  38.097  16.083 0.0000000000
113492  -53.244  37.472  15.883 0.0000000000
113493  -53.500  37.668  15.644 0.0000000000
113494  -53.704  38.056  15.833 0.0000000000
113501  -53.546  37.838  14.959 0.0000000000
114367  -52.373  38.484  17.354 0.0000000000
114368  -52.592  38.252  17.224 0.0000000000
114369  -52.784  38.072  17.193 0.0000000000
114376  -51.090  39.116  17.339 0.0000000000
114377  -51.959  38.770  17.553 0.0000000000
114378  -52.534  38.749  17.031 0.0000000000
114379  -52.830  38.196  17.025 0.0000000000
114388  -52.718  38.831  16.605 0.0000000000
114390  -53.505  38.298  16.160 0.0000000000
114406  -53.613  38.284  15.862 0.0000000000
114423  -53.338  38.417  15.069 0.0000000000
114424  -53.622  38.193  15.486 0.0000000000
115220  -50.873  40.009  17.125 0.0000000000
115230  -52.454  39.468  16.472 0.0000000000
115232  -53.241  38.525  16.260 0.0000000000
115238  -48.150  40.089  15.249 0.0000000000
115241  -52.440  39.811  16.057 0.0000000000
115242  -52.641  39.196  15.873 0.0000000000
115243  -53.274  38.613  16.008 0.0000000000
115256  -47.166  39.747  14.121 0.0000000000
115260  -52.023  39.107  15.221 0.0000000000
116041  -51.731  40.260  17.054 0.0000000000
116055  -50.321  40.454  16.766 0.0000000000
116056  -51.558  40.723  16.762 0.0000000000
116072  -49.226  40.085  16.073 0.0000000000
116073  -52.287  40.309  16.072 0.0000000000
116100  -49.807  41.123  13.149 0.0000000000
116139  -48.915  41.026  12.244 0.0000000000
116857  -50.561  40.866  16.747 0.0000000000
116858  -50.788  40.960  16.780 0.0000000000
116874  -49.043  41.891  15.969 0.0000000000
116878  -51.634  40.960  16.407 0.0000000000
116890  -48.646  41.633  15.611 0.0000000000
116892  -51.917  40.909  15.881 0.0000000000
116893  -52.063  40.797  15.526 0.0000000000
116898  -48.226  41.556  15.025 0.0000000000
116899  -48.529  41.907  15.327 0.0000000000
116902  -51.438  41.101  14.913 0.0000000000
116903  -52.126  40.993  15.312 0.0000000000
116913  -52.944  41.461  15.076 0.0000000000
116914  -53.130  41.538  14.938 0.0000000000
116926  -53.208  41.780  14.837 0.0000000000
116927  -53.211  41.907  14.544 0.0000000000
116961  -48.137  42.194  10.823 0.0000000000
117716  -48.927  42.151  15.743 0.0000000000
117717  -49.283  42.219  15.906 0.0000000000
117718  -49.850  42.280  15.999 0.0000000000
117727  -48.717  42.139  15.480 0.0000000000
117729  -51.091  41.845  15.616 0.0000000000
117731  -51.968  41.071  15.479 0.0000000000
117740  -51.926  41.427  15.093 0.0000000000
117750  -52.937  41.674  14.753 0.0000000000
117751  -53.249  41.854  15.631 0.0000000000
117762  -53.282  42.002  15.041 0.0000000000
117763  -53.329  41.969  14.779 0.0000000000
117778  -42.521  42.340  10.817 0.0000000000
117780  -44.268  42.598  11.758 0.0000000000
117807  -47.666  42.907  9.589 0.0000000000
117819  -43.872  42.610  7.101 0.0000000000
117821  -45.166  42.958  7.574 0.0000000000
117838  -47.328  42.921  6.539 0.0000000000
117855  -43.368  42.807  5.217 0.0000000000
117878  -48.607  42.317  4.493 0.0000000000
117916  -48.026  42.578  3.018 0.0000000000
117933  -46.781  42.482  2.061 0.0000000000
118586  -49.090  42.458  15.618 0.0000000000
118594  -48.808  42.471  15.303 0.0000000000
118597  -52.220  41.615  14.907 0.0000000000
118598  -51.804  41.669  15.068 0.0000000000
118607  -52.509  42.055  14.997 0.0000000000
118608  -52.474  42.089  15.333 0.0000000000
118618  -52.949  42.566  15.187 0.0000000000
118619  -52.897  42.194  15.654 0.0000000000
118627  -46.655  43.401  12.690 0.0000000000
118631  -53.188  42.284  15.038 0.0000000000
118632  -53.181  42.213  15.271 0.0000000000
118643  -45.159  43.504  11.780 0.0000000000
118661  -42.778  43.350  10.767 0.0000000000
118662  -49.383  43.572  10.292 0.0000000000
118665  -48.067  43.136  9.307 0.0000000000
118670  -46.157  43.132  7.835 0.0000000000
118671  -46.366  43.065  7.955 0.0000000000
118682  -44.012  43.318  5.843 0.0000000000
118686  -47.322  42.880  6.299 0.0000000000
118696  -44.541  43.240  5.366 0.0000000000
118713  -45.210  42.881  4.684 0.0000000000
118726  -48.897  42.603  3.204 0.0000000000
118727  -49.258  42.697  3.655 0.0000000000
119451  -41.903  43.907  10.463 0.0000000000
119522  -49.202  43.228  2.953 0.0000000000
120231  -46.177  46.187  8.576 0.0000000000
120232  -46.542  46.211  8.646 0.0000000000
120237  -46.126  46.039  8.307 0.0000000000
121009  -45.053  46.921  9.434 0.0000000000
121010  -45.467  46.881  9.462 0.0000000000
121029  -47.338  46.618  9.234 0.0000000000
121104  -48.640  45.608  2.982 0.0000000000
121748  -44.980  46.829  12.118 0.0000000000
121749  -45.260  46.962  12.278 0.0000000000
121762  -46.177  47.973  10.705 0.0000000000
121764  -47.683  47.639  10.665 0.0000000000
122487  -43.164  49.239  15.946 0.0000000000
122488  -45.112  49.272  15.150 0.0000000000
122489  -45.180  49.555  15.123 0.0000000000
122498  -40.481  49.946  15.131 0.0000000000
122501  -45.120  48.983  14.754 0.0000000000
122519  -47.666  48.524  12.483 0.0000000000
122530  -47.560  49.138  12.416 0.0000000000
122531  -47.757  48.714  12.274 0.0000000000
122537  -41.889  49.030  12.068 0.0000000000
122542  -47.640  48.913  11.716 0.0000000000
123231  -43.791  49.654  15.777 0.0000000000
123233  -45.305  49.940  14.990 0.0000000000
123246  -44.782  48.988  15.308 0.0000000000
123247  -45.698  50.101  14.612 0.0000000000
123248  -46.082  50.168  14.282 0.0000000000
123255  -44.254  48.898  15.220 0.0000000000
123258  -46.552  49.747  14.003 0.0000000000
123265  -44.905  50.532  12.454 0.0000000000
123267  -46.018  50.339  12.365 0.0000000000
123269  -47.633  49.294  12.213 0.0000000000
123275  -42.250  49.527  11.720 0.0000000000
123277  -44.815  50.268  12.123 0.0000000000
123278  -45.707  49.981  12.104 0.0000000000
123280  -47.454  49.756  12.072 0.0000000000
123296  -40.962  49.089  9.331 0.0000000000
123298  -42.885  50.074  9.530 0.0000000000
123350  -48.611  50.468  4.954 0.0000000000
123360  -48.768  50.636  4.659 0.0000000000
123900  -45.084  50.495  15.007 0.0000000000
123916  -43.873  51.580  15.181 0.0000000000
123917  -44.714  51.352  14.829 0.0000000000
123918  -45.646  50.803  14.225 0.0000000000
123928  -42.319  50.586  14.145 0.0000000000
123929  -42.814  51.117  13.832 0.0000000000
123932  -47.110  49.955  13.017 0.0000000000
123943  -44.803  50.918  12.574 0.0000000000
123944  -45.623  50.693  12.751 0.0000000000
123946  -47.133  50.066  12.635 0.0000000000
123957  -47.046  50.126  12.164 0.0000000000
123969  -43.985  50.673  11.308 0.0000000000
124003  -48.107  51.162  5.529 0.0000000000
124015  -45.427  51.462  5.645 0.0000000000
124017  -46.463  51.120  5.767 0.0000000000
124558  -43.253  51.946  14.662 0.0000000000
124559  -43.514  52.184  14.741 0.0000000000
124576  -43.754  52.507  13.991 0.0000000000
124578  -45.214  51.620  13.530 0.0000000000
124585  -43.409  51.874  13.526 0.0000000000
124587  -44.735  51.855  12.906 0.0000000000
124631  -47.435  51.432  5.694 0.0000000000
124641  -43.909  52.004  5.602 0.0000000000
124643  -45.739  51.982  5.547 0.0000000000
124646  -48.720  51.684  5.282 0.0000000000
124670  -48.516  51.846  3.794 0.0000000000
124671  -49.033  52.012  4.213 0.0000000000
125217  -41.402  52.620  8.114 0.0000000000
125234  -47.228  52.011  5.678 0.0000000000
125235  -47.750  51.949  5.585 0.0000000000
125236  -48.241  51.933  5.470 0.0000000000
125255  -49.035  52.644  4.607 0.0000000000
125259  -38.299  52.119  2.903 0.0000000000
125261  -39.736  52.566  3.257 0.0000000000
125262  -40.084  52.641  3.815 0.0000000000
125276  -37.967  52.536  2.284 0.0000000000
125290  -37.096  52.606  1.689 0.0000000000
125316  -40.477  53.076  -0.860 0.0000000000
125321  -33.794  53.367  -1.453 0.0000000000
125349  -41.672  53.000  -2.913 0.0000000000
125813  -40.926  53.058  7.872 0.0000000000
125815  -41.612  53.137  7.844 0.0000000000
125847  -48.501  53.050  5.259 0.0000000000
125855  -48.431  53.620  5.202 0.0000000000
125865  -46.058  53.173  3.039 0.0000000000
125869  -48.762  53.361  4.240 0.0000000000
125875  -38.066  52.737  2.018 0.0000000000
125886  -37.419  52.762  1.554 0.0000000000
125887  -37.810  52.836  1.730 0.0000000000
125941  -35.640  53.237  -2.039 0.0000000000
125945  -43.245  54.253  -1.867 0.0000000000
125964  -43.380  54.461  -2.278 0.0000000000
125967  -46.592  53.783  -3.259 0.0000000000
125996  -47.444  53.765  -4.399 0.0000000000
126479  -42.513  54.157  6.188 0.0000000000
126496  -48.202  53.901  5.309 0.0000000000
126505  -47.399  54.556  4.887 0.0000000000
126507  -48.640  53.740  4.585 0.0000000000
126540  -40.188  53.961  1.516 0.0000000000
126557  -40.959  54.278  0.620 0.0000000000
126577  -46.814  55.190  -1.364 0.0000000000
126590  -43.180  54.352  -1.402 0.0000000000
126603  -35.878  54.604  -2.452 0.0000000000
126606  -43.338  54.402  -2.629 0.0000000000
126642  -45.717  55.255  -4.741 0.0000000000
126660  -44.412  54.562  -5.297 0.0000000000
127151  -41.905  54.541  6.131 0.0000000000
127178  -46.529  55.235  4.620 0.0000000000
127179  -47.098  55.017  4.531 0.0000000000
127216  -47.634  54.935  3.340 0.0000000000
127234  -46.875  55.860  0.650 0.0000000000
127250  -43.177  55.841  0.163 0.0000000000
127313  -46.908  55.881  -3.673 0.0000000000
127314  -47.274  55.608  -3.310 0.0000000000
127331  -44.902  55.790  -4.244 0.0000000000
127332  -45.795  55.665  -4.365 0.0000000000
127334  -47.150  55.462  -3.947 0.0000000000
127863  -46.604  55.652  4.124 0.0000000000
127880  -47.391  55.313  3.566 0.0000000000
127881  -47.593  55.103  3.558 0.0000000000
127904  -46.962  56.041  0.390 0.0000000000
127931  -47.018  56.740  -0.430 0.0000000000
127948  -44.149  56.505  -1.538 0.0000000000
127949  -44.439  56.832  -1.661 0.0000000000
128005  -45.647  56.061  -3.784 0.0000000000
128628  -44.693  57.089  2.603 0.0000000000
128647  -44.734  57.212  2.152 0.0000000000
128649  -46.070  56.577  2.232 0.0000000000
128701  -47.076  56.868  -0.635 0.0000000000
128718  -44.909  57.269  -1.729 0.0000000000
128733  -45.110  57.147  -2.284 0.0000000000
128734  -45.556  57.115  -2.051 0.0000000000
