#!ascii label  , from subject la02 vox2ras=TkReg
395
139510  -34.777  -7.035  -15.373 0.0000000000
69617  -27.426  -11.362  -17.230 0.0000000000
65956  -30.502  -13.691  -17.192 0.0000000000
64785  -27.194  -14.616  -14.415 0.0000000000
87732  -28.245  7.186  -26.432 0.0000000000
82267  -31.357  1.325  -23.651 0.0000000000
72977  -33.189  -7.083  -24.462 0.0000000000
62481  -25.831  -16.280  -12.009 0.0000000000
65966  -26.070  -13.155  -17.183 0.0000000000
65933  -24.308  -13.466  -15.397 0.0000000000
86092  -29.820  5.159  -24.877 0.0000000000
82276  -28.366  1.524  -24.045 0.0000000000
138949  -34.947  -5.938  -14.944 0.0000000000
139635  -33.787  -6.902  -18.824 0.0000000000
139679  -34.864  -7.409  -21.209 0.0000000000
72988  -34.873  -7.200  -27.063 0.0000000000
139458  -35.927  -5.673  -21.309 0.0000000000
72953  -32.635  -8.974  -17.014 0.0000000000
139022  -35.846  -7.959  -13.712 0.0000000000
70765  -29.723  -10.980  -16.775 0.0000000000
69621  -31.017  -11.313  -17.966 0.0000000000
65982  -29.316  -12.964  -18.324 0.0000000000
64806  -29.143  -14.274  -15.538 0.0000000000
64745  -29.308  -14.299  -13.057 0.0000000000
139760  -31.648  -2.373  -24.449 0.0000000000
139767  -32.608  -3.389  -25.016 0.0000000000
139730  -32.418  -3.042  -25.084 0.0000000000
64781  -23.562  -13.751  -13.540 0.0000000000
63670  -26.297  -15.690  -13.202 0.0000000000
67193  -23.756  -12.417  -16.343 0.0000000000
67180  -22.573  -12.376  -15.211 0.0000000000
84194  -27.158  3.147  -25.005 0.0000000000
82274  -27.284  0.898  -24.314 0.0000000000
139486  -35.107  -6.799  -14.887 0.0000000000
138992  -33.948  -6.890  -15.811 0.0000000000
139142  -34.445  -6.080  -17.134 0.0000000000
139568  -35.403  -6.534  -21.118 0.0000000000
139242  -35.100  -5.786  -18.065 0.0000000000
139406  -35.190  -6.022  -17.202 0.0000000000
70764  -28.494  -11.157  -16.838 0.0000000000
138969  -34.694  -7.873  -14.000 0.0000000000
69618  -28.620  -11.526  -17.451 0.0000000000
68417  -28.962  -12.134  -18.004 0.0000000000
67236  -27.773  -12.605  -17.763 0.0000000000
65935  -26.380  -13.770  -15.779 0.0000000000
65953  -27.596  -13.709  -16.739 0.0000000000
64805  -28.326  -14.312  -15.361 0.0000000000
64787  -29.045  -14.361  -14.581 0.0000000000
64786  -28.135  -14.543  -14.480 0.0000000000
86978  -26.536  6.728  -27.109 0.0000000000
87747  -26.020  7.478  -27.091 0.0000000000
88553  -27.328  8.479  -27.508 0.0000000000
89542  -28.461  9.881  -28.336 0.0000000000
88540  -29.770  8.147  -26.833 0.0000000000
84184  -30.354  3.459  -24.087 0.0000000000
139655  -33.268  -7.697  -22.042 0.0000000000
139584  -32.742  -6.227  -22.412 0.0000000000
75025  -32.783  -4.992  -24.179 0.0000000000
139773  -32.527  -3.531  -24.671 0.0000000000
75030  -32.873  -5.308  -25.165 0.0000000000
74055  -36.104  -6.720  -25.994 0.0000000000
139770  -33.673  -4.135  -26.342 0.0000000000
139763  -34.699  -3.496  -25.790 0.0000000000
65972  -31.268  -13.154  -18.737 0.0000000000
68421  -31.797  -11.795  -17.819 0.0000000000
62479  -24.604  -15.728  -12.142 0.0000000000
63668  -24.636  -15.111  -12.799 0.0000000000
64764  -25.004  -14.572  -13.323 0.0000000000
63648  -25.714  -16.006  -12.644 0.0000000000
69609  -25.926  -11.207  -17.228 0.0000000000
67222  -26.648  -12.294  -18.061 0.0000000000
67207  -25.289  -12.357  -17.304 0.0000000000
65951  -25.592  -13.299  -16.515 0.0000000000
65917  -25.983  -13.839  -15.093 0.0000000000
86957  -27.572  6.471  -26.418 0.0000000000
86958  -28.729  6.748  -26.102 0.0000000000
86098  -27.682  5.009  -25.636 0.0000000000
84196  -28.702  3.585  -24.388 0.0000000000
83249  -29.575  1.901  -23.576 0.0000000000
138964  -33.784  -5.924  -15.263 0.0000000000
139580  -33.737  -6.784  -16.811 0.0000000000
139636  -34.334  -7.215  -20.105 0.0000000000
139689  -33.798  -8.377  -22.544 0.0000000000
72978  -33.860  -7.565  -24.965 0.0000000000
72963  -34.982  -8.383  -23.642 0.0000000000
74049  -36.012  -7.063  -24.685 0.0000000000
75979  -36.758  -6.094  -23.820 0.0000000000
139284  -35.375  -5.644  -17.880 0.0000000000
62444  -26.059  -16.932  -10.836 0.0000000000
62466  -26.590  -16.377  -11.436 0.0000000000
139037  -35.491  -7.834  -13.854 0.0000000000
139535  -35.253  -7.892  -13.922 0.0000000000
71821  -31.988  -9.802  -15.757 0.0000000000
71823  -30.722  -10.880  -16.834 0.0000000000
69620  -30.156  -11.495  -18.106 0.0000000000
67238  -29.926  -12.689  -19.249 0.0000000000
65970  -29.824  -13.466  -18.051 0.0000000000
65980  -27.147  -13.202  -17.906 0.0000000000
65954  -28.593  -13.697  -16.955 0.0000000000
64820  -29.957  -13.996  -16.547 0.0000000000
64788  -29.812  -14.057  -14.819 0.0000000000
64769  -29.865  -14.185  -13.575 0.0000000000
86945  -31.165  6.290  -25.921 0.0000000000
139658  -29.144  -1.199  -23.262 0.0000000000
139712  -28.933  0.512  -23.018 0.0000000000
139728  -30.615  1.013  -22.984 0.0000000000
139775  -33.035  -3.990  -26.026 0.0000000000
139751  -31.363  -0.591  -24.204 0.0000000000
70768  -31.546  -10.925  -17.130 0.0000000000
70769  -31.977  -10.481  -17.069 0.0000000000
65931  -22.471  -12.904  -14.657 0.0000000000
64802  -23.978  -13.652  -14.671 0.0000000000
64783  -25.237  -14.134  -14.054 0.0000000000
64766  -26.806  -15.098  -13.724 0.0000000000
63630  -27.485  -16.111  -11.464 0.0000000000
63650  -27.817  -15.545  -12.498 0.0000000000
64767  -27.886  -15.046  -13.423 0.0000000000
139659  -27.122  0.033  -24.082 0.0000000000
139620  -34.951  -7.228  -14.827 0.0000000000
139320  -34.165  -6.359  -17.006 0.0000000000
139511  -34.817  -6.599  -15.867 0.0000000000
70771  -28.315  -10.978  -15.670 0.0000000000
68416  -27.858  -12.125  -17.737 0.0000000000
68415  -26.991  -11.843  -17.958 0.0000000000
64804  -27.380  -14.188  -15.307 0.0000000000
86979  -27.184  7.136  -26.929 0.0000000000
87749  -27.838  7.691  -26.893 0.0000000000
88554  -28.247  8.537  -27.412 0.0000000000
88555  -29.158  8.556  -27.150 0.0000000000
87733  -29.005  7.609  -26.651 0.0000000000
83262  -31.258  2.478  -23.991 0.0000000000
84185  -31.427  3.678  -24.641 0.0000000000
82278  -31.790  1.576  -24.447 0.0000000000
81181  -31.786  0.404  -24.421 0.0000000000
72969  -32.958  -7.291  -23.186 0.0000000000
74042  -32.698  -6.410  -23.219 0.0000000000
74047  -32.699  -5.629  -23.143 0.0000000000
74048  -32.703  -6.256  -24.024 0.0000000000
75026  -32.830  -5.708  -24.604 0.0000000000
74054  -33.068  -6.184  -24.958 0.0000000000
75038  -36.173  -5.989  -25.867 0.0000000000
74065  -35.582  -5.238  -27.171 0.0000000000
65971  -30.653  -13.542  -18.432 0.0000000000
65957  -31.322  -13.170  -17.540 0.0000000000
62465  -25.872  -16.547  -11.461 0.0000000000
62464  -25.151  -16.339  -11.493 0.0000000000
62480  -25.132  -15.918  -12.068 0.0000000000
63647  -24.975  -15.588  -12.468 0.0000000000
63669  -25.424  -15.391  -13.007 0.0000000000
69608  -25.235  -11.083  -16.668 0.0000000000
68400  -25.516  -11.863  -17.556 0.0000000000
68386  -24.915  -11.922  -17.130 0.0000000000
67182  -24.159  -12.926  -16.102 0.0000000000
67194  -24.741  -12.589  -16.680 0.0000000000
65950  -24.780  -13.244  -16.136 0.0000000000
65934  -25.359  -13.626  -15.669 0.0000000000
86117  -27.079  5.125  -26.289 0.0000000000
86941  -27.781  5.567  -25.728 0.0000000000
85148  -26.858  4.522  -25.940 0.0000000000
84180  -27.596  2.538  -24.727 0.0000000000
84195  -28.121  3.428  -24.819 0.0000000000
84182  -28.716  2.802  -24.114 0.0000000000
84169  -29.464  2.593  -23.739 0.0000000000
83248  -28.993  2.009  -23.791 0.0000000000
139116  -33.832  -6.113  -15.838 0.0000000000
139606  -34.411  -7.000  -19.908 0.0000000000
139677  -34.528  -7.442  -20.784 0.0000000000
139652  -34.209  -8.006  -21.673 0.0000000000
139691  -34.935  -7.592  -21.812 0.0000000000
72971  -34.302  -8.533  -23.682 0.0000000000
139512  -35.402  -6.254  -20.756 0.0000000000
139710  -35.662  -6.929  -22.593 0.0000000000
75027  -36.504  -6.531  -23.995 0.0000000000
139344  -36.076  -5.261  -20.862 0.0000000000
139285  -36.009  -5.332  -20.351 0.0000000000
139457  -34.684  -6.746  -16.012 0.0000000000
71834  -32.520  -9.407  -17.061 0.0000000000
61312  -26.346  -17.422  -10.177 0.0000000000
61313  -27.245  -17.176  -9.946 0.0000000000
138978  -36.117  -7.829  -12.745 0.0000000000
71822  -30.828  -10.821  -16.608 0.0000000000
70766  -30.349  -11.094  -17.254 0.0000000000
67225  -29.456  -12.673  -18.525 0.0000000000
65996  -29.754  -13.030  -19.091 0.0000000000
65983  -30.042  -13.371  -18.983 0.0000000000
67208  -26.053  -12.567  -17.686 0.0000000000
67209  -26.817  -12.773  -18.009 0.0000000000
65967  -26.855  -13.277  -17.527 0.0000000000
64818  -28.439  -14.106  -16.199 0.0000000000
65955  -29.500  -13.799  -17.198 0.0000000000
64819  -29.247  -14.096  -16.408 0.0000000000
64807  -29.863  -14.043  -15.758 0.0000000000
64768  -28.831  -14.460  -13.659 0.0000000000
86943  -29.467  6.161  -25.622 0.0000000000
86959  -29.721  6.826  -26.221 0.0000000000
86944  -30.398  6.224  -25.760 0.0000000000
77933  -32.225  -2.395  -23.745 0.0000000000
78896  -31.947  -2.257  -24.224 0.0000000000
139768  -32.307  -2.986  -24.309 0.0000000000
139720  -30.359  0.451  -22.749 0.0000000000
72979  -34.658  -7.952  -25.598 0.0000000000
72986  -33.448  -6.754  -25.417 0.0000000000
72987  -33.961  -6.771  -26.403 0.0000000000
139771  -31.937  -2.917  -26.026 0.0000000000
70767  -30.953  -11.054  -17.358 0.0000000000
71832  -31.927  -10.043  -15.757 0.0000000000
64763  -24.296  -14.307  -13.095 0.0000000000
65894  -22.771  -13.511  -13.141 0.0000000000
65914  -22.737  -13.366  -14.088 0.0000000000
65932  -23.234  -13.214  -14.917 0.0000000000
64801  -23.549  -13.608  -14.268 0.0000000000
64765  -25.897  -14.797  -13.466 0.0000000000
64784  -26.214  -14.195  -14.257 0.0000000000
63629  -26.907  -16.197  -11.766 0.0000000000
63672  -27.658  -15.456  -13.058 0.0000000000
68385  -24.150  -11.811  -16.685 0.0000000000
68384  -23.374  -11.937  -16.370 0.0000000000
67192  -23.105  -12.275  -15.990 0.0000000000
67181  -23.441  -12.827  -15.739 0.0000000000
85121  -26.569  4.044  -25.633 0.0000000000
83267  -26.484  2.316  -24.900 0.0000000000
83258  -27.297  2.209  -24.637 0.0000000000
82275  -27.782  1.349  -24.273 0.0000000000
139052  -35.160  -6.703  -14.915 0.0000000000
139567  -34.740  -6.466  -19.882 0.0000000000
139607  -35.100  -6.779  -20.808 0.0000000000
71833  -31.730  -9.691  -17.101 0.0000000000
139115  -30.678  -10.958  -14.581 0.0000000000
69619  -29.497  -11.480  -17.745 0.0000000000
68429  -28.145  -12.321  -17.703 0.0000000000
67224  -28.482  -12.569  -17.882 0.0000000000
65952  -26.579  -13.556  -16.694 0.0000000000
65936  -27.142  -13.841  -16.109 0.0000000000
64817  -27.771  -14.070  -15.965 0.0000000000
86133  -25.986  5.944  -27.381 0.0000000000
87748  -26.858  7.668  -27.183 0.0000000000
89528  -27.868  9.180  -27.997 0.0000000000
88556  -30.112  8.719  -27.138 0.0000000000
85106  -30.360  4.585  -24.673 0.0000000000
85125  -30.923  4.952  -25.100 0.0000000000
85107  -31.133  4.468  -24.914 0.0000000000
75021  -32.859  -4.658  -22.974 0.0000000000
75982  -32.835  -4.121  -23.565 0.0000000000
76999  -32.630  -3.883  -24.298 0.0000000000
139790  -32.789  -4.785  -24.896 0.0000000000
139782  -32.815  -4.418  -25.326 0.0000000000
72989  -35.834  -6.884  -27.167 0.0000000000
72995  -34.292  -6.362  -27.425 0.0000000000
72996  -35.024  -6.044  -27.898 0.0000000000
139753  -35.056  -4.575  -26.890 0.0000000000
67228  -31.353  -12.559  -18.984 0.0000000000
68420  -31.253  -11.796  -18.504 0.0000000000
67210  -31.748  -12.540  -17.812 0.0000000000
63667  -24.053  -14.849  -12.602 0.0000000000
64782  -24.317  -13.963  -13.964 0.0000000000
69616  -26.864  -11.016  -16.630 0.0000000000
69610  -26.598  -11.519  -17.633 0.0000000000
68401  -26.203  -11.808  -17.881 0.0000000000
67195  -25.517  -12.799  -17.110 0.0000000000
64803  -26.647  -14.114  -14.974 0.0000000000
86956  -26.644  5.847  -26.940 0.0000000000
86942  -28.476  6.019  -25.518 0.0000000000
86099  -28.418  5.008  -25.030 0.0000000000
85122  -27.550  4.295  -25.457 0.0000000000
85123  -28.395  4.128  -24.775 0.0000000000
86090  -28.996  4.673  -24.656 0.0000000000
84183  -29.296  3.429  -24.086 0.0000000000
84170  -29.979  2.874  -23.740 0.0000000000
82266  -30.773  1.522  -23.284 0.0000000000
139618  -33.448  -7.604  -21.048 0.0000000000
139650  -33.746  -8.138  -21.924 0.0000000000
139692  -33.568  -8.400  -22.655 0.0000000000
72970  -33.422  -7.941  -23.868 0.0000000000
139680  -35.272  -7.069  -21.625 0.0000000000
72972  -35.343  -7.984  -24.213 0.0000000000
72980  -35.564  -7.434  -25.916 0.0000000000
75031  -36.378  -6.334  -25.038 0.0000000000
75983  -36.714  -5.967  -24.371 0.0000000000
139570  -37.019  -5.398  -22.713 0.0000000000
139345  -36.320  -4.971  -20.926 0.0000000000
65937  -30.536  -13.690  -15.989 0.0000000000
62482  -26.206  -16.343  -11.841 0.0000000000
138962  -35.864  -6.944  -14.027 0.0000000000
139231  -35.613  -8.030  -13.776 0.0000000000
139605  -35.024  -6.971  -14.746 0.0000000000
68419  -30.526  -11.921  -18.829 0.0000000000
69611  -29.601  -11.681  -18.144 0.0000000000
68431  -30.173  -12.399  -19.209 0.0000000000
67226  -30.512  -12.381  -19.272 0.0000000000
65998  -30.832  -13.093  -19.923 0.0000000000
67223  -27.426  -12.483  -18.001 0.0000000000
65981  -28.223  -12.736  -17.718 0.0000000000
65968  -27.899  -13.208  -17.401 0.0000000000
65969  -28.919  -13.256  -17.629 0.0000000000
65918  -30.379  -13.804  -15.185 0.0000000000
87734  -30.097  7.534  -26.590 0.0000000000
86102  -31.080  5.569  -25.501 0.0000000000
139695  -27.996  0.441  -23.518 0.0000000000
82264  -29.355  1.284  -23.273 0.0000000000
139736  -30.957  1.269  -23.610 0.0000000000
74059  -33.221  -5.911  -25.966 0.0000000000
75036  -32.816  -5.040  -25.769 0.0000000000
74060  -34.038  -5.165  -27.257 0.0000000000
139776  -33.461  -3.867  -25.848 0.0000000000
139744  -31.353  0.706  -23.635 0.0000000000
139761  -31.726  -0.521  -25.041 0.0000000000
69622  -31.571  -11.259  -17.473 0.0000000000
71825  -31.930  -10.116  -16.854 0.0000000000
65915  -24.611  -13.829  -14.620 0.0000000000
65916  -25.269  -13.882  -14.880 0.0000000000
63649  -26.687  -16.138  -12.304 0.0000000000
63671  -27.232  -15.629  -13.127 0.0000000000
63646  -24.208  -15.492  -12.278 0.0000000000
65913  -21.993  -12.881  -14.179 0.0000000000
65984  -30.727  -13.347  -19.358 0.0000000000
65985  -31.149  -13.047  -19.556 0.0000000000
65997  -30.214  -13.149  -19.625 0.0000000000
65999  -31.125  -12.977  -19.873 0.0000000000
67163  -22.065  -12.510  -14.597 0.0000000000
67227  -30.865  -12.397  -19.205 0.0000000000
67237  -28.098  -12.615  -17.637 0.0000000000
67239  -30.501  -12.710  -19.581 0.0000000000
67240  -31.019  -12.807  -19.648 0.0000000000
67241  -31.198  -12.848  -19.614 0.0000000000
68402  -29.331  -11.786  -18.093 0.0000000000
68403  -29.438  -11.911  -18.302 0.0000000000
68418  -29.765  -12.167  -18.714 0.0000000000
68428  -28.110  -12.331  -17.670 0.0000000000
68430  -29.930  -12.437  -19.133 0.0000000000
69600  -24.956  -11.434  -16.860 0.0000000000
69601  -25.292  -11.587  -17.218 0.0000000000
69612  -29.705  -11.784  -18.367 0.0000000000
71824  -31.576  -10.823  -17.030 0.0000000000
71854  -33.224  -7.927  -23.387 0.0000000000
71855  -33.447  -8.185  -23.001 0.0000000000
72997  -35.827  -6.032  -27.364 0.0000000000
74061  -36.089  -6.219  -26.714 0.0000000000
74066  -35.999  -5.706  -26.904 0.0000000000
75037  -36.109  -5.573  -26.005 0.0000000000
75045  -36.066  -5.767  -26.415 0.0000000000
75988  -36.391  -5.604  -25.062 0.0000000000
75994  -36.204  -5.595  -25.645 0.0000000000
76983  -32.607  -2.499  -23.223 0.0000000000
77000  -36.831  -5.695  -23.804 0.0000000000
78888  -31.593  -1.640  -23.927 0.0000000000
78889  -37.097  -5.321  -23.368 0.0000000000
81172  -36.930  -5.009  -22.192 0.0000000000
82251  -31.026  0.945  -22.997 0.0000000000
82252  -31.468  0.496  -23.611 0.0000000000
82263  -28.731  1.187  -23.483 0.0000000000
82265  -30.227  1.336  -23.128 0.0000000000
82277  -28.762  1.629  -23.751 0.0000000000
82286  -27.013  1.616  -24.575 0.0000000000
83250  -30.211  2.080  -23.552 0.0000000000
83251  -30.845  2.026  -23.587 0.0000000000
83259  -27.943  2.051  -24.526 0.0000000000
83260  -28.479  2.110  -24.207 0.0000000000
83261  -30.545  2.588  -23.742 0.0000000000
84168  -29.160  2.335  -23.783 0.0000000000
84181  -28.036  2.667  -24.680 0.0000000000
84197  -28.958  3.663  -24.288 0.0000000000
85104  -28.814  4.415  -24.631 0.0000000000
85105  -29.441  4.230  -24.418 0.0000000000
85124  -28.918  3.929  -24.412 0.0000000000
86091  -29.381  4.917  -24.706 0.0000000000
86100  -29.287  5.504  -25.104 0.0000000000
86101  -30.197  5.459  -25.228 0.0000000000
86960  -30.646  6.851  -26.307 0.0000000000
89531  -30.364  9.057  -27.600 0.0000000000
139407  -36.510  -5.093  -21.657 0.0000000000
139408  -36.414  -5.048  -21.382 0.0000000000
139459  -36.378  -5.293  -21.717 0.0000000000
139460  -36.655  -5.037  -21.982 0.0000000000
139513  -36.628  -5.619  -22.420 0.0000000000
139514  -36.487  -5.288  -21.913 0.0000000000
139515  -36.711  -5.251  -22.189 0.0000000000
139569  -36.950  -5.866  -23.128 0.0000000000
139608  -36.508  -6.084  -22.679 0.0000000000
139609  -36.850  -5.868  -23.321 0.0000000000
139634  -35.126  -6.269  -15.281 0.0000000000
139637  -34.861  -7.132  -20.831 0.0000000000
139638  -35.296  -6.909  -21.400 0.0000000000
139639  -36.602  -6.289  -23.331 0.0000000000
139640  -36.812  -5.981  -23.568 0.0000000000
139651  -33.586  -8.069  -21.982 0.0000000000
139654  -33.533  -8.214  -22.419 0.0000000000
139656  -33.686  -8.325  -22.260 0.0000000000
139678  -34.763  -7.383  -20.949 0.0000000000
139690  -35.004  -8.069  -22.939 0.0000000000
139702  -35.142  -7.282  -21.623 0.0000000000
139713  -28.363  0.980  -23.635 0.0000000000
139752  -35.586  -4.717  -26.720 0.0000000000
139762  -34.853  -5.137  -27.508 0.0000000000
139780  -32.676  -3.909  -24.872 0.0000000000
139788  -32.725  -4.400  -24.759 0.0000000000
