#!ascii label  , from subject la02 vox2ras=TkReg
1089
64802  -23.978  -13.652  -14.671 0.5555555820
65916  -25.269  -13.882  -14.880 0.6666666865
65934  -25.359  -13.626  -15.669 0.7777777910
65935  -26.380  -13.770  -15.779 0.7777777910
65966  -26.070  -13.155  -17.183 0.8888888955
64818  -28.439  -14.106  -16.199 0.8888888955
65914  -22.737  -13.366  -14.088 0.5555555820
65932  -23.234  -13.214  -14.917 0.5555555820
67182  -24.159  -12.926  -16.102 0.6666666865
67194  -24.741  -12.589  -16.680 0.8888888955
65953  -27.596  -13.709  -16.739 0.8888888955
65968  -27.899  -13.208  -17.401 1.0000000000
65954  -28.593  -13.697  -16.955 0.8888888955
65955  -29.500  -13.799  -17.198 1.0000000000
68384  -23.374  -11.937  -16.370 0.7777777910
68400  -25.516  -11.863  -17.556 1.0000000000
69610  -26.598  -11.519  -17.633 1.0000000000
67222  -26.648  -12.294  -18.061 1.0000000000
67236  -27.773  -12.605  -17.763 1.0000000000
68415  -26.991  -11.843  -17.958 1.0000000000
67224  -28.482  -12.569  -17.882 1.0000000000
68416  -27.858  -12.125  -17.737 1.0000000000
68429  -28.145  -12.321  -17.703 1.0000000000
67225  -29.456  -12.673  -18.525 1.0000000000
65983  -30.042  -13.371  -18.983 1.0000000000
68417  -28.962  -12.134  -18.004 1.0000000000
65998  -30.832  -13.093  -19.923 1.0000000000
68419  -30.526  -11.921  -18.829 1.0000000000
69621  -31.017  -11.313  -17.966 0.7777777910
70771  -28.315  -10.978  -15.670 0.8888888955
69617  -27.426  -11.362  -17.230 1.0000000000
69618  -28.620  -11.526  -17.451 1.0000000000
70764  -28.494  -11.157  -16.838 1.0000000000
70765  -29.723  -10.980  -16.775 1.0000000000
70766  -30.349  -11.094  -17.254 1.0000000000
69620  -30.156  -11.495  -18.106 1.0000000000
71823  -30.722  -10.880  -16.834 1.0000000000
70767  -30.953  -11.054  -17.358 1.0000000000
70768  -31.546  -10.925  -17.130 0.8888888955
71832  -31.927  -10.043  -15.757 1.0000000000
71825  -31.930  -10.116  -16.854 0.7777777910
139022  -35.846  -7.959  -13.712 0.5555555820
138962  -35.864  -6.944  -14.027 0.7777777910
138969  -34.694  -7.873  -14.000 0.8888888955
139535  -35.253  -7.892  -13.922 1.0000000000
71821  -31.988  -9.802  -15.757 1.0000000000
139510  -34.777  -7.035  -15.373 1.0000000000
139457  -34.684  -6.746  -16.012 0.7777777910
71834  -32.520  -9.407  -17.061 0.6666666865
138951  -34.428  -6.336  -14.727 0.4444444478
139116  -33.832  -6.113  -15.838 0.6666666865
139052  -35.160  -6.703  -14.915 0.7777777910
139486  -35.107  -6.799  -14.887 0.8888888955
139620  -34.951  -7.228  -14.827 1.0000000000
139320  -34.165  -6.359  -17.006 1.0000000000
139142  -34.445  -6.080  -17.134 1.0000000000
139511  -34.817  -6.599  -15.867 1.0000000000
139242  -35.100  -5.786  -18.065 0.8888888955
139406  -35.190  -6.022  -17.202 0.7777777910
139566  -34.673  -6.986  -15.938 0.5555555820
139284  -35.375  -5.644  -17.880 0.7777777910
139635  -33.787  -6.902  -18.824 0.6666666865
139580  -33.737  -6.784  -16.811 0.6666666865
139636  -34.334  -7.215  -20.105 0.7777777910
138992  -33.948  -6.890  -15.811 0.8888888955
139606  -34.411  -7.000  -19.908 1.0000000000
139567  -34.740  -6.466  -19.882 1.0000000000
139607  -35.100  -6.779  -20.808 1.0000000000
139512  -35.402  -6.254  -20.756 0.8888888955
139458  -35.927  -5.673  -21.309 0.8888888955
139710  -35.662  -6.929  -22.593 0.8888888955
139241  -35.751  -5.402  -18.270 0.6666666865
139618  -33.448  -7.604  -21.048 0.7777777910
139677  -34.528  -7.442  -20.784 0.8888888955
139691  -34.935  -7.592  -21.812 1.0000000000
139679  -34.864  -7.409  -21.209 1.0000000000
139680  -35.272  -7.069  -21.625 1.0000000000
139568  -35.403  -6.534  -21.118 0.8888888955
75027  -36.504  -6.531  -23.995 0.7777777910
75031  -36.378  -6.334  -25.038 0.7777777910
139570  -37.019  -5.398  -22.713 0.6666666865
80039  -37.259  -4.960  -22.647 0.5555555820
139286  -36.383  -4.843  -20.481 0.5555555820
139621  -33.247  -7.513  -21.442 0.6666666865
139650  -33.746  -8.138  -21.924 0.8888888955
139689  -33.798  -8.377  -22.544 1.0000000000
72971  -34.302  -8.533  -23.682 1.0000000000
72979  -34.658  -7.952  -25.598 0.8888888955
72972  -35.343  -7.984  -24.213 0.8888888955
72988  -34.873  -7.200  -27.063 0.8888888955
74049  -36.012  -7.063  -24.685 0.8888888955
74055  -36.104  -6.720  -25.994 0.7777777910
74065  -35.582  -5.238  -27.171 0.7777777910
75038  -36.173  -5.989  -25.867 0.7777777910
77954  -36.726  -5.076  -24.228 0.5555555820
139770  -33.673  -4.135  -26.342 0.7777777910
139746  -35.855  -4.404  -26.009 0.5555555820
139641  -36.925  -4.139  -24.199 0.5555555820
139763  -34.699  -3.496  -25.790 0.6666666865
139538  -32.672  -4.984  -21.887 0.4444444478
139622  -32.896  -6.890  -21.957 0.5555555820
74042  -32.698  -6.410  -23.219 0.7777777910
72970  -33.422  -7.941  -23.868 1.0000000000
72969  -32.958  -7.291  -23.186 0.8888888955
72977  -33.189  -7.083  -24.462 1.0000000000
72978  -33.860  -7.565  -24.965 0.8888888955
72986  -33.448  -6.754  -25.417 0.8888888955
72987  -33.961  -6.771  -26.403 0.8888888955
72995  -34.292  -6.362  -27.425 0.8888888955
139753  -35.056  -4.575  -26.890 0.6666666865
139760  -31.648  -2.373  -24.449 0.6666666865
75021  -32.859  -4.658  -22.974 0.6666666865
76999  -32.630  -3.883  -24.298 0.7777777910
75030  -32.873  -5.308  -25.165 0.8888888955
139790  -32.789  -4.785  -24.896 0.7777777910
139782  -32.815  -4.418  -25.326 0.7777777910
74059  -33.221  -5.911  -25.966 0.8888888955
139767  -32.608  -3.389  -25.016 0.7777777910
139775  -33.035  -3.990  -26.026 0.8888888955
139776  -33.461  -3.867  -25.848 0.7777777910
139728  -30.615  1.013  -22.984 0.6666666865
139730  -32.418  -3.042  -25.084 0.6666666865
139751  -31.363  -0.591  -24.204 0.6666666865
139771  -31.937  -2.917  -26.026 0.5555555820
81194  -26.089  0.312  -24.727 0.3333333433
139624  -27.086  -0.933  -24.183 0.3333333433
139659  -27.122  0.033  -24.082 0.5555555820
139768  -32.307  -2.986  -24.309 0.6666666865
139695  -27.996  0.441  -23.518 0.5555555820
139773  -32.527  -3.531  -24.671 0.7777777910
139712  -28.933  0.512  -23.018 0.6666666865
139720  -30.359  0.451  -22.749 0.6666666865
82266  -30.773  1.522  -23.284 0.6666666865
82267  -31.357  1.325  -23.651 0.6666666865
139761  -31.726  -0.521  -25.041 0.5555555820
81181  -31.786  0.404  -24.421 0.6666666865
82285  -26.395  1.184  -24.772 0.4444444478
82310  -25.514  0.912  -25.469 0.4444444478
83266  -25.670  2.096  -25.505 0.5555555820
82274  -27.284  0.898  -24.314 0.5555555820
82275  -27.782  1.349  -24.273 0.6666666865
139658  -29.144  -1.199  -23.262 0.6666666865
82276  -28.366  1.524  -24.045 0.6666666865
82264  -29.355  1.284  -23.273 0.6666666865
83249  -29.575  1.901  -23.576 0.6666666865
84170  -29.979  2.874  -23.740 0.6666666865
84185  -31.427  3.678  -24.641 0.6666666865
84186  -32.223  3.260  -24.884 0.5555555820
82279  -32.302  1.823  -25.000 0.6666666865
84218  -25.138  2.908  -26.085 0.4444444478
84194  -27.158  3.147  -25.005 0.6666666865
84180  -27.596  2.538  -24.727 0.6666666865
84195  -28.121  3.428  -24.819 0.6666666865
83248  -28.993  2.009  -23.791 0.6666666865
84182  -28.716  2.802  -24.114 0.6666666865
84184  -30.354  3.459  -24.087 0.6666666865
65951  -25.592  -13.299  -16.515 0.8888888955
67208  -26.053  -12.567  -17.686 1.0000000000
67209  -26.817  -12.773  -18.009 1.0000000000
65969  -28.919  -13.256  -17.629 1.0000000000
139201  -33.123  -6.210  -15.768 0.5555555820
139655  -33.268  -7.697  -22.042 0.7777777910
72989  -35.834  -6.884  -27.167 0.8888888955
139738  -32.926  -4.269  -26.616 0.4444444478
83258  -27.297  2.209  -24.637 0.6666666865
85121  -26.569  4.044  -25.633 0.6666666865
139380  -33.469  -6.176  -16.358 0.4444444478
81196  -32.186  1.325  -25.587 0.5555555820
80053  -31.863  -0.040  -25.637 0.5555555820
83287  -24.855  1.889  -26.177 0.2222222239
83289  -32.381  2.625  -25.923 0.5555555820
64763  -24.296  -14.307  -13.095 0.5555555820
64764  -25.004  -14.572  -13.323 0.5555555820
65915  -24.611  -13.829  -14.620 0.6666666865
64784  -26.214  -14.195  -14.257 0.5555555820
64805  -28.326  -14.312  -15.361 0.7777777910
64803  -26.647  -14.114  -14.974 0.6666666865
64804  -27.380  -14.188  -15.307 0.6666666865
64806  -29.143  -14.274  -15.538 0.7777777910
64819  -29.247  -14.096  -16.408 0.7777777910
65893  -22.042  -13.128  -13.568 0.4444444478
68368  -22.202  -11.478  -14.905 0.5555555820
65970  -29.824  -13.466  -18.051 1.0000000000
70755  -23.583  -10.781  -15.609 0.2222222239
69586  -24.335  -11.024  -16.297 0.6666666865
65972  -31.268  -13.154  -18.737 0.8888888955
67228  -31.353  -12.559  -18.984 0.6666666865
69622  -31.571  -11.259  -17.473 0.7777777910
70769  -31.977  -10.481  -17.069 0.6666666865
70761  -25.932  -10.889  -16.113 0.5555555820
139115  -30.678  -10.958  -14.581 0.4444444478
71826  -32.387  -9.626  -16.614 0.5555555820
139581  -33.873  -7.845  -17.038 0.5555555820
138978  -36.117  -7.829  -12.745 0.2222222239
139405  -35.384  -5.793  -17.257 0.5555555820
139143  -33.237  -5.922  -15.551 0.4444444478
139283  -35.613  -5.459  -17.836 0.5555555820
139617  -33.194  -7.007  -18.257 0.3333333433
139409  -36.860  -4.607  -21.456 0.5555555820
139516  -37.270  -4.370  -22.584 0.4444444478
139583  -32.197  -5.933  -20.982 0.3333333433
78888  -31.593  -1.640  -23.927 0.4444444478
139789  -31.468  -1.946  -26.211 0.4444444478
80064  -31.580  -0.095  -26.831 0.2222222239
84193  -25.868  3.342  -25.429 0.6666666865
85122  -27.550  4.295  -25.457 0.6666666865
84196  -28.702  3.585  -24.388 0.6666666865
86090  -28.996  4.673  -24.656 0.6666666865
86092  -29.820  5.159  -24.877 0.6666666865
85125  -30.923  4.952  -25.100 0.6666666865
85107  -31.133  4.468  -24.914 0.6666666865
84198  -32.080  3.815  -25.111 0.6666666865
84220  -32.303  3.249  -26.189 0.4444444478
82311  -31.941  1.769  -26.845 0.3333333433
85148  -26.858  4.522  -25.940 0.5555555820
65933  -24.308  -13.466  -15.397 0.6666666865
64801  -23.549  -13.608  -14.268 0.5555555820
64782  -24.317  -13.963  -13.964 0.6666666865
64783  -25.237  -14.134  -14.054 0.6666666865
65917  -25.983  -13.839  -15.093 0.7777777910
65950  -24.780  -13.244  -16.136 0.7777777910
65967  -26.855  -13.277  -17.527 1.0000000000
65952  -26.579  -13.556  -16.694 0.8888888955
67195  -25.517  -12.799  -17.110 1.0000000000
64817  -27.771  -14.070  -15.965 0.8888888955
64781  -23.562  -13.751  -13.540 0.5555555820
65894  -22.771  -13.511  -13.141 0.4444444478
65892  -21.590  -12.707  -13.802 0.4444444478
65931  -22.471  -12.904  -14.657 0.5555555820
67180  -22.573  -12.376  -15.211 0.5555555820
67181  -23.441  -12.827  -15.739 0.6666666865
67193  -23.756  -12.417  -16.343 0.8888888955
67192  -23.105  -12.275  -15.990 0.5555555820
65936  -27.142  -13.841  -16.109 0.8888888955
65980  -27.147  -13.202  -17.906 1.0000000000
65981  -28.223  -12.736  -17.718 1.0000000000
65982  -29.316  -12.964  -18.324 1.0000000000
69584  -22.968  -11.007  -15.389 0.5555555820
68370  -23.574  -11.495  -16.281 0.6666666865
68385  -24.150  -11.811  -16.685 0.8888888955
68369  -22.988  -11.684  -15.755 0.6666666865
67207  -25.289  -12.357  -17.304 1.0000000000
69608  -25.235  -11.083  -16.668 0.8888888955
69609  -25.926  -11.207  -17.228 0.8888888955
68386  -24.915  -11.922  -17.130 1.0000000000
68401  -26.203  -11.808  -17.881 1.0000000000
69616  -26.864  -11.016  -16.630 0.8888888955
67223  -27.426  -12.483  -18.001 1.0000000000
65996  -29.754  -13.030  -19.091 1.0000000000
65971  -30.653  -13.542  -18.432 0.8888888955
67238  -29.926  -12.689  -19.249 1.0000000000
69611  -29.601  -11.681  -18.144 1.0000000000
69619  -29.497  -11.480  -17.745 1.0000000000
68431  -30.173  -12.399  -19.209 1.0000000000
67226  -30.512  -12.381  -19.272 1.0000000000
68420  -31.253  -11.796  -18.504 0.7777777910
71822  -30.828  -10.821  -16.608 1.0000000000
71833  -31.730  -9.691  -17.101 0.7777777910
72953  -32.635  -8.974  -17.014 0.6666666865
139037  -35.491  -7.834  -13.854 0.7777777910
138949  -34.947  -5.938  -14.944 0.6666666865
139231  -35.613  -8.030  -13.776 0.8888888955
139605  -35.024  -6.971  -14.746 1.0000000000
71835  -32.881  -9.053  -16.805 0.5555555820
138964  -33.784  -5.924  -15.263 0.5555555820
138952  -34.021  -5.725  -15.165 0.3333333433
138905  -36.147  -6.233  -13.836 0.3333333433
139285  -36.009  -5.332  -20.351 0.7777777910
75979  -36.758  -6.094  -23.820 0.7777777910
139344  -36.076  -5.261  -20.862 0.7777777910
139345  -36.320  -4.971  -20.926 0.6666666865
139652  -34.209  -8.006  -21.673 0.8888888955
72963  -34.982  -8.383  -23.642 0.8888888955
75983  -36.714  -5.967  -24.371 0.6666666865
139610  -37.314  -4.381  -23.339 0.5555555820
139582  -32.948  -7.127  -21.125 0.5555555820
139692  -33.568  -8.400  -22.655 0.8888888955
72980  -35.564  -7.434  -25.916 0.8888888955
72996  -35.024  -6.044  -27.898 0.8888888955
75987  -36.352  -5.101  -25.017 0.6666666865
74060  -34.038  -5.165  -27.257 0.8888888955
139721  -36.388  -4.718  -25.147 0.5555555820
139584  -32.742  -6.227  -22.412 0.5555555820
74048  -32.703  -6.256  -24.024 0.7777777910
74047  -32.699  -5.629  -23.143 0.7777777910
74054  -33.068  -6.184  -24.958 0.7777777910
77933  -32.225  -2.395  -23.745 0.5555555820
76990  -32.733  -3.212  -23.487 0.5555555820
78896  -31.947  -2.257  -24.224 0.4444444478
75982  -32.835  -4.121  -23.565 0.6666666865
75025  -32.783  -4.992  -24.179 0.7777777910
75026  -32.830  -5.708  -24.604 0.7777777910
75036  -32.816  -5.040  -25.769 0.7777777910
139736  -30.957  1.269  -23.610 0.6666666865
139744  -31.353  0.706  -23.635 0.6666666865
139783  -31.620  -2.183  -26.013 0.4444444478
139781  -31.653  -1.310  -25.593 0.5555555820
83262  -31.258  2.478  -23.991 0.6666666865
82278  -31.790  1.576  -24.447 0.6666666865
83267  -26.484  2.316  -24.900 0.5555555820
84169  -29.464  2.593  -23.739 0.6666666865
84183  -29.296  3.429  -24.086 0.6666666865
85106  -30.360  4.585  -24.673 0.6666666865
139539  -32.976  -4.239  -22.190 0.3333333433
139619  -33.512  -6.220  -16.519 0.4444444478
78914  -31.491  -0.959  -26.398 0.3333333433
83288  -32.174  2.651  -26.616 0.3333333433
64762  -23.800  -13.867  -12.526 0.5555555820
65956  -30.502  -13.691  -17.192 0.7777777910
65870  -22.023  -13.242  -12.824 0.3333333433
67179  -21.727  -12.102  -14.624 0.4444444478
68421  -31.797  -11.795  -17.819 0.6666666865
138963  -35.944  -9.265  -12.218 0.1111111119
138906  -35.938  -5.681  -13.312 0.1111111119
139537  -32.646  -6.623  -19.194 0.3333333433
77927  -32.276  -1.894  -23.205 0.3333333433
85126  -31.772  4.596  -25.355 0.6666666865
85149  -32.076  4.742  -26.438 0.4444444478
63612  -28.222  -16.151  -10.964 0.4444444478
61315  -29.284  -16.861  -9.666 0.2222222239
63669  -25.424  -15.391  -13.007 0.4444444478
63648  -25.714  -16.006  -12.644 0.4444444478
64765  -25.897  -14.797  -13.466 0.4444444478
63670  -26.297  -15.690  -13.202 0.4444444478
63650  -27.817  -15.545  -12.498 0.4444444478
64743  -28.327  -15.070  -12.738 0.4444444478
63632  -29.641  -15.446  -11.215 0.2222222239
64766  -26.806  -15.098  -13.724 0.4444444478
64767  -27.886  -15.046  -13.423 0.4444444478
62468  -30.286  -15.558  -10.615 0.1111111119
62469  -30.572  -15.650  -10.267 0.1111111119
64744  -28.737  -14.565  -12.816 0.3333333433
64785  -27.194  -14.616  -14.415 0.4444444478
64745  -29.308  -14.299  -13.057 0.3333333433
63652  -29.836  -14.582  -12.302 0.2222222239
64786  -28.135  -14.543  -14.480 0.4444444478
64768  -28.831  -14.460  -13.659 0.3333333433
64769  -29.865  -14.185  -13.575 0.2222222239
63673  -30.447  -14.171  -12.784 0.1111111119
64770  -30.932  -13.979  -13.136 0.1111111119
64788  -29.812  -14.057  -14.819 0.3333333433
64807  -29.863  -14.043  -15.758 0.5555555820
65937  -30.536  -13.690  -15.989 0.6666666865
65919  -31.104  -13.543  -15.062 0.4444444478
65920  -32.047  -13.169  -14.750 0.3333333433
65938  -31.458  -13.149  -16.081 0.5555555820
67210  -31.748  -12.540  -17.812 0.5555555820
67196  -32.018  -12.494  -16.550 0.5555555820
67183  -32.035  -12.716  -15.946 0.4444444478
68387  -32.432  -12.020  -16.332 0.3333333433
65957  -31.322  -13.170  -17.540 0.5555555820
69613  -32.334  -11.082  -16.375 0.4444444478
70770  -32.216  -10.005  -16.105 0.5555555820
68404  -32.238  -11.735  -16.750 0.4444444478
71816  -32.568  -9.547  -16.172 0.4444444478
85123  -28.395  4.128  -24.775 0.5555555820
86098  -27.682  5.009  -25.636 0.5555555820
86099  -28.418  5.008  -25.030 0.5555555820
86943  -29.467  6.161  -25.622 0.5555555820
86944  -30.398  6.224  -25.760 0.5555555820
86945  -31.165  6.290  -25.921 0.5555555820
63630  -27.485  -16.111  -11.464 0.4444444478
63613  -28.983  -15.879  -10.792 0.2222222239
65895  -30.610  -13.850  -14.296 0.4444444478
68405  -32.440  -11.273  -16.181 0.3333333433
69624  -32.267  -10.631  -16.194 0.4444444478
139565  -35.540  -6.124  -16.222 0.4444444478
86942  -28.476  6.019  -25.518 0.5555555820
86957  -27.572  6.471  -26.418 0.5555555820
65896  -31.516  -13.594  -14.002 0.2222222239
86102  -31.080  5.569  -25.501 0.5555555820
62465  -25.872  -16.547  -11.461 0.4444444478
62466  -26.590  -16.377  -11.436 0.4444444478
62467  -27.134  -16.359  -11.017 0.4444444478
62447  -28.729  -16.406  -10.339 0.2222222239
61289  -29.789  -17.420  -9.116 0.1111111119
63647  -24.975  -15.588  -12.468 0.4444444478
62481  -25.831  -16.280  -12.009 0.4444444478
62448  -29.860  -16.031  -10.188 0.1111111119
61316  -30.223  -16.573  -9.294 0.1111111119
63614  -31.450  -15.565  -10.086 0.1111111119
63633  -31.033  -15.147  -10.857 0.1111111119
64724  -31.960  -14.005  -11.508 0.1111111119
64746  -31.466  -13.814  -12.397 0.1111111119
65939  -32.174  -12.823  -15.434 0.1111111119
67197  -32.448  -12.143  -16.087 0.2222222239
68388  -32.587  -11.518  -15.680 0.2222222239
71827  -32.921  -9.113  -16.406 0.4444444478
72952  -33.454  -8.044  -16.588 0.3333333433
75016  -34.959  -6.990  -17.034 0.3333333433
77915  -36.092  -6.206  -15.913 0.3333333433
75978  -33.112  -3.275  -22.718 0.4444444478
85120  -25.905  4.113  -25.828 0.4444444478
86118  -31.844  5.722  -25.975 0.5555555820
86117  -27.079  5.125  -26.289 0.5555555820
86958  -28.729  6.748  -26.102 0.5555555820
86959  -29.721  6.826  -26.221 0.5555555820
87734  -30.097  7.534  -26.590 0.5555555820
63668  -24.636  -15.111  -12.799 0.4444444478
64820  -29.957  -13.996  -16.547 0.6666666865
69623  -32.050  -11.020  -16.818 0.4444444478
139240  -36.178  -5.157  -18.342 0.4444444478
139777  -31.539  -3.148  -26.639 0.3333333433
64787  -29.045  -14.361  -14.581 0.3333333433
63671  -27.232  -15.629  -13.127 0.4444444478
63631  -28.483  -15.660  -11.491 0.4444444478
62482  -26.206  -16.343  -11.841 0.4444444478
63649  -26.687  -16.138  -12.304 0.4444444478
63672  -27.658  -15.456  -13.058 0.4444444478
63651  -28.775  -15.042  -12.121 0.4444444478
62449  -31.103  -15.984  -9.574 0.1111111119
63674  -30.725  -14.068  -12.709 0.1111111119
65918  -30.379  -13.804  -15.185 0.4444444478
86941  -27.781  5.567  -25.728 0.5555555820
63629  -26.907  -16.197  -11.766 0.4444444478
63611  -27.815  -16.240  -11.017 0.4444444478
63653  -30.855  -14.203  -12.215 0.1111111119
86979  -27.184  7.136  -26.929 0.5555555820
62445  -26.783  -16.682  -10.588 0.4444444478
61314  -28.288  -17.117  -9.939 0.4444444478
62480  -25.132  -15.918  -12.068 0.4444444478
62479  -24.604  -15.728  -12.142 0.4444444478
56436  -28.416  -22.125  -6.769 0.1111111119
60206  -24.796  -19.274  -8.833 0.3333333433
57759  -26.572  -21.244  -8.275 0.2222222239
56457  -27.756  -21.594  -7.280 0.2222222239
56458  -28.687  -21.680  -7.248 0.1111111119
61283  -23.412  -16.945  -9.598 0.3333333433
61269  -24.292  -18.250  -8.773 0.3333333433
59016  -25.803  -19.721  -9.174 0.3333333433
59017  -26.911  -19.791  -9.081 0.3333333433
58990  -26.956  -20.545  -8.605 0.2222222239
57760  -27.483  -20.910  -8.241 0.2222222239
57734  -28.074  -21.192  -7.729 0.1111111119
63610  -22.250  -15.478  -10.440 0.2222222239
62441  -23.285  -16.104  -10.564 0.2222222239
62419  -22.622  -16.491  -9.808 0.2222222239
61284  -24.687  -17.855  -9.351 0.3333333433
60225  -25.290  -18.957  -9.322 0.3333333433
58991  -27.760  -20.258  -8.679 0.1111111119
63627  -23.088  -15.286  -11.137 0.2222222239
62462  -23.576  -15.754  -11.304 0.3333333433
61309  -23.930  -16.604  -10.315 0.3333333433
62463  -24.199  -16.026  -11.657 0.3333333433
62442  -24.367  -16.560  -10.930 0.3333333433
61310  -24.552  -16.989  -10.193 0.3333333433
61311  -25.476  -17.408  -10.231 0.3333333433
61285  -25.805  -18.212  -9.843 0.3333333433
60227  -27.374  -18.810  -9.341 0.3333333433
61286  -26.792  -18.084  -9.701 0.3333333433
59018  -28.066  -19.498  -9.084 0.1111111119
64718  -23.225  -14.376  -11.229 0.2222222239
63628  -23.728  -15.534  -11.705 0.2222222239
63645  -23.637  -14.876  -11.942 0.3333333433
62464  -25.151  -16.339  -11.493 0.3333333433
62443  -25.277  -16.792  -10.866 0.3333333433
62444  -26.059  -16.932  -10.836 0.3333333433
61312  -26.346  -17.422  -10.177 0.3333333433
61287  -27.795  -17.864  -9.482 0.3333333433
60228  -28.431  -18.582  -9.205 0.1111111119
65872  -23.016  -13.581  -11.685 0.3333333433
64741  -23.689  -13.954  -11.721 0.3333333433
61313  -27.245  -17.176  -9.946 0.3333333433
70762  -32.561  -9.996  -15.993 0.2222222239
72949  -33.043  -8.551  -16.306 0.2222222239
71817  -33.008  -9.083  -15.839 0.2222222239
59015  -25.219  -19.556  -9.035 0.3333333433
58989  -26.162  -20.456  -8.768 0.3333333433
57733  -27.299  -21.427  -7.889 0.2222222239
57761  -28.415  -20.687  -8.240 0.1111111119
60226  -26.320  -18.989  -9.517 0.3333333433
63646  -24.208  -15.492  -12.278 0.3333333433
56435  -27.590  -21.844  -6.766 0.1111111119
55302  -28.214  -22.479  -6.260 0.1111111119
60204  -23.477  -18.293  -8.057 0.3333333433
60205  -24.203  -18.696  -8.353 0.3333333433
58967  -24.888  -20.092  -7.873 0.3333333433
58988  -25.170  -20.001  -8.471 0.3333333433
56468  -25.980  -21.542  -7.996 0.3333333433
56469  -26.402  -21.616  -8.032 0.3333333433
55303  -28.981  -22.912  -6.465 0.1111111119
56437  -29.280  -22.338  -6.916 0.1111111119
61282  -22.528  -16.796  -9.422 0.3333333433
62440  -22.129  -16.072  -10.047 0.2222222239
57735  -29.042  -21.188  -7.770 0.1111111119
58992  -28.771  -20.074  -8.747 0.1111111119
59019  -29.117  -19.275  -9.043 0.1111111119
61288  -28.815  -17.669  -9.315 0.1111111119
67102  -21.918  -12.852  -11.417 0.1111111119
74036  -33.952  -7.791  -16.831 0.2222222239
139209  -36.551  -4.895  -19.043 0.2222222239
67144  -21.221  -12.284  -13.440 0.2222222239
67162  -21.489  -12.426  -14.128 0.3333333433
65871  -22.839  -13.559  -12.175 0.3333333433
63667  -24.053  -14.849  -12.602 0.4444444478
78865  -36.765  -5.976  -16.044 0.2222222239
60224  -24.612  -18.665  -8.986 0.3333333433
57758  -25.756  -20.908  -8.354 0.3333333433
61268  -23.502  -17.869  -8.594 0.2222222239
64699  -22.386  -14.573  -10.536 0.2222222239
65847  -22.836  -13.479  -11.357 0.2222222239
56419  -27.585  -21.991  -6.157 0.1111111119
56456  -26.756  -21.716  -7.591 0.2222222239
58966  -24.294  -19.468  -7.638 0.3333333433
60191  -23.619  -18.708  -7.788 0.2222222239
57732  -25.293  -20.717  -7.689 0.3333333433
61267  -22.365  -17.098  -8.699 0.2222222239
71813  -33.381  -8.893  -15.395 0.1111111119
71818  -33.501  -8.459  -15.603 0.1111111119
75002  -34.232  -7.491  -15.969 0.1111111119
75003  -35.112  -7.144  -15.863 0.1111111119
139282  -36.007  -5.031  -18.057 0.1111111119
75964  -36.188  -6.551  -16.462 0.1111111119
77908  -36.849  -5.850  -16.028 0.1111111119
139239  -37.006  -4.961  -17.494 0.1111111119
139208  -36.826  -4.755  -18.479 0.1111111119
77034  -33.984  -4.042  -26.523 0.1111111119
75052  -31.544  -4.004  -26.923 0.1111111119
76009  -32.930  -5.493  -27.588 0.1111111119
77019  -30.929  -2.222  -26.643 0.1111111119
86133  -25.986  5.944  -27.381 0.4444444478
86956  -26.644  5.847  -26.940 0.4444444478
77033  -30.250  -2.208  -26.972 0.1111111119
85169  -31.914  4.669  -27.560 0.3333333433
84219  -31.993  3.616  -26.904 0.2222222239
82323  -31.532  1.616  -27.842 0.1111111119
78928  -30.779  -1.014  -27.339 0.1111111119
80080  -30.911  -0.075  -27.817 0.1111111119
87732  -28.245  7.186  -26.432 0.4444444478
87749  -27.838  7.691  -26.893 0.4444444478
88554  -28.247  8.537  -27.412 0.4444444478
87733  -29.005  7.609  -26.651 0.4444444478
88555  -29.158  8.556  -27.150 0.4444444478
88540  -29.770  8.147  -26.833 0.4444444478
88542  -30.906  8.034  -27.079 0.4444444478
87752  -31.404  7.713  -27.556 0.4444444478
86980  -31.642  6.812  -27.585 0.2222222239
86144  -31.833  5.736  -28.127 0.2222222239
85183  -31.810  4.601  -28.790 0.2222222239
84237  -31.887  3.504  -28.198 0.2222222239
90610  -30.190  9.245  -33.282 0.1111111119
88600  -30.883  8.262  -32.087 0.1111111119
141339  -31.522  3.279  -29.750 0.1111111119
86977  -25.539  6.615  -27.322 0.4444444478
87747  -26.020  7.478  -27.091 0.4444444478
86978  -26.536  6.728  -27.109 0.4444444478
87748  -26.858  7.668  -27.183 0.3333333433
88553  -27.328  8.479  -27.508 0.4444444478
89529  -28.791  9.253  -27.719 0.4444444478
89543  -29.407  9.797  -28.149 0.4444444478
89530  -29.731  9.263  -27.572 0.4444444478
88556  -30.112  8.719  -27.138 0.4444444478
88571  -31.105  8.864  -28.207 0.4444444478
91633  -28.595  11.003  -28.782 0.3333333433
89560  -31.223  9.017  -29.107 0.3333333433
89571  -31.187  8.951  -30.118 0.1111111119
87769  -31.957  7.546  -29.446 0.1111111119
87776  -31.764  7.476  -30.186 0.1111111119
86154  -31.766  5.701  -29.244 0.2222222239
86160  -31.333  5.637  -30.335 0.1111111119
87010  -31.394  6.684  -30.575 0.1111111119
89528  -27.868  9.180  -27.997 0.3333333433
89542  -28.461  9.881  -28.336 0.3333333433
90550  -29.799  10.082  -28.519 0.4444444478
90562  -29.657  11.091  -29.440 0.2222222239
90563  -30.097  10.361  -29.056 0.2222222239
89559  -30.718  9.718  -29.584 0.2222222239
88592  -31.050  8.737  -31.105 0.1111111119
91648  -29.352  11.741  -30.020 0.1111111119
90573  -29.877  11.292  -29.989 0.1111111119
91652  -30.148  11.258  -31.252 0.1111111119
90586  -30.432  10.266  -31.469 0.1111111119
89580  -30.627  9.287  -31.796 0.1111111119
88552  -26.350  8.555  -27.262 0.3333333433
89527  -26.896  9.370  -27.936 0.3333333433
89526  -25.904  9.514  -28.175 0.3333333433
89540  -26.543  10.080  -28.720 0.3333333433
89541  -27.492  9.929  -28.446 0.3333333433
90548  -28.072  10.670  -28.764 0.3333333433
91640  -27.841  11.475  -29.159 0.2222222239
91647  -28.554  11.940  -29.572 0.2222222239
92809  -28.661  12.529  -30.317 0.1111111119
92824  -29.875  12.288  -31.555 0.1111111119
91661  -30.338  10.786  -32.183 0.1111111119
92840  -30.194  12.236  -34.140 0.1111111119
90535  -25.371  10.443  -26.889 0.1111111119
90541  -25.453  10.376  -27.820 0.1111111119
90545  -25.538  10.396  -28.771 0.2222222239
91637  -25.531  11.131  -29.296 0.2222222239
90559  -26.382  10.659  -29.208 0.3333333433
91644  -25.780  11.798  -29.583 0.2222222239
90561  -27.528  10.928  -28.869 0.3333333433
91638  -26.062  11.257  -29.500 0.3333333433
91645  -26.214  12.067  -29.824 0.2222222239
92807  -26.371  12.743  -30.531 0.1111111119
92822  -26.261  13.247  -31.440 0.1111111119
93943  -27.140  13.307  -31.121 0.1111111119
93944  -28.237  13.242  -30.939 0.1111111119
92823  -29.198  12.662  -31.074 0.1111111119
93957  -29.140  13.242  -31.827 0.1111111119
93973  -29.698  13.089  -33.111 0.1111111119
92832  -30.284  12.242  -32.746 0.1111111119
141795  -29.939  9.491  -34.075 0.1111111119
91628  -25.306  11.345  -27.846 0.1111111119
92763  -25.090  12.029  -27.686 0.1111111119
91631  -25.361  11.188  -28.607 0.1111111119
92792  -25.414  12.957  -28.931 0.1111111119
93932  -25.025  13.646  -29.588 0.1111111119
92805  -25.295  12.987  -29.941 0.1111111119
92806  -25.670  12.600  -30.119 0.2222222239
92820  -24.952  12.935  -30.827 0.1111111119
92821  -25.524  13.030  -31.211 0.1111111119
93968  -24.715  14.189  -32.654 0.1111111119
93955  -26.790  13.779  -32.046 0.1111111119
93970  -26.382  14.231  -32.944 0.1111111119
93956  -27.946  13.799  -31.926 0.1111111119
93906  -24.886  13.567  -27.693 0.1111111119
95024  -24.616  14.410  -28.460 0.1111111119
95047  -25.024  14.216  -30.106 0.1111111119
95055  -25.147  14.693  -30.255 0.1111111119
95054  -24.745  14.508  -31.139 0.1111111119
95062  -24.618  14.754  -32.462 0.1111111119
96063  -25.492  15.307  -29.304 0.1111111119
95025  -25.959  15.148  -28.756 0.1111111119
70759  -33.187  -9.542  -15.066 0.1111111119
74035  -33.788  -7.775  -16.341 0.1111111119
74033  -33.974  -7.707  -15.931 0.1111111119
72947  -33.914  -8.010  -15.555 0.1111111119
139207  -37.203  -3.285  -21.641 0.1111111119
75057  -31.701  -5.089  -27.523 0.1111111119
86961  -31.479  6.692  -26.591 0.4444444478
86134  -31.963  5.773  -27.011 0.3333333433
83298  -31.907  2.570  -27.509 0.1111111119
83301  -31.694  2.314  -28.636 0.1111111119
78927  -30.085  -1.444  -27.978 0.1111111119
87750  -28.550  8.107  -27.027 0.4444444478
141340  -31.503  4.720  -29.823 0.2222222239
88593  -31.481  8.178  -30.574 0.1111111119
87782  -31.323  7.418  -30.922 0.1111111119
86165  -30.666  5.421  -31.568 0.1111111119
90599  -30.275  9.858  -32.685 0.1111111119
93920  -24.828  13.653  -28.640 0.1111111119
93969  -25.244  14.152  -32.990 0.1111111119
141808  -26.042  15.720  -30.863 0.1111111119
141806  -26.121  15.464  -30.150 0.1111111119
71814  -33.914  -8.579  -14.993 0.1111111119
76007  -30.791  -3.671  -27.350 0.1111111119
86116  -25.912  5.061  -26.996 0.4444444478
89544  -30.487  9.415  -28.359 0.4444444478
92762  -24.742  12.349  -27.137 0.1111111119
93889  -24.906  12.822  -26.777 0.1111111119
95014  -25.438  14.944  -28.234 0.1111111119
95048  -25.029  14.583  -29.723 0.1111111119
95036  -24.984  14.978  -29.499 0.1111111119
70756  -33.580  -9.456  -14.638 0.1111111119
70763  -32.693  -9.915  -15.551 0.1111111119
69615  -32.777  -10.349  -15.334 0.1111111119
70757  -34.246  -9.105  -14.280 0.1111111119
69588  -33.942  -9.914  -13.989 0.1111111119
74991  -35.226  -7.148  -15.711 0.1111111119
75013  -36.128  -6.655  -16.214 0.1111111119
78866  -37.366  -5.439  -17.063 0.1111111119
139722  -35.992  -2.525  -25.255 0.1111111119
77051  -33.508  -4.366  -27.469 0.1111111119
85147  -26.245  4.531  -26.210 0.4444444478
76018  -32.237  -5.593  -27.721 0.1111111119
75051  -30.931  -4.297  -27.661 0.1111111119
80093  -30.714  0.255  -28.473 0.1111111119
77992  -29.490  -2.067  -28.228 0.1111111119
86132  -25.095  5.695  -27.162 0.4444444478
141311  -30.141  0.838  -30.552 0.1111111119
141312  -30.758  3.509  -31.179 0.1111111119
87746  -25.179  7.404  -27.174 0.2222222239
88551  -25.838  7.950  -26.911 0.3333333433
88539  -25.996  9.062  -27.371 0.2222222239
87016  -30.728  6.353  -31.993 0.1111111119
89522  -25.697  9.369  -26.820 0.1111111119
88619  -30.115  7.964  -33.684 0.1111111119
88627  -29.435  7.942  -34.960 0.1111111119
92748  -24.677  12.143  -26.228 0.1111111119
141797  -29.899  10.767  -35.497 0.1111111119
92749  -25.103  12.633  -26.055 0.1111111119
93890  -25.471  13.266  -26.990 0.1111111119
93982  -25.899  14.504  -33.457 0.1111111119
95065  -27.318  14.696  -33.477 0.1111111119
93983  -28.850  14.125  -34.229 0.1111111119
95092  -28.887  13.927  -35.139 0.1111111119
93908  -26.138  13.938  -27.837 0.1111111119
141812  -25.296  15.552  -31.621 0.1111111119
141816  -25.772  16.201  -33.171 0.1111111119
81216  -31.522  0.831  -27.275 0.1111111119
87736  -31.373  7.351  -27.098 0.4444444478
75014  -34.526  -7.243  -17.065 0.1111111119
76010  -33.005  -5.027  -27.296 0.2222222239
74034  -34.758  -7.371  -15.717 0.1111111119
76975  -37.194  -5.993  -16.530 0.1111111119
77982  -34.517  -2.903  -26.142 0.1111111119
77032  -29.794  -2.608  -27.641 0.1111111119
81233  -31.043  0.812  -28.124 0.1111111119
80092  -30.448  -0.428  -28.666 0.1111111119
88572  -31.579  8.322  -28.523 0.2222222239
87762  -31.822  7.582  -28.649 0.2222222239
87002  -31.818  6.711  -29.672 0.1111111119
92833  -30.386  10.987  -33.373 0.1111111119
89588  -30.403  8.908  -32.747 0.1111111119
88609  -30.405  8.067  -33.059 0.1111111119
87790  -30.670  7.276  -32.612 0.1111111119
141265  -30.425  1.789  -30.746 0.1111111119
141327  -31.149  1.817  -29.576 0.1111111119
141320  -31.243  4.236  -30.434 0.2222222239
90549  -29.147  10.632  -28.633 0.3333333433
90574  -30.295  10.686  -30.216 0.2222222239
89570  -30.757  9.635  -30.717 0.1111111119
92825  -30.348  11.539  -32.190 0.1111111119
89539  -25.925  10.085  -28.975 0.3333333433
90546  -26.753  10.556  -28.904 0.3333333433
92794  -27.512  11.978  -29.614 0.2222222239
92795  -27.989  12.233  -29.612 0.1111111119
93945  -28.817  12.927  -31.030 0.1111111119
93984  -29.396  13.477  -34.526 0.1111111119
90536  -25.528  9.917  -27.240 0.1111111119
90558  -25.843  10.577  -29.252 0.3333333433
92793  -25.502  12.071  -29.274 0.1111111119
90560  -27.041  11.005  -28.986 0.3333333433
91639  -26.876  11.615  -29.598 0.2222222239
92808  -27.413  12.567  -30.139 0.1111111119
93972  -28.676  13.999  -33.274 0.1111111119
92777  -25.317  12.067  -28.382 0.1111111119
91627  -25.047  11.430  -27.227 0.1111111119
92776  -25.051  12.811  -28.026 0.1111111119
93942  -24.830  13.598  -30.611 0.1111111119
93953  -24.766  13.658  -31.868 0.1111111119
93954  -25.751  13.619  -32.133 0.1111111119
95079  -25.038  14.897  -33.441 0.1111111119
95064  -26.524  14.705  -33.549 0.1111111119
93971  -27.521  14.267  -32.809 0.1111111119
93907  -25.261  14.157  -27.708 0.1111111119
95013  -24.815  14.646  -28.108 0.1111111119
96062  -24.772  15.297  -28.627 0.1111111119
96106  -25.434  15.306  -30.834 0.1111111119
96120  -24.974  15.427  -32.382 0.1111111119
95078  -25.152  15.539  -32.935 0.1111111119
69603  -32.702  -10.445  -14.778 0.1111111119
74025  -34.296  -7.536  -15.455 0.1111111119
82327  -31.161  1.382  -28.729 0.1111111119
85204  -30.979  4.809  -30.972 0.1111111119
85207  -30.403  4.464  -31.857 0.1111111119
93981  -25.503  14.632  -33.509 0.1111111119
141811  -26.281  16.075  -31.238 0.1111111119
72948  -34.353  -7.799  -14.981 0.1111111119
82332  -30.662  1.044  -29.412 0.1111111119
84268  -29.988  3.522  -32.147 0.1111111119
87024  -30.181  6.395  -33.001 0.1111111119
89523  -25.740  9.464  -27.389 0.1111111119
87799  -30.178  7.245  -33.598 0.1111111119
91625  -24.821  11.392  -26.530 0.1111111119
95080  -27.103  15.086  -33.838 0.1111111119
95066  -28.017  14.541  -33.481 0.1111111119
141814  -25.640  16.083  -32.206 0.1111111119
141818  -26.469  17.521  -32.815 0.1111111119
141815  -25.748  15.704  -33.608 0.1111111119
57731  -24.779  -20.116  -7.562 0.2222222239
139094  -27.295  -10.893  -14.953 0.2222222239
138960  -35.164  -9.902  -12.794 0.2222222239
85146  -25.185  4.135  -26.279 0.3333333433
85145  -24.309  4.322  -26.947 0.2222222239
86976  -24.540  6.364  -27.360 0.1111111119
139735  -30.100  -2.204  -23.569 0.2222222239
76980  -32.878  -2.622  -22.151 0.1111111119
70746  -24.501  -10.618  -15.274 0.2222222239
77922  -32.392  -1.899  -22.312 0.1111111119
81215  -25.581  0.230  -25.044 0.1111111119
82309  -24.673  0.920  -26.002 0.1111111119
85167  -22.985  4.177  -27.235 0.1111111119
86975  -23.492  6.160  -27.263 0.1111111119
87745  -24.183  7.091  -27.316 0.1111111119
68352  -21.398  -11.080  -14.054 0.2222222239
139174  -33.429  -5.799  -15.246 0.2222222239
84217  -24.196  3.069  -26.679 0.1111111119
138950  -34.092  -6.389  -14.718 0.1111111119
86115  -24.738  4.914  -26.877 0.3333333433
70747  -26.659  -10.850  -14.651 0.2222222239
85168  -23.620  3.884  -27.097 0.1111111119
86114  -24.318  4.775  -27.096 0.1111111119
83286  -23.930  1.622  -26.521 0.1111111119
86131  -23.984  5.034  -27.338 0.1111111119
84235  -22.986  3.388  -26.999 0.1111111119
84234  -22.556  3.604  -27.061 0.1111111119
86130  -22.872  5.055  -27.262 0.1111111119
84216  -23.264  2.557  -26.760 0.1111111119
65873  -31.860  -13.651  -13.040 0.1111111119
57713  -24.604  -20.150  -6.924 0.1111111119
56433  -26.222  -21.380  -6.407 0.1111111119
58956  -23.398  -19.442  -6.707 0.1111111119
58965  -23.164  -18.951  -7.369 0.1111111119
61252  -23.120  -18.084  -8.037 0.1111111119
139833  -21.615  -10.611  -13.019 0.1111111119
138904  -33.194  -10.504  -12.792 0.1111111119
58939  -23.062  -19.650  -6.065 0.1111111119
57712  -24.013  -19.780  -6.630 0.1111111119
57714  -25.436  -20.939  -6.735 0.1111111119
56455  -25.983  -21.534  -7.227 0.1111111119
60171  -21.716  -18.756  -6.472 0.1111111119
58964  -22.545  -18.768  -7.397 0.1111111119
61251  -22.629  -17.818  -7.915 0.1111111119
62401  -21.874  -16.451  -8.615 0.1111111119
69499  -21.126  -10.954  -12.340 0.1111111119
69535  -22.762  -10.427  -13.226 0.1111111119
139439  -31.472  -3.996  -20.554 0.2222222239
139489  -32.032  -3.433  -21.083 0.1111111119
56434  -26.820  -21.773  -6.729 0.1111111119
57696  -24.913  -20.581  -6.046 0.1111111119
139488  -32.699  -3.853  -21.353 0.2222222239
70754  -23.222  -10.733  -15.196 0.1111111119
67191  -21.257  -11.680  -14.088 0.1111111119
63609  -21.679  -15.552  -9.983 0.1111111119
68293  -20.752  -11.925  -12.324 0.1111111119
139830  -20.819  -11.657  -13.173 0.1111111119
62418  -22.037  -16.442  -9.343 0.1111111119
60190  -22.893  -18.448  -7.707 0.1111111119
58957  -24.114  -19.644  -6.960 0.1111111119
139051  -27.092  -10.884  -14.793 0.1111111119
69565  -23.015  -10.546  -14.492 0.1111111119
69564  -21.894  -10.565  -13.430 0.1111111119
57695  -23.802  -20.090  -6.042 0.1111111119
58955  -22.418  -19.050  -6.971 0.1111111119
69500  -21.952  -10.565  -12.505 0.1111111119
60189  -22.025  -18.292  -7.235 0.1111111119
61250  -21.791  -17.219  -7.377 0.1111111119
69483  -21.618  -11.194  -11.428 0.1111111119
69484  -22.820  -10.687  -11.371 0.1111111119
77914  -31.775  -2.833  -21.178 0.1111111119
139549  -26.769  -1.767  -24.203 0.1111111119
139743  -30.590  -1.348  -22.695 0.1111111119
81193  -25.748  -0.323  -24.749 0.1111111119
58987  -24.612  -19.373  -8.368 0.3333333433
62446  -27.714  -16.490  -10.624 0.4444444478
64697  -21.500  -15.285  -9.827 0.1111111119
64719  -23.465  -14.024  -11.419 0.2222222239
64742  -23.270  -13.701  -11.712 0.3333333433
65848  -23.258  -13.774  -11.352 0.2222222239
65869  -21.554  -12.759  -13.205 0.4444444478
65912  -21.677  -12.689  -14.068 0.3333333433
65913  -21.993  -12.881  -14.179 0.5555555820
65949  -21.075  -11.676  -13.662 0.1111111119
65984  -30.727  -13.347  -19.358 1.0000000000
65985  -31.149  -13.047  -19.556 1.0000000000
65997  -30.214  -13.149  -19.625 1.0000000000
65999  -31.125  -12.977  -19.873 1.0000000000
67100  -20.943  -12.180  -12.560 0.1111111119
67126  -20.868  -11.950  -12.939 0.1111111119
67161  -21.138  -12.063  -13.743 0.3333333433
67163  -22.065  -12.510  -14.597 0.5555555820
67178  -21.236  -12.014  -14.076 0.4444444478
67227  -30.865  -12.397  -19.205 1.0000000000
67237  -28.098  -12.615  -17.637 1.0000000000
67239  -30.501  -12.710  -19.581 1.0000000000
67240  -31.019  -12.807  -19.648 1.0000000000
67241  -31.198  -12.848  -19.614 0.8888888955
68313  -20.728  -11.398  -12.775 0.1111111119
68367  -21.469  -11.726  -14.343 0.4444444478
68383  -21.306  -11.880  -14.186 0.1111111119
68402  -29.331  -11.786  -18.093 1.0000000000
68403  -29.438  -11.911  -18.302 1.0000000000
68418  -29.765  -12.167  -18.714 1.0000000000
68428  -28.110  -12.331  -17.670 1.0000000000
68430  -29.930  -12.437  -19.133 1.0000000000
69482  -20.876  -11.423  -12.041 0.1111111119
69585  -23.410  -11.164  -15.937 0.6666666865
69600  -24.956  -11.434  -16.860 0.8888888955
69601  -25.292  -11.587  -17.218 1.0000000000
69612  -29.705  -11.784  -18.367 1.0000000000
70745  -23.520  -10.669  -15.174 0.2222222239
70760  -33.693  -9.165  -14.759 0.1111111119
71824  -31.576  -10.823  -17.030 1.0000000000
71854  -33.224  -7.927  -23.387 0.8888888955
71855  -33.447  -8.185  -23.001 0.8888888955
72950  -33.524  -8.090  -16.198 0.1111111119
72951  -33.073  -8.438  -16.579 0.2222222239
72954  -33.016  -8.569  -16.877 0.5555555820
72955  -33.537  -8.107  -16.955 0.3333333433
72997  -35.827  -6.032  -27.364 0.8888888955
74037  -34.247  -7.449  -17.009 0.3333333433
74038  -33.445  -8.331  -17.191 0.5555555820
74061  -36.089  -6.219  -26.714 0.7777777910
74066  -35.999  -5.706  -26.904 0.7777777910
74075  -31.928  -4.498  -26.844 0.1111111119
74076  -32.090  -5.070  -27.128 0.2222222239
75010  -34.387  -7.337  -16.362 0.1111111119
75011  -34.929  -7.070  -16.860 0.1111111119
75012  -35.890  -7.008  -16.126 0.1111111119
75015  -34.754  -7.096  -17.105 0.3333333433
75017  -34.345  -7.294  -17.298 0.3333333433
75018  -33.584  -7.768  -17.058 0.5555555820
75037  -36.109  -5.573  -26.005 0.7777777910
75043  -31.137  -3.670  -27.048 0.1111111119
75044  -36.047  -5.288  -26.424 0.5555555820
75045  -36.066  -5.767  -26.415 0.7777777910
75058  -32.294  -5.341  -27.370 0.1111111119
75965  -36.691  -6.184  -16.973 0.1111111119
75968  -35.688  -6.314  -16.484 0.1111111119
75969  -36.150  -6.051  -16.973 0.1111111119
75970  -32.834  -3.150  -21.642 0.1111111119
75973  -33.130  -3.215  -22.316 0.4444444478
75977  -33.085  -3.750  -22.799 0.4444444478
75988  -36.391  -5.604  -25.062 0.6666666865
75993  -36.230  -5.229  -25.629 0.6666666865
75994  -36.204  -5.595  -25.645 0.7777777910
75999  -30.362  -2.761  -27.132 0.1111111119
76000  -33.157  -4.835  -27.019 0.2222222239
76006  -30.222  -3.544  -27.935 0.1111111119
76967  -36.311  -6.097  -16.943 0.1111111119
76968  -36.850  -6.210  -17.014 0.1111111119
76972  -35.548  -6.176  -16.726 0.3333333433
76973  -35.957  -6.050  -16.744 0.1111111119
76974  -36.752  -5.978  -16.588 0.1111111119
76976  -35.283  -6.153  -16.765 0.3333333433
76983  -32.607  -2.499  -23.223 0.5555555820
76984  -32.969  -2.814  -22.779 0.4444444478
76991  -33.053  -3.269  -22.977 0.4444444478
77000  -36.831  -5.695  -23.804 0.6666666865
77006  -36.528  -5.162  -24.615 0.5555555820
77007  -36.682  -5.458  -24.329 0.5555555820
77907  -36.676  -5.990  -16.083 0.2222222239
77909  -37.293  -5.932  -16.729 0.1111111119
77913  -31.330  -2.806  -21.010 0.1111111119
77923  -32.768  -2.386  -22.484 0.3333333433
77928  -32.667  -2.261  -22.799 0.3333333433
77942  -36.867  -5.276  -23.925 0.5555555820
77967  -31.410  -1.581  -26.296 0.4444444478
77979  -30.047  -1.780  -27.377 0.1111111119
77980  -30.811  -1.643  -26.828 0.1111111119
78875  -31.653  -1.127  -22.087 0.1111111119
78881  -30.955  -0.366  -22.597 0.1111111119
78882  -31.774  -1.102  -23.005 0.1111111119
78889  -37.097  -5.321  -23.368 0.6666666865
78897  -36.978  -4.549  -24.012 0.5555555820
78898  -36.930  -4.890  -23.944 0.5555555820
78907  -36.768  -4.837  -24.218 0.5555555820
80038  -37.213  -4.665  -23.514 0.5555555820
80079  -30.420  -0.896  -28.141 0.1111111119
81172  -36.930  -5.009  -22.192 0.6666666865
81187  -32.149  1.037  -25.172 0.6666666865
81188  -32.264  1.487  -25.348 0.6666666865
81195  -31.967  1.027  -26.153 0.5555555820
81243  -30.496  0.194  -29.039 0.1111111119
81244  -30.739  0.739  -28.803 0.1111111119
81253  -30.359  0.463  -29.590 0.1111111119
81254  -30.559  0.623  -29.194 0.1111111119
82251  -31.026  0.945  -22.997 0.6666666865
82252  -31.468  0.496  -23.611 0.6666666865
82263  -28.731  1.187  -23.483 0.6666666865
82265  -30.227  1.336  -23.128 0.6666666865
82277  -28.762  1.629  -23.751 0.6666666865
82286  -27.013  1.616  -24.575 0.5555555820
82287  -32.123  1.666  -26.243 0.3333333433
82288  -32.289  1.813  -25.710 0.5555555820
82312  -32.224  2.091  -26.273 0.5555555820
82331  -30.472  0.822  -29.660 0.1111111119
82336  -30.382  0.923  -30.022 0.1111111119
83250  -30.211  2.080  -23.552 0.6666666865
83251  -30.845  2.026  -23.587 0.6666666865
83259  -27.943  2.051  -24.526 0.6666666865
83260  -28.479  2.110  -24.207 0.6666666865
83261  -30.545  2.588  -23.742 0.6666666865
83263  -31.978  2.566  -24.604 0.5555555820
83268  -32.443  2.576  -25.209 0.5555555820
84168  -29.160  2.335  -23.783 0.6666666865
84181  -28.036  2.667  -24.680 0.6666666865
84197  -28.958  3.663  -24.288 0.6666666865
84199  -32.370  3.371  -25.518 0.4444444478
84236  -23.469  3.255  -26.891 0.1111111119
85104  -28.814  4.415  -24.631 0.6666666865
85105  -29.441  4.230  -24.418 0.6666666865
85124  -28.918  3.929  -24.412 0.6666666865
85127  -32.136  3.934  -25.484 0.6666666865
85150  -32.232  3.942  -25.968 0.4444444478
85166  -22.219  4.074  -27.059 0.1111111119
86091  -29.381  4.917  -24.706 0.6666666865
86100  -29.287  5.504  -25.104 0.5555555820
86101  -30.197  5.459  -25.228 0.6666666865
86159  -30.965  5.496  -30.970 0.2222222239
86960  -30.646  6.851  -26.307 0.5555555820
86992  -31.893  6.824  -28.657 0.2222222239
86993  -31.929  7.298  -28.849 0.2222222239
87003  -31.998  7.188  -29.118 0.1111111119
87009  -30.930  6.086  -31.060 0.1111111119
87017  -31.085  6.781  -31.244 0.1111111119
87735  -30.926  7.539  -26.751 0.4444444478
87751  -31.164  7.865  -27.170 0.4444444478
87761  -31.629  7.559  -28.140 0.2222222239
87770  -31.983  7.586  -28.972 0.2222222239
87781  -31.054  7.348  -31.711 0.1111111119
87798  -29.984  7.656  -33.972 0.1111111119
88541  -30.486  8.123  -26.934 0.4444444478
88557  -30.981  8.501  -27.574 0.4444444478
88558  -31.469  8.065  -27.907 0.4444444478
88573  -31.859  7.876  -28.789 0.2222222239
88583  -31.749  8.289  -29.595 0.1111111119
88584  -31.954  7.975  -29.054 0.1111111119
88601  -31.239  8.005  -31.307 0.1111111119
88618  -29.857  8.114  -34.176 0.1111111119
89531  -30.364  9.057  -27.600 0.4444444478
89545  -31.148  8.962  -28.529 0.3333333433
89557  -26.032  10.359  -29.208 0.3333333433
89558  -26.181  10.252  -29.084 0.3333333433
89598  -29.922  8.583  -34.098 0.1111111119
89599  -30.105  8.668  -33.644 0.1111111119
89608  -29.942  8.860  -34.081 0.1111111119
90540  -25.296  10.912  -27.431 0.1111111119
90547  -27.205  10.540  -28.716 0.3333333433
91632  -28.324  11.176  -28.884 0.2222222239
91641  -28.834  11.433  -29.066 0.3333333433
91646  -26.691  12.254  -30.004 0.2222222239
91649  -29.919  11.385  -30.438 0.1111111119
91651  -29.760  11.795  -30.786 0.1111111119
92810  -29.380  12.213  -30.740 0.1111111119
93958  -29.802  12.755  -32.287 0.1111111119
95035  -24.698  14.394  -29.269 0.1111111119
95063  -24.778  14.438  -32.962 0.1111111119
95082  -28.844  14.078  -34.605 0.1111111119
96075  -24.563  14.890  -28.452 0.1111111119
96086  -24.542  14.902  -28.842 0.1111111119
96112  -24.989  15.289  -31.791 0.1111111119
138953  -34.074  -5.800  -15.270 0.3333333433
138970  -33.442  -5.964  -15.398 0.4444444478
138979  -33.610  -5.923  -14.814 0.3333333433
139011  -33.255  -5.951  -15.234 0.4444444478
139036  -26.904  -10.868  -14.823 0.1111111119
139079  -27.630  -10.882  -14.761 0.1111111119
139343  -36.207  -5.181  -15.888 0.2222222239
139404  -36.399  -5.790  -16.166 0.2222222239
139407  -36.510  -5.093  -21.657 0.7777777910
139408  -36.414  -5.048  -21.382 0.6666666865
139433  -31.431  -3.360  -20.855 0.1111111119
139434  -31.084  -3.235  -20.790 0.1111111119
139437  -33.588  -6.167  -16.148 0.5555555820
139459  -36.378  -5.293  -21.717 0.7777777910
139460  -36.655  -5.037  -21.982 0.7777777910
139461  -36.881  -4.866  -21.974 0.5555555820
139484  -31.674  -3.497  -20.880 0.1111111119
139485  -31.690  -3.195  -21.026 0.1111111119
139513  -36.628  -5.619  -22.420 0.7777777910
139514  -36.487  -5.288  -21.913 0.7777777910
139515  -36.711  -5.251  -22.189 0.7777777910
139534  -31.924  -3.123  -21.150 0.1111111119
139540  -32.466  -3.354  -21.311 0.1111111119
139541  -33.118  -3.685  -22.001 0.3333333433
139569  -36.950  -5.866  -23.128 0.6666666865
139571  -37.442  -4.574  -23.016 0.5555555820
139604  -35.020  -6.453  -16.717 0.4444444478
139608  -36.508  -6.084  -22.679 0.7777777910
139609  -36.850  -5.868  -23.321 0.6666666865
139625  -26.396  -0.415  -24.453 0.3333333433
139634  -35.126  -6.269  -15.281 1.0000000000
139637  -34.861  -7.132  -20.831 1.0000000000
139638  -35.296  -6.909  -21.400 0.8888888955
139639  -36.602  -6.289  -23.331 0.7777777910
139640  -36.812  -5.981  -23.568 0.7777777910
139651  -33.586  -8.069  -21.982 0.7777777910
139654  -33.533  -8.214  -22.419 0.7777777910
139656  -33.686  -8.325  -22.260 0.8888888955
139678  -34.763  -7.383  -20.949 1.0000000000
139681  -36.724  -4.656  -24.381 0.5555555820
139690  -35.004  -8.069  -22.939 1.0000000000
139702  -35.142  -7.282  -21.623 1.0000000000
139703  -36.635  -4.902  -24.419 0.5555555820
139713  -28.363  0.980  -23.635 0.6666666865
139714  -36.497  -4.881  -24.702 0.6666666865
139729  -36.085  -4.819  -26.018 0.5555555820
139737  -35.931  -4.654  -26.201 0.5555555820
139745  -35.858  -4.824  -26.475 0.5555555820
139750  -31.042  -1.339  -23.163 0.1111111119
139752  -35.586  -4.717  -26.720 0.7777777910
139754  -32.306  -5.007  -27.159 0.2222222239
139762  -34.853  -5.137  -27.508 0.8888888955
139769  -31.724  -0.847  -25.693 0.5555555820
139774  -31.673  -1.215  -25.992 0.4444444478
139780  -32.676  -3.909  -24.872 0.7777777910
139784  -30.999  -2.963  -26.894 0.1111111119
139788  -32.725  -4.400  -24.759 0.7777777910
139791  -31.316  -2.337  -26.458 0.1111111119
139828  -20.884  -11.881  -13.171 0.1111111119
139829  -21.006  -12.015  -13.333 0.1111111119
139831  -21.228  -10.812  -13.086 0.1111111119
139832  -20.889  -11.298  -13.338 0.1111111119
141319  -30.665  1.399  -29.927 0.1111111119
141328  -31.264  4.856  -30.386 0.2222222239
141794  -29.747  8.640  -34.514 0.1111111119
