#!ascii label  , from subject la02 vox2ras=TkReg
2189
12229  -48.528  -60.925  18.505 0.1000000015
11412  -48.145  -62.044  17.435 0.1000000015
9780  -48.278  -64.424  15.443 0.1000000015
11423  -47.852  -62.459  16.643 0.1000000015
11432  -47.661  -63.113  16.077 0.1000000015
12278  -47.250  -61.852  16.262 0.1000000015
10610  -48.107  -63.830  14.289 0.1000000015
11430  -46.715  -62.571  15.372 0.1000000015
12286  -46.364  -61.993  15.230 0.1000000015
10598  -46.608  -63.021  14.984 0.1000000015
11440  -45.771  -62.780  14.496 0.1000000015
12285  -45.951  -61.965  14.729 0.1000000015
10618  -46.127  -63.976  13.693 0.1000000015
12297  -45.332  -62.091  14.097 0.1000000015
13191  -44.765  -60.647  13.067 0.1000000015
10617  -45.521  -63.617  13.611 0.1000000015
12296  -44.708  -61.930  13.401 0.1000000015
11450  -44.964  -62.816  13.504 0.1000000015
14964  -51.505  -58.436  17.345 0.1000000015
13107  -48.812  -60.172  18.128 0.1000000015
14005  -49.220  -59.619  18.015 0.1000000015
12267  -48.075  -61.430  17.101 0.1000000015
14978  -49.695  -58.546  16.904 0.1000000015
14977  -48.944  -58.760  16.839 0.1000000015
13130  -47.787  -60.706  16.806 0.1000000015
14050  -48.421  -59.148  16.548 0.1000000015
13149  -47.055  -61.013  16.351 0.1000000015
14076  -48.230  -58.872  15.435 0.1000000015
14075  -47.087  -59.733  15.007 0.1000000015
13162  -45.740  -61.306  14.395 0.1000000015
14190  -46.010  -59.398  8.371 0.1000000015
14167  -45.708  -59.245  9.794 0.1000000015
14140  -45.843  -59.070  10.982 0.1000000015
14141  -46.674  -59.975  10.605 0.1000000015
14110  -44.681  -59.945  12.612 0.1000000015
14111  -45.779  -59.662  12.698 0.1000000015
14092  -45.305  -60.236  13.136 0.1000000015
14093  -46.030  -60.032  13.641 0.1000000015
13176  -45.215  -60.956  13.722 0.1000000015
14952  -52.634  -58.697  18.031 0.1000000015
15000  -53.331  -58.851  15.659 0.2000000030
14981  -52.915  -58.615  16.438 0.2000000030
14951  -51.857  -58.604  18.103 0.1000000015
14053  -53.048  -59.354  14.921 0.1000000015
14999  -52.510  -58.927  15.600 0.1000000015
14052  -52.192  -59.512  14.905 0.1000000015
14998  -51.285  -58.909  15.416 0.1000000015
18040  -51.728  -55.980  1.240 0.1000000015
16156  -51.620  -57.318  1.586 0.1000000015
15025  -50.867  -59.245  14.580 0.1000000015
15024  -50.079  -58.584  14.730 0.1000000015
15023  -49.256  -58.468  15.356 0.1000000015
15223  -50.685  -58.011  2.759 0.1000000015
15247  -51.255  -57.789  2.312 0.1000000015
15205  -51.100  -58.308  3.633 0.1000000015
14264  -50.910  -59.042  4.748 0.1000000015
14251  -50.976  -59.292  5.453 0.1000000015
14233  -49.604  -59.877  6.623 0.1000000015
14077  -50.277  -59.371  13.989 0.1000000015
15036  -49.398  -58.915  14.051 0.1000000015
14074  -46.472  -60.198  14.394 0.1000000015
15184  -50.657  -58.595  4.346 0.1000000015
14249  -49.169  -59.281  5.723 0.1000000015
14250  -50.056  -59.541  5.632 0.1000000015
14192  -48.407  -59.887  8.140 0.1000000015
13268  -48.935  -60.516  8.441 0.1000000015
13244  -48.760  -60.631  9.364 0.1000000015
14143  -48.137  -60.203  10.645 0.1000000015
14095  -48.138  -59.163  13.935 0.1000000015
14094  -46.912  -59.679  13.986 0.1000000015
14232  -48.489  -59.348  6.411 0.1000000015
14191  -47.300  -59.834  8.368 0.1000000015
13243  -47.993  -60.255  9.646 0.1000000015
14125  -47.444  -59.836  11.643 0.1000000015
14112  -47.021  -59.755  12.896 0.1000000015
14168  -46.594  -60.089  9.334 0.1000000015
13242  -47.249  -60.363  9.907 0.1000000015
13218  -47.307  -60.282  10.407 0.1000000015
14124  -46.361  -59.501  11.787 0.1000000015
13177  -45.925  -60.645  14.278 0.1000000015
14054  -53.803  -59.172  15.026 0.1000000015
15001  -53.981  -58.846  15.746 0.2000000030
14967  -53.586  -58.525  17.394 0.1000000015
14954  -53.418  -58.538  18.421 0.2000000030
14101  -54.297  -59.733  13.693 0.1000000015
13166  -53.189  -60.394  14.062 0.1000000015
18965  -51.145  -54.279  -0.029 0.1000000015
18039  -50.962  -55.364  0.760 0.1000000015
14099  -52.329  -60.523  14.061 0.1000000015
14078  -51.134  -59.849  14.120 0.1000000015
13179  -51.487  -61.035  13.215 0.1000000015
16157  -52.395  -57.012  1.780 0.1000000015
15206  -51.896  -58.112  3.750 0.1000000015
15185  -51.380  -58.621  4.651 0.1000000015
15163  -51.528  -58.969  5.292 0.1000000015
14234  -50.467  -59.759  6.351 0.1000000015
13269  -49.648  -60.841  8.191 0.1000000015
12326  -49.760  -61.152  9.457 0.1000000015
13205  -49.854  -60.977  10.959 0.1000000015
14113  -48.394  -59.690  12.519 0.1000000015
14096  -49.475  -59.446  13.230 0.1000000015
15958  -53.869  -57.678  12.683 0.1000000015
15951  -54.217  -57.505  13.569 0.1000000015
15052  -54.449  -58.477  12.322 0.1000000015
15040  -55.357  -58.303  13.197 0.1000000015
15952  -55.076  -57.659  13.834 0.1000000015
15944  -54.954  -58.008  14.843 0.2000000030
15922  -54.388  -57.706  15.757 0.2000000030
15026  -54.588  -58.642  14.911 0.2000000030
15909  -54.401  -57.601  17.102 0.2000000030
13197  -54.036  -60.151  13.079 0.1000000015
14116  -54.607  -59.195  12.941 0.1000000015
13210  -53.935  -59.925  12.366 0.1000000015
12309  -53.357  -61.975  12.719 0.1000000015
18023  -51.533  -55.521  1.601 0.1000000015
18008  -51.579  -55.815  2.576 0.1000000015
17086  -51.575  -56.276  3.347 0.1000000015
13181  -53.495  -60.811  13.559 0.1000000015
13195  -52.115  -61.517  12.866 0.1000000015
18973  -50.820  -53.883  -0.696 0.1000000015
19931  -52.043  -53.228  -1.165 0.1000000015
18024  -52.224  -56.000  1.772 0.1000000015
18010  -52.552  -56.290  2.213 0.1000000015
15186  -51.976  -58.181  4.545 0.1000000015
15164  -51.716  -58.469  5.440 0.1000000015
13323  -51.189  -59.992  7.302 0.1000000015
12363  -51.407  -60.635  9.076 0.1000000015
12328  -51.256  -61.721  10.250 0.1000000015
11468  -51.881  -61.916  10.583 0.1000000015
13194  -51.434  -61.261  12.545 0.1000000015
18972  -49.821  -53.889  -0.753 0.1000000015
13322  -50.704  -60.159  7.027 0.1000000015
13270  -50.927  -60.653  8.516 0.1000000015
12327  -50.358  -61.487  10.176 0.1000000015
13206  -50.676  -61.281  11.271 0.1000000015
14114  -49.678  -60.387  12.298 0.1000000015
19927  -48.860  -53.522  -0.934 0.1000000015
20954  -48.458  -53.382  -0.789 0.1000000015
138353  -47.757  -53.980  0.089 0.1000000015
138355  -47.720  -52.932  -0.517 0.1000000015
15970  -51.600  -57.792  11.087 0.1000000015
15972  -53.493  -57.980  11.752 0.1000000015
15991  -51.058  -57.722  10.125 0.1000000015
15992  -52.050  -58.061  10.096 0.1000000015
15950  -53.259  -57.471  13.515 0.1000000015
15942  -54.277  -57.368  14.411 0.1000000015
16898  -54.179  -57.190  14.988 0.2000000030
15073  -53.520  -58.613  11.261 0.1000000015
15051  -54.002  -58.298  11.773 0.1000000015
16885  -54.179  -56.816  15.676 0.2000000030
16012  -51.237  -57.811  9.135 0.1000000015
15072  -52.573  -58.878  10.498 0.1000000015
24262  -50.116  -50.417  -1.212 0.1000000015
22016  -51.051  -51.589  -1.357 0.1000000015
20956  -51.427  -52.240  -0.385 0.1000000015
19919  -50.874  -52.874  0.381 0.1000000015
18952  -50.780  -54.220  0.827 0.1000000015
18022  -50.867  -55.269  1.355 0.1000000015
18936  -50.326  -55.072  1.836 0.1000000015
16027  -51.247  -57.776  8.154 0.1000000015
16013  -51.686  -58.150  8.734 0.1000000015
14145  -53.390  -59.421  11.075 0.1000000015
13209  -53.592  -60.287  11.517 0.1000000015
18966  -51.649  -53.659  -0.217 0.1000000015
17069  -51.283  -56.538  4.026 0.1000000015
17056  -51.629  -56.773  4.652 0.1000000015
16082  -51.812  -57.889  5.783 0.1000000015
13246  -52.109  -59.923  9.336 0.1000000015
13223  -52.420  -60.103  10.013 0.1000000015
12319  -53.485  -61.536  11.713 0.1000000015
24272  -49.146  -49.668  -1.373 0.1000000015
17057  -52.049  -56.996  4.004 0.1000000015
16106  -51.964  -57.534  4.764 0.1000000015
16060  -51.707  -58.111  6.470 0.1000000015
14217  -51.717  -59.296  7.656 0.1000000015
14194  -51.921  -59.418  8.717 0.1000000015
11477  -52.416  -61.620  10.508 0.1000000015
11478  -52.944  -61.858  11.196 0.1000000015
22014  -49.811  -51.534  -1.741 0.1000000015
20973  -49.937  -52.197  -1.628 0.1000000015
22013  -49.271  -51.431  -1.693 0.1000000015
22005  -48.418  -51.680  -1.552 0.1000000015
138358  -47.626  -51.591  -1.101 0.1000000015
138354  -46.482  -52.471  0.120 0.1000000015
19918  -46.207  -53.301  0.827 0.1000000015
15957  -52.873  -57.653  12.445 0.1000000015
16010  -50.015  -57.273  9.541 0.1000000015
15969  -50.600  -57.446  11.096 0.1000000015
16026  -50.742  -57.521  8.505 0.1000000015
16993  -50.293  -57.351  8.181 0.1000000015
16913  -52.241  -57.393  12.587 0.1000000015
15941  -53.622  -57.313  14.288 0.1000000015
16040  -50.324  -57.378  7.096 0.1000000015
16041  -50.680  -57.485  7.542 0.1000000015
23115  -50.475  -51.098  -0.689 0.1000000015
19912  -50.287  -53.199  0.863 0.1000000015
18951  -49.977  -53.770  1.298 0.1000000015
16058  -50.922  -57.424  6.706 0.1000000015
16028  -51.583  -58.055  7.844 0.1000000015
16896  -52.604  -56.484  14.569 0.1000000015
16883  -53.281  -56.319  15.430 0.2000000030
21988  -50.512  -51.937  0.124 0.1000000015
17991  -50.278  -55.626  2.842 0.1000000015
17975  -50.761  -56.302  4.359 0.1000000015
17014  -51.483  -57.223  5.772 0.1000000015
16059  -51.472  -57.619  6.292 0.1000000015
15116  -51.777  -58.613  8.033 0.1000000015
24271  -48.319  -49.394  -1.553 0.1000000015
23120  -47.959  -51.048  -1.520 0.1000000015
23119  -47.439  -50.420  -1.330 0.1000000015
138362  -46.407  -50.657  -0.509 0.1000000015
138357  -46.846  -51.748  -0.502 0.1000000015
138306  -46.339  -51.555  -0.243 0.1000000015
17917  -48.370  -56.295  7.241 0.1000000015
16975  -48.987  -56.627  8.242 0.1000000015
16957  -49.471  -57.030  9.275 0.1000000015
17939  -48.773  -56.396  6.217 0.1000000015
16976  -49.808  -57.149  8.530 0.1000000015
15989  -49.726  -57.241  9.963 0.1000000015
15955  -51.209  -57.507  11.872 0.1000000015
16991  -49.249  -56.776  6.984 0.1000000015
15968  -49.813  -57.212  10.709 0.1000000015
16907  -52.337  -57.086  13.252 0.1000000015
17033  -49.875  -56.450  5.608 0.1000000015
17011  -49.473  -56.667  6.180 0.1000000015
16911  -50.360  -56.862  12.292 0.1000000015
24261  -49.785  -49.822  -0.897 0.1000000015
23114  -50.024  -50.753  -0.431 0.1000000015
21987  -49.942  -51.536  0.263 0.1000000015
20945  -50.361  -52.378  0.459 0.1000000015
18935  -49.413  -54.381  1.797 0.1000000015
17990  -49.507  -55.303  2.958 0.1000000015
17974  -50.087  -55.941  4.062 0.1000000015
17958  -50.285  -56.163  4.916 0.1000000015
17012  -50.258  -57.054  6.448 0.1000000015
16912  -51.591  -57.159  12.645 0.1000000015
18919  -49.652  -55.102  2.445 0.1000000015
17992  -50.912  -56.169  3.503 0.1000000015
17013  -51.145  -57.099  5.984 0.1000000015
17834  -52.213  -55.501  15.235 0.1000000015
25486  -48.609  -48.738  -1.362 0.1000000015
25485  -47.993  -48.471  -1.553 0.1000000015
23128  -47.953  -49.885  -1.604 0.1000000015
24260  -46.778  -49.278  -0.982 0.1000000015
138364  -45.850  -49.139  -0.072 0.1000000015
23113  -44.803  -50.213  0.910 0.1000000015
17900  -48.137  -56.131  8.060 0.1000000015
17938  -47.780  -55.757  6.227 0.1000000015
16956  -48.619  -56.695  9.401 0.1000000015
17956  -48.000  -55.415  5.388 0.1000000015
16939  -49.150  -57.023  10.210 0.1000000015
16926  -50.004  -57.069  11.376 0.1000000015
17957  -48.962  -55.845  5.061 0.1000000015
18886  -48.001  -55.170  4.845 0.1000000015
25466  -48.970  -48.658  -0.330 0.1000000015
20944  -49.531  -52.393  0.956 0.1000000015
18918  -48.882  -54.884  2.925 0.1000000015
17973  -49.319  -55.484  3.639 0.1000000015
18897  -48.315  -55.170  3.974 0.1000000015
16925  -49.217  -56.810  11.409 0.1000000015
16906  -51.334  -56.275  13.723 0.1000000015
25475  -49.069  -48.628  -1.053 0.1000000015
24253  -49.187  -49.805  -0.154 0.1000000015
23104  -49.125  -50.682  0.361 0.1000000015
20943  -48.493  -52.449  1.463 0.1000000015
19895  -48.524  -53.807  1.895 0.1000000015
26606  -48.410  -47.712  -1.269 0.1000000015
26604  -46.975  -47.361  -1.384 0.1000000015
26605  -47.648  -47.615  -1.471 0.1000000015
25474  -46.286  -47.903  -0.780 0.1000000015
138365  -45.602  -48.177  -0.159 0.1000000015
138363  -45.121  -49.466  0.609 0.1000000015
18916  -46.756  -54.023  3.798 0.1000000015
18895  -46.490  -54.335  4.724 0.1000000015
18885  -47.219  -55.023  5.347 0.1000000015
19881  -47.050  -53.558  3.028 0.1000000015
16974  -48.138  -56.418  8.702 0.1000000015
21974  -47.919  -51.613  1.618 0.1000000015
19894  -47.722  -53.607  2.382 0.1000000015
18917  -47.744  -54.356  3.246 0.1000000015
18896  -47.375  -54.737  4.304 0.1000000015
16955  -47.624  -56.419  9.551 0.1000000015
26597  -48.841  -47.663  -0.712 0.1000000015
21986  -48.861  -51.538  0.988 0.1000000015
18934  -48.424  -54.232  2.441 0.1000000015
27691  -48.460  -47.086  -0.894 0.1000000015
17841  -51.073  -55.617  14.300 0.1000000015
27699  -47.804  -46.996  -1.251 0.1000000015
27698  -47.378  -47.073  -1.377 0.1000000015
26596  -46.516  -47.044  -1.087 0.1000000015
27688  -45.848  -46.601  -0.597 0.1000000015
138367  -45.454  -47.479  -0.258 0.1000000015
138323  -45.218  -46.585  -0.134 0.1000000015
138368  -44.243  -47.115  0.494 0.1000000015
25464  -44.759  -48.251  0.501 0.1000000015
18871  -46.872  -55.097  6.250 0.1000000015
17916  -47.541  -55.869  7.493 0.1000000015
17915  -46.746  -55.347  7.822 0.1000000015
17899  -47.325  -56.018  8.490 0.1000000015
25465  -48.307  -48.390  0.462 0.1000000015
23103  -48.240  -50.589  1.185 0.1000000015
20918  -47.175  -53.151  2.549 0.1000000015
27690  -47.912  -46.431  -0.662 0.1000000015
27678  -48.515  -46.937  -0.425 0.1000000015
26585  -48.616  -47.503  0.033 0.1000000015
24252  -48.637  -49.202  0.278 0.1000000015
24242  -48.626  -49.922  0.518 0.1000000015
16938  -48.281  -56.676  10.534 0.1000000015
27689  -47.007  -46.455  -1.144 0.1000000015
28742  -46.342  -45.538  -0.517 0.1000000015
28741  -45.453  -45.629  -0.089 0.1000000015
138329  -45.225  -46.156  -0.093 0.1000000015
28739  -44.336  -45.155  0.043 0.1000000015
138370  -44.582  -46.229  0.190 0.1000000015
27676  -43.608  -46.272  0.554 0.1000000015
19880  -46.480  -53.288  3.493 0.1000000015
19848  -45.846  -53.991  5.018 0.1000000015
18884  -46.133  -54.496  5.722 0.1000000015
17937  -46.991  -55.435  6.959 0.1000000015
18883  -45.572  -54.181  6.442 0.1000000015
21962  -46.365  -51.752  2.866 0.1000000015
20930  -47.448  -52.592  2.087 0.1000000015
28743  -47.144  -45.527  -0.487 0.1000000015
28726  -47.537  -45.473  0.170 0.1000000015
29772  -46.725  -45.122  -0.294 0.1000000015
29752  -45.375  -44.423  0.345 0.1000000015
28724  -43.904  -45.405  0.124 0.1000000015
29737  -42.779  -44.539  0.733 0.1000000015
19861  -45.929  -53.421  4.326 0.1000000015
20929  -46.890  -52.176  2.491 0.1000000015
27677  -48.172  -46.405  0.307 0.1000000015
26584  -47.895  -47.389  0.700 0.1000000015
24241  -47.987  -49.421  1.010 0.1000000015
21973  -47.093  -51.618  2.147 0.1000000015
29754  -46.863  -44.733  0.252 0.1000000015
29771  -46.400  -44.936  -0.088 0.1000000015
29751  -44.672  -44.447  0.201 0.1000000015
29750  -44.072  -44.599  -0.030 0.1000000015
30806  -43.128  -43.904  0.424 0.1000000015
30805  -42.453  -43.629  0.720 0.1000000015
21946  -45.899  -51.917  3.659 0.1000000015
24240  -46.996  -49.415  1.729 0.1000000015
23086  -46.680  -50.627  2.174 0.1000000015
28710  -47.577  -45.414  1.034 0.1000000015
25450  -47.484  -48.382  1.137 0.1000000015
30819  -44.250  -43.900  0.164 0.1000000015
31901  -43.465  -42.891  0.474 0.1000000015
25449  -46.596  -48.362  1.726 0.1000000015
27663  -47.594  -46.443  1.148 0.1000000015
26570  -47.167  -47.383  1.366 0.1000000015
30823  -46.940  -44.191  0.852 0.1000000015
30821  -45.712  -43.739  0.607 0.1000000015
30820  -44.902  -43.823  0.441 0.1000000015
33006  -43.025  -41.606  0.929 0.1000000015
29738  -47.169  -44.666  0.867 0.1000000015
29753  -46.133  -44.441  0.357 0.1000000015
31921  -45.190  -43.105  0.759 0.1000000015
31920  -44.372  -43.263  0.452 0.1000000015
33007  -44.091  -41.681  1.074 0.1000000015
34191  -43.775  -40.677  1.230 0.1000000015
30822  -46.560  -43.742  0.885 0.1000000015
31903  -45.502  -42.407  1.254 0.1000000015
31902  -44.601  -42.492  0.909 0.1000000015
33008  -44.972  -41.709  1.530 0.1000000015
10592  -47.878  -63.500  16.274 0.1000000015
11422  -47.550  -62.153  16.373 0.1000000015
11431  -47.316  -62.634  15.925 0.1000000015
10599  -47.071  -63.201  15.101 0.1000000015
10609  -47.474  -63.662  14.448 0.1000000015
13164  -46.869  -60.472  15.735 0.1000000015
14028  -49.742  -58.899  17.534 0.1000000015
14979  -50.876  -58.477  16.569 0.1000000015
14027  -48.930  -59.318  17.477 0.1000000015
14997  -50.064  -58.330  15.841 0.1000000015
14049  -47.502  -59.847  16.241 0.1000000015
15035  -48.996  -58.689  14.678 0.1000000015
15050  -45.298  -58.741  11.228 0.1000000015
14123  -45.283  -59.100  11.890 0.1000000015
14965  -52.449  -58.491  17.287 0.1000000015
14980  -52.000  -58.569  16.429 0.1000000015
14982  -53.566  -58.689  16.505 0.2000000030
16121  -51.944  -57.628  3.051 0.1000000015
14215  -49.477  -60.197  7.313 0.1000000015
14213  -47.915  -59.456  7.439 0.1000000015
13267  -48.140  -60.198  8.869 0.1000000015
12360  -50.008  -61.049  8.565 0.1000000015
13221  -49.583  -60.976  10.034 0.1000000015
14142  -47.640  -60.124  10.800 0.1000000015
14126  -48.560  -60.204  11.291 0.1000000015
14083  -55.232  -58.832  14.314 0.1000000015
15002  -54.385  -58.398  15.449 0.2000000030
14983  -54.130  -58.348  16.528 0.2000000030
13180  -52.444  -61.173  13.605 0.1000000015
16122  -52.120  -57.433  3.621 0.1000000015
14235  -51.159  -59.549  6.528 0.1000000015
13299  -50.876  -60.496  7.907 0.1000000015
12345  -50.956  -61.236  9.544 0.1000000015
13192  -50.018  -60.929  11.652 0.1000000015
14129  -54.020  -59.310  11.757 0.1000000015
17071  -52.293  -56.799  3.237 0.1000000015
12318  -52.098  -61.964  11.845 0.1000000015
19938  -50.708  -52.797  -1.567 0.1000000015
14236  -51.679  -59.035  6.533 0.1000000015
15131  -51.699  -58.590  6.993 0.1000000015
13300  -51.539  -60.038  7.919 0.1000000015
11509  -52.194  -61.013  9.627 0.1000000015
13207  -51.448  -61.433  11.849 0.1000000015
18963  -48.740  -54.248  -0.319 0.1000000015
15990  -50.289  -57.426  10.119 0.1000000015
15971  -52.534  -57.938  11.386 0.1000000015
15098  -51.987  -58.752  9.293 0.1000000015
17818  -53.924  -56.102  16.054 0.2000000030
14144  -52.631  -59.612  10.450 0.1000000015
16042  -51.273  -57.768  7.254 0.1000000015
14169  -52.260  -59.437  9.705 0.1000000015
13224  -52.867  -60.230  10.744 0.1000000015
17034  -50.907  -56.562  5.355 0.1000000015
16043  -51.637  -58.107  7.131 0.1000000015
16895  -51.905  -56.090  14.315 0.1000000015
138359  -45.878  -51.560  0.166 0.1000000015
17032  -49.242  -56.419  5.729 0.1000000015
25484  -47.195  -48.302  -1.384 0.1000000015
138360  -45.515  -50.396  0.371 0.1000000015
138366  -44.945  -47.084  0.077 0.1000000015
23102  -47.495  -50.182  1.620 0.1000000015
21740  -39.953  -51.974  17.523 0.5000000000
15834  -43.197  -57.785  20.597 0.5000000000
15833  -42.432  -57.169  20.028 0.5000000000
20712  -40.727  -53.137  17.276 0.5000000000
19673  -40.882  -53.955  17.544 0.5000000000
22836  -39.025  -49.944  17.635 0.5000000000
21739  -39.311  -51.169  17.322 0.5000000000
20711  -40.228  -52.557  16.960 0.5000000000
15858  -43.145  -57.739  19.377 0.5000000000
20710  -39.677  -51.950  16.596 0.5000000000
20724  -40.222  -52.433  15.828 0.5000000000
21752  -39.436  -51.146  15.957 0.4000000060
19712  -40.734  -52.817  15.647 0.4000000060
14948  -45.427  -58.673  18.835 0.5000000000
14949  -46.685  -58.583  19.088 0.5000000000
15882  -46.412  -58.164  18.169 0.5000000000
16852  -47.925  -56.264  17.174 0.5000000000
15899  -47.632  -56.995  17.450 0.5000000000
18733  -48.577  -54.328  16.885 0.4000000060
20727  -47.782  -52.264  16.192 0.4000000060
18643  -40.702  -54.807  21.972 0.1000000015
16768  -41.840  -56.778  20.755 0.5000000000
21715  -39.457  -50.760  18.143 0.5000000000
21716  -40.414  -51.318  18.516 0.5000000000
23966  -38.959  -49.025  18.502 0.5000000000
22815  -39.712  -50.199  18.634 0.5000000000
25133  -38.746  -48.539  18.967 0.5000000000
26243  -38.593  -47.075  19.949 0.5000000000
25120  -38.590  -48.161  19.206 0.5000000000
27333  -37.905  -46.558  19.598 0.4000000060
25132  -38.424  -48.210  18.493 0.3000000119
23979  -38.709  -49.015  17.585 0.5000000000
22852  -39.070  -50.099  16.376 0.4000000060
21753  -39.893  -51.634  15.410 0.4000000060
18751  -42.530  -54.344  15.364 0.6999999881
17812  -42.105  -55.048  15.810 0.5000000000
26254  -38.140  -47.450  19.154 0.3000000119
25140  -38.351  -47.856  17.609 0.3000000119
23998  -38.917  -48.957  16.647 0.3000000119
21765  -39.958  -50.907  15.129 0.4000000060
19714  -42.122  -53.416  15.112 0.5000000000
16867  -43.064  -56.477  16.624 0.6000000238
16847  -42.460  -56.756  17.510 0.6000000238
14946  -43.647  -58.208  19.166 0.5000000000
14926  -44.702  -58.818  19.974 0.3000000119
23997  -38.564  -48.367  17.173 0.3000000119
22861  -39.731  -50.063  15.421 0.3000000119
21767  -41.914  -51.364  14.473 0.4000000060
19715  -43.033  -53.552  14.977 0.5000000000
17788  -43.522  -55.768  16.079 0.6000000238
16849  -44.668  -57.109  16.896 0.6000000238
15880  -44.655  -58.209  18.171 0.5000000000
15881  -45.507  -58.187  17.979 0.5000000000
24009  -39.595  -49.056  15.759 0.4000000060
22862  -40.727  -50.159  15.060 0.4000000060
19736  -42.697  -52.993  14.770 0.5000000000
18753  -44.477  -54.200  15.249 0.5000000000
16869  -45.209  -56.306  16.302 0.5000000000
16850  -45.869  -57.044  16.920 0.5000000000
25186  -39.436  -48.079  15.876 0.4000000060
24011  -41.631  -49.204  15.267 0.4000000060
22881  -43.215  -50.800  14.625 0.5000000000
19716  -44.034  -53.328  14.871 0.5000000000
18754  -45.286  -54.155  15.635 0.4000000060
16870  -46.178  -56.031  16.485 0.5000000000
16851  -47.048  -56.470  16.847 0.5000000000
22882  -43.671  -50.972  14.745 0.5000000000
19717  -45.040  -53.217  15.402 0.5000000000
19690  -45.697  -53.491  15.716 0.4000000060
17791  -47.069  -55.320  16.276 0.4000000060
17768  -47.696  -55.757  16.766 0.5000000000
22866  -44.840  -50.285  15.372 0.5000000000
21770  -46.027  -51.250  15.499 0.4000000060
19692  -47.282  -53.256  16.308 0.4000000060
19693  -48.200  -53.279  16.612 0.4000000060
22867  -45.697  -50.375  15.491 0.3000000119
21771  -46.885  -51.208  15.707 0.3000000119
22869  -47.337  -50.514  15.249 0.3000000119
22870  -47.891  -50.913  15.089 0.3000000119
18642  -40.515  -54.436  22.133 0.1000000015
19614  -40.663  -53.705  21.860 0.1000000015
18656  -40.694  -54.222  21.938 0.1000000015
18657  -40.906  -54.477  21.583 0.4000000060
17719  -41.176  -55.289  20.929 0.4000000060
16783  -41.469  -56.051  20.352 0.5000000000
16784  -41.833  -56.602  19.932 0.5000000000
20691  -40.598  -52.440  17.885 0.5000000000
16804  -41.587  -56.108  19.347 0.5000000000
25121  -39.279  -48.476  19.450 0.5000000000
23952  -39.782  -49.415  19.249 0.5000000000
26244  -39.444  -47.576  20.138 0.5000000000
26255  -38.780  -47.777  19.619 0.5000000000
16827  -41.858  -56.371  18.304 0.6000000238
27326  -38.355  -46.240  20.352 0.4000000060
27325  -37.704  -45.715  20.001 0.2000000030
29420  -37.536  -44.260  19.892 0.2000000030
26253  -37.721  -46.644  18.706 0.3000000119
26269  -38.135  -47.130  17.051 0.3000000119
25164  -38.836  -47.930  16.462 0.4000000060
28394  -37.447  -44.989  19.481 0.3000000119
27348  -37.817  -46.257  17.245 0.3000000119
28400  -37.437  -45.043  18.497 0.3000000119
28413  -37.679  -45.510  17.022 0.4000000060
26291  -38.638  -47.144  16.411 0.4000000060
27365  -38.376  -46.365  16.435 0.3000000119
26292  -39.278  -47.200  15.943 0.4000000060
25188  -41.457  -48.250  15.466 0.4000000060
25189  -42.452  -48.304  15.611 0.4000000060
27366  -39.051  -46.391  15.951 0.3000000119
26317  -40.771  -47.129  15.468 0.3000000119
26319  -42.204  -47.462  15.382 0.3000000119
22865  -43.936  -50.374  15.105 0.4000000060
26320  -43.288  -47.353  15.408 0.3000000119
25191  -44.248  -48.529  15.453 0.3000000119
22868  -46.544  -50.457  15.432 0.3000000119
27415  -43.224  -46.729  14.470 0.2000000030
26340  -44.158  -47.598  14.952 0.2000000030
25212  -45.518  -48.797  14.765 0.3000000119
24017  -46.830  -49.981  15.104 0.3000000119
26359  -42.421  -47.018  13.214 0.1000000015
25234  -44.900  -48.537  13.821 0.2000000030
25213  -46.186  -49.095  14.665 0.4000000060
27497  -39.270  -46.687  11.049 0.1000000015
19615  -41.183  -53.553  20.913 0.2000000030
18669  -41.219  -54.377  20.460 0.5000000000
17728  -41.284  -55.170  19.743 0.4000000060
21697  -41.107  -51.149  18.991 0.5000000000
21717  -41.214  -52.257  18.575 0.4000000060
19642  -41.308  -53.730  19.025 0.4000000060
18701  -41.195  -54.582  18.881 0.5000000000
25122  -40.074  -48.887  19.724 0.5000000000
22798  -40.278  -50.099  19.182 0.5000000000
22816  -40.364  -50.558  18.894 0.4000000060
17749  -41.414  -55.493  18.592 0.4000000060
27318  -39.752  -46.044  21.026 0.4000000060
27328  -40.060  -46.876  20.647 0.4000000060
25103  -39.967  -48.285  20.019 0.5000000000
28383  -39.482  -45.260  21.332 0.4000000060
27327  -39.183  -46.611  20.520 0.5000000000
28392  -38.960  -45.759  20.849 0.4000000060
29373  -39.302  -44.444  21.689 0.3000000119
29372  -38.707  -44.491  21.275 0.3000000119
29397  -37.766  -44.245  20.441 0.3000000119
31532  -38.480  -42.695  20.670 0.2000000030
29439  -37.421  -44.055  18.978 0.2000000030
32618  -38.790  -42.170  20.577 0.1000000015
31582  -37.787  -42.689  18.937 0.3000000119
32676  -38.266  -41.461  18.788 0.1000000015
30527  -37.528  -43.176  18.233 0.3000000119
29471  -37.595  -44.272  16.966 0.3000000119
32699  -37.832  -41.778  18.051 0.2000000030
31619  -37.588  -42.389  17.567 0.2000000030
30546  -37.741  -43.782  16.498 0.2000000030
28434  -39.420  -45.470  15.392 0.2000000030
27389  -40.584  -46.428  15.210 0.2000000030
29480  -38.556  -44.368  15.373 0.2000000030
28435  -40.161  -45.812  15.077 0.2000000030
27390  -41.240  -46.715  15.064 0.2000000030
29490  -38.788  -44.051  14.657 0.2000000030
28445  -39.909  -45.310  14.416 0.1000000015
27414  -42.368  -46.555  14.353 0.2000000030
27440  -43.321  -46.796  14.009 0.2000000030
29507  -39.586  -44.808  13.378 0.1000000015
28463  -40.117  -45.591  13.646 0.1000000015
27460  -41.261  -46.874  12.955 0.1000000015
29530  -39.400  -44.925  12.360 0.1000000015
28483  -39.924  -45.908  12.728 0.1000000015
26379  -40.771  -47.161  12.441 0.1000000015
28505  -39.248  -45.583  11.669 0.1000000015
27482  -39.774  -46.655  11.809 0.1000000015
28504  -38.875  -45.781  10.916 0.1000000015
29584  -38.149  -44.274  9.499 0.1000000015
21677  -42.144  -51.679  20.241 0.3000000119
20651  -41.774  -52.546  20.294 0.3000000119
19628  -41.484  -53.549  19.900 0.3000000119
18682  -41.250  -54.261  19.602 0.5000000000
22800  -41.916  -50.488  19.765 0.4000000060
21698  -41.657  -51.552  19.352 0.5000000000
20674  -41.648  -52.820  19.171 0.4000000060
27320  -41.410  -46.552  21.267 0.4000000060
26246  -41.245  -47.908  20.521 0.4000000060
25104  -40.731  -48.648  20.164 0.5000000000
23953  -40.627  -49.581  19.683 0.5000000000
28356  -41.724  -45.091  22.861 0.4000000060
28371  -40.704  -45.254  22.079 0.4000000060
27319  -40.584  -46.287  21.144 0.4000000060
27329  -40.938  -47.070  20.737 0.5000000000
29335  -41.011  -44.602  22.709 0.4000000060
29353  -40.243  -44.543  22.203 0.4000000060
29336  -41.830  -44.454  23.246 0.4000000060
30377  -42.184  -43.633  23.447 0.3000000119
30400  -40.318  -43.655  22.486 0.3000000119
31480  -40.248  -42.942  22.288 0.3000000119
31479  -39.879  -43.279  22.144 0.3000000119
31511  -41.313  -41.941  21.957 0.3000000119
31510  -40.400  -42.237  21.902 0.2000000030
32621  -40.974  -41.423  20.421 0.1000000015
32649  -39.415  -41.299  19.914 0.1000000015
33881  -38.942  -40.811  18.411 0.1000000015
32700  -38.312  -41.073  17.740 0.1000000015
32730  -37.799  -41.492  16.379 0.2000000030
33898  -39.163  -40.455  17.235 0.1000000015
31631  -37.686  -42.085  15.841 0.2000000030
32717  -38.293  -40.887  16.681 0.2000000030
31645  -38.176  -42.007  14.680 0.2000000030
30567  -38.520  -43.360  14.424 0.1000000015
32772  -38.655  -41.229  13.558 0.1000000015
31668  -38.801  -42.931  13.363 0.1000000015
31692  -38.803  -42.016  13.011 0.1000000015
30600  -39.189  -43.816  12.352 0.1000000015
29554  -39.005  -44.495  11.618 0.1000000015
31713  -38.824  -42.743  11.407 0.1000000015
30623  -38.867  -43.663  11.468 0.1000000015
31726  -38.387  -42.958  10.371 0.1000000015
32849  -38.468  -42.294  9.874 0.1000000015
31736  -38.461  -42.638  9.331 0.1000000015
32881  -39.314  -41.808  8.511 0.1000000015
32902  -39.591  -41.710  7.734 0.1000000015
32904  -41.307  -41.079  7.835 0.1000000015
21655  -41.561  -51.630  21.025 0.3000000119
21678  -42.251  -51.168  20.636 0.3000000119
21699  -42.230  -51.023  20.060 0.4000000060
22801  -42.295  -50.562  20.089 0.3000000119
27321  -42.250  -46.804  21.378 0.3000000119
26234  -41.755  -47.326  20.894 0.3000000119
26247  -41.967  -48.027  20.585 0.4000000060
23937  -41.991  -49.544  20.082 0.4000000060
22782  -42.322  -50.158  20.135 0.3000000119
28373  -42.138  -45.712  22.557 0.3000000119
27312  -41.784  -46.144  21.918 0.3000000119
25106  -42.461  -48.690  20.503 0.4000000060
23938  -42.660  -49.625  20.400 0.4000000060
30378  -43.265  -43.586  23.771 0.3000000119
28357  -42.429  -45.217  23.201 0.3000000119
29337  -42.748  -44.467  23.656 0.3000000119
31454  -43.585  -42.727  23.281 0.3000000119
31481  -41.034  -42.693  22.593 0.3000000119
31482  -41.981  -42.360  22.598 0.3000000119
32596  -41.564  -41.599  21.146 0.2000000030
32622  -41.942  -41.594  20.302 0.1000000015
32652  -42.034  -41.770  19.226 0.1000000015
31584  -42.751  -42.345  18.698 0.1000000015
32677  -40.787  -41.132  18.921 0.1000000015
32702  -42.563  -41.846  17.680 0.1000000015
33883  -40.747  -40.853  18.121 0.1000000015
33900  -41.209  -40.790  17.238 0.1000000015
33913  -39.978  -40.322  16.227 0.1000000015
33912  -38.979  -40.323  15.968 0.2000000030
33928  -39.820  -40.138  15.171 0.2000000030
33927  -38.978  -40.305  14.879 0.2000000030
33972  -38.788  -40.624  13.843 0.1000000015
33945  -39.747  -39.862  14.068 0.1000000015
32773  -38.950  -40.814  13.016 0.1000000015
31693  -38.943  -42.565  12.703 0.1000000015
35184  -39.556  -40.170  12.136 0.1000000015
34018  -39.373  -40.642  11.841 0.1000000015
34032  -39.322  -40.918  11.036 0.1000000015
34019  -39.649  -40.276  11.160 0.1000000015
34047  -39.393  -41.032  10.288 0.1000000015
32882  -39.993  -41.145  8.366 0.1000000015
34071  -40.781  -40.698  8.843 0.1000000015
32883  -41.057  -40.861  8.559 0.1000000015
31792  -42.604  -41.912  8.278 0.1000000015
32905  -42.164  -41.506  7.813 0.1000000015
32906  -42.849  -41.691  7.670 0.1000000015
22764  -41.531  -50.722  21.515 0.2000000030
22765  -42.554  -50.739  21.107 0.2000000030
22766  -43.385  -51.235  21.222 0.2000000030
22783  -42.560  -50.469  20.551 0.3000000119
26235  -42.631  -47.672  20.921 0.3000000119
28374  -42.980  -45.963  22.791 0.3000000119
27313  -42.642  -46.388  22.054 0.3000000119
25088  -43.091  -48.363  20.821 0.3000000119
25107  -43.048  -49.051  20.704 0.3000000119
29321  -43.642  -44.526  23.964 0.3000000119
28339  -44.044  -45.204  24.082 0.3000000119
26237  -44.008  -48.186  21.244 0.3000000119
25089  -43.651  -48.741  20.896 0.3000000119
23939  -43.395  -49.814  20.647 0.2000000030
30356  -44.806  -43.874  24.299 0.2000000030
30355  -44.072  -43.970  24.051 0.2000000030
30379  -44.233  -43.317  23.758 0.3000000119
31484  -43.943  -42.428  22.403 0.3000000119
31483  -42.953  -42.293  22.553 0.3000000119
31513  -43.288  -42.231  21.615 0.2000000030
32597  -42.141  -41.640  21.034 0.1000000015
31535  -43.502  -42.527  20.628 0.2000000030
31560  -43.538  -42.805  19.544 0.1000000015
31606  -44.056  -42.478  17.195 0.1000000015
31608  -45.492  -43.565  17.070 0.1000000015
30560  -47.847  -44.148  15.725 0.1000000015
31621  -44.908  -42.658  16.247 0.1000000015
30570  -47.635  -43.657  14.504 0.1000000015
30571  -48.700  -44.269  14.863 0.1000000015
29509  -50.688  -44.759  13.988 0.1000000015
32719  -42.796  -41.426  16.759 0.1000000015
32720  -43.546  -41.759  16.399 0.1000000015
31633  -44.847  -42.051  15.162 0.1000000015
30569  -47.057  -43.351  14.630 0.1000000015
30587  -48.332  -43.672  13.908 0.1000000015
30589  -50.365  -44.055  13.265 0.1000000015
33915  -42.064  -40.885  16.521 0.1000000015
33931  -42.886  -40.892  15.431 0.1000000015
33914  -40.997  -40.529  16.343 0.1000000015
33947  -41.472  -40.056  14.635 0.2000000030
33946  -40.615  -39.838  14.523 0.1000000015
35141  -41.377  -39.326  13.259 0.1000000015
35161  -40.384  -39.379  12.435 0.1000000015
35186  -41.063  -39.087  11.688 0.1000000015
35185  -39.986  -39.769  11.653 0.1000000015
35206  -40.591  -39.491  10.780 0.1000000015
34048  -39.971  -40.537  9.608 0.1000000015
34050  -41.729  -40.111  9.336 0.1000000015
34049  -40.895  -40.436  9.117 0.1000000015
32885  -42.740  -41.878  8.795 0.1000000015
32884  -42.317  -41.534  8.498 0.1000000015
20633  -46.173  -52.687  21.069 0.2000000030
21657  -43.756  -52.133  20.661 0.2000000030
20632  -45.193  -52.726  21.206 0.2000000030
21679  -44.124  -51.983  20.077 0.2000000030
22784  -43.529  -51.024  20.529 0.3000000119
27305  -43.695  -46.416  23.153 0.3000000119
27315  -43.971  -47.014  22.724 0.3000000119
26230  -44.229  -47.778  22.079 0.3000000119
28359  -44.153  -46.030  23.893 0.3000000119
27306  -44.503  -47.077  23.383 0.3000000119
26220  -44.785  -47.798  22.963 0.3000000119
25075  -44.714  -48.998  21.752 0.3000000119
25090  -44.219  -48.772  21.243 0.3000000119
29324  -46.384  -44.356  24.967 0.2000000030
29311  -45.748  -45.298  25.099 0.3000000119
23917  -44.041  -49.418  20.768 0.2000000030
23940  -44.160  -50.256  20.512 0.2000000030
30357  -45.748  -43.733  24.416 0.2000000030
30380  -45.149  -43.173  23.768 0.2000000030
30381  -46.112  -43.153  23.535 0.2000000030
31455  -44.558  -42.694  23.145 0.3000000119
31456  -45.446  -42.759  22.989 0.3000000119
31514  -44.291  -42.600  21.420 0.2000000030
31516  -45.854  -42.924  21.659 0.2000000030
31537  -45.245  -43.114  20.704 0.2000000030
31536  -44.645  -43.189  20.339 0.2000000030
30482  -45.186  -43.641  19.313 0.1000000015
31646  -45.083  -41.762  14.558 0.1000000015
31647  -45.706  -42.036  14.339 0.1000000015
31671  -47.593  -43.146  13.640 0.1000000015
31672  -48.365  -43.304  13.379 0.1000000015
33932  -43.373  -41.128  15.049 0.1000000015
33950  -44.010  -41.271  14.229 0.1000000015
32775  -45.453  -41.343  13.578 0.1000000015
31695  -47.542  -42.296  12.596 0.1000000015
33948  -42.486  -40.290  14.349 0.1000000015
33976  -44.248  -40.979  13.607 0.1000000015
32806  -45.665  -41.083  12.876 0.1000000015
32807  -46.341  -41.348  12.588 0.1000000015
33974  -42.792  -39.969  13.738 0.1000000015
34021  -44.851  -40.258  11.725 0.1000000015
34020  -44.323  -39.888  11.713 0.1000000015
35164  -43.188  -39.528  12.809 0.1000000015
35163  -42.092  -39.100  12.507 0.1000000015
35188  -42.931  -39.179  11.703 0.1000000015
35209  -43.486  -39.359  11.001 0.1000000015
35187  -42.017  -38.939  11.501 0.1000000015
35207  -41.551  -39.203  10.647 0.1000000015
35219  -40.946  -39.702  9.818 0.1000000015
32852  -41.428  -40.590  9.039 0.1000000015
20610  -47.981  -52.257  22.957 0.3000000119
22744  -47.195  -51.440  22.328 0.3000000119
22743  -46.616  -51.285  21.651 0.3000000119
21682  -46.123  -51.895  20.588 0.2000000030
22786  -45.308  -51.151  20.335 0.2000000030
22785  -44.470  -51.163  20.240 0.2000000030
23889  -46.375  -50.407  21.951 0.3000000119
22742  -46.264  -50.775  21.282 0.3000000119
23919  -45.352  -50.213  20.734 0.3000000119
27307  -45.172  -47.059  23.947 0.3000000119
26221  -45.569  -47.748  23.579 0.3000000119
23860  -45.996  -49.752  22.245 0.3000000119
23887  -45.222  -49.614  21.330 0.3000000119
23941  -44.806  -50.453  20.411 0.2000000030
29313  -47.009  -44.984  25.342 0.2000000030
27292  -45.847  -46.853  24.324 0.3000000119
26208  -46.581  -47.707  24.249 0.3000000119
29325  -47.341  -44.297  24.854 0.2000000030
30358  -46.741  -43.705  24.298 0.2000000030
30402  -46.485  -43.018  22.674 0.3000000119
30429  -46.347  -43.117  21.526 0.2000000030
30428  -45.811  -43.081  21.099 0.2000000030
34036  -45.349  -40.423  10.814 0.1000000015
34034  -43.374  -39.570  10.423 0.1000000015
35221  -42.613  -39.488  9.947 0.1000000015
35220  -42.082  -39.464  9.861 0.1000000015
20592  -48.540  -52.175  23.850 0.1000000015
20593  -49.513  -52.254  24.182 0.2000000030
21640  -48.082  -51.826  22.784 0.3000000119
22727  -48.324  -51.232  23.002 0.3000000119
23863  -48.146  -50.496  23.240 0.3000000119
26222  -46.382  -48.384  23.574 0.3000000119
25053  -47.402  -49.016  23.667 0.3000000119
27294  -47.361  -46.800  25.269 0.3000000119
26209  -47.483  -47.435  25.025 0.3000000119
25024  -47.766  -48.526  24.388 0.3000000119
25023  -46.999  -48.516  23.826 0.3000000119
28326  -48.610  -45.728  25.692 0.2000000030
29314  -47.948  -44.945  25.283 0.2000000030
29326  -48.285  -44.282  24.636 0.1000000015
30382  -47.138  -43.334  23.452 0.2000000030
29339  -49.336  -44.152  23.543 0.1000000015
30383  -48.251  -43.668  23.360 0.2000000030
30403  -47.404  -43.288  22.448 0.2000000030
30404  -48.382  -43.597  22.223 0.2000000030
30430  -47.671  -43.515  21.433 0.3000000119
22728  -49.026  -51.193  23.419 0.3000000119
22711  -48.681  -50.632  23.436 0.3000000119
23839  -48.426  -49.759  23.947 0.3000000119
23838  -47.775  -49.291  23.805 0.3000000119
26188  -48.967  -47.466  25.862 0.3000000119
24995  -47.956  -47.933  25.014 0.3000000119
27274  -48.853  -46.561  25.970 0.2000000030
29316  -49.743  -44.862  24.990 0.1000000015
29327  -49.202  -44.402  24.493 0.1000000015
30384  -48.963  -43.856  22.736 0.1000000015
22713  -50.434  -50.372  24.219 0.3000000119
23842  -51.324  -49.912  24.781 0.2000000030
23840  -49.578  -49.514  24.536 0.3000000119
25025  -48.849  -48.902  24.686 0.3000000119
25026  -49.376  -48.974  24.849 0.3000000119
27251  -49.376  -46.885  26.133 0.2000000030
26189  -49.858  -47.924  25.908 0.3000000119
28311  -50.392  -45.880  26.166 0.2000000030
27252  -50.065  -46.727  26.241 0.2000000030
28329  -52.005  -45.644  25.136 0.1000000015
28345  -52.587  -45.404  24.024 0.1000000015
28344  -51.549  -45.041  24.415 0.1000000015
28343  -50.950  -44.719  24.508 0.1000000015
29328  -50.226  -44.534  24.302 0.1000000015
29330  -51.802  -44.868  23.683 0.1000000015
29329  -51.133  -44.468  23.913 0.1000000015
29340  -50.396  -44.382  23.270 0.1000000015
29356  -50.620  -44.506  22.269 0.1000000015
23826  -50.956  -49.145  25.403 0.2000000030
23805  -51.077  -48.800  25.750 0.2000000030
23825  -50.080  -49.037  25.088 0.2000000030
27253  -51.020  -46.713  26.313 0.2000000030
24998  -50.389  -48.480  25.671 0.2000000030
27254  -52.117  -46.762  26.322 0.1000000015
28330  -53.201  -45.569  25.267 0.1000000015
29342  -52.107  -45.167  23.018 0.1000000015
29341  -51.357  -44.655  23.019 0.1000000015
29357  -51.617  -45.329  22.141 0.1000000015
28361  -53.556  -45.439  23.397 0.1000000015
28360  -52.715  -45.545  22.927 0.1000000015
28376  -52.537  -45.716  22.184 0.1000000015
28378  -54.298  -45.321  22.897 0.1000000015
29360  -54.078  -45.123  22.180 0.1000000015
29359  -53.504  -45.407  22.051 0.1000000015
17786  -41.724  -55.184  16.324 0.4000000060
19689  -40.867  -53.687  16.477 0.5000000000
19688  -40.691  -53.049  15.987 0.5000000000
18729  -41.251  -54.678  16.892 0.4000000060
19713  -41.138  -53.254  15.499 0.5000000000
18750  -41.554  -54.403  15.811 0.6000000238
17766  -41.748  -55.802  17.376 0.5000000000
19658  -40.994  -54.050  18.366 0.4000000060
18713  -41.190  -54.785  17.938 0.4000000060
17787  -42.431  -55.836  16.381 0.5000000000
15857  -42.519  -57.249  19.101 0.5000000000
17767  -42.221  -56.261  16.979 0.6000000238
15879  -43.664  -57.970  18.470 0.5000000000
14925  -43.724  -58.405  19.867 0.3000000119
14927  -45.873  -58.891  19.994 0.5000000000
16828  -42.275  -56.985  18.491 0.5000000000
15815  -43.334  -57.738  21.937 0.5000000000
15878  -42.839  -57.435  18.433 0.5000000000
21766  -40.771  -51.507  14.820 0.4000000060
15898  -46.829  -57.439  17.498 0.5000000000
17792  -48.064  -55.076  16.583 0.4000000060
17793  -48.559  -55.033  16.932 0.4000000060
18732  -47.709  -54.236  16.343 0.4000000060
21754  -47.901  -51.823  15.972 0.3000000119
20749  -47.153  -51.847  16.023 0.4000000060
20692  -41.105  -53.197  18.257 0.5000000000
17813  -42.986  -55.155  15.585 0.6000000238
26259  -37.741  -46.586  18.181 0.3000000119
20745  -42.302  -52.796  14.752 0.5000000000
17814  -43.996  -55.083  15.447 0.6000000238
16868  -44.101  -56.402  16.479 0.6000000238
16848  -43.586  -57.083  17.057 0.6000000238
16866  -42.523  -56.371  16.848 0.6000000238
16846  -41.984  -56.340  17.717 0.6000000238
15894  -43.283  -57.495  17.753 0.5000000000
14947  -44.229  -58.562  19.016 0.5000000000
22863  -41.869  -50.255  14.772 0.4000000060
21782  -42.661  -51.413  14.376 0.4000000060
17789  -44.569  -55.606  15.947 0.6000000238
15896  -45.124  -57.751  17.437 0.5000000000
15895  -44.141  -57.694  17.570 0.5000000000
15897  -45.957  -57.802  17.517 0.5000000000
24010  -40.580  -49.119  15.366 0.4000000060
20769  -43.638  -52.080  14.559 0.5000000000
17790  -45.754  -55.096  15.917 0.4000000060
17815  -44.834  -54.867  15.570 0.5000000000
25187  -40.457  -48.034  15.523 0.4000000060
26316  -40.054  -47.213  15.584 0.3000000119
22864  -43.007  -50.053  14.897 0.5000000000
20770  -44.192  -52.001  14.744 0.5000000000
20746  -44.632  -52.333  14.977 0.5000000000
18730  -45.974  -54.028  15.850 0.4000000060
21768  -44.472  -50.801  15.146 0.5000000000
20747  -45.523  -52.182  15.341 0.4000000060
18731  -46.729  -54.191  16.021 0.4000000060
19691  -46.401  -53.197  15.972 0.4000000060
24015  -45.415  -49.489  15.313 0.4000000060
24014  -44.501  -49.482  15.389 0.4000000060
21769  -44.986  -51.276  15.202 0.4000000060
20726  -46.978  -52.500  16.176 0.4000000060
16805  -42.007  -56.810  19.192 0.5000000000
26245  -40.397  -47.732  20.395 0.5000000000
28391  -38.242  -45.376  20.641 0.3000000119
30480  -37.722  -43.492  19.783 0.2000000030
27336  -37.578  -45.996  18.068 0.3000000119
28412  -37.528  -45.108  17.511 0.3000000119
29458  -37.496  -44.159  17.856 0.3000000119
28424  -38.183  -45.354  16.323 0.3000000119
28425  -38.774  -45.753  15.956 0.3000000119
27388  -39.800  -46.397  15.586 0.3000000119
26318  -41.361  -47.387  15.403 0.3000000119
24013  -43.642  -49.367  15.503 0.3000000119
27391  -41.922  -46.858  14.968 0.3000000119
25190  -43.396  -48.418  15.719 0.3000000119
26321  -43.860  -47.883  15.559 0.3000000119
25211  -44.661  -48.381  14.727 0.3000000119
24016  -46.258  -49.740  15.306 0.4000000060
26360  -43.674  -47.329  13.771 0.2000000030
26361  -44.417  -47.872  14.324 0.3000000119
27438  -41.753  -46.645  13.396 0.2000000030
26402  -40.331  -47.442  11.817 0.1000000015
29553  -38.704  -45.012  10.948 0.1000000015
22799  -40.992  -50.595  19.271 0.4000000060
28384  -40.230  -45.451  21.610 0.4000000060
31508  -38.625  -43.332  21.271 0.3000000119
31533  -38.945  -42.346  20.923 0.2000000030
31558  -38.050  -42.710  19.738 0.2000000030
33862  -38.879  -41.121  19.283 0.1000000015
32620  -40.078  -41.456  20.583 0.1000000015
30545  -37.534  -43.252  16.970 0.2000000030
32716  -37.795  -41.577  17.189 0.2000000030
30557  -37.873  -43.261  15.757 0.2000000030
29481  -39.003  -44.888  15.249 0.2000000030
28446  -40.492  -45.958  14.309 0.2000000030
29491  -39.174  -44.547  14.550 0.1000000015
27412  -41.013  -46.328  14.571 0.2000000030
30568  -38.866  -43.913  14.293 0.1000000015
30585  -38.961  -43.649  13.577 0.1000000015
27437  -41.012  -46.290  13.780 0.2000000030
28464  -40.423  -46.100  13.362 0.1000000015
28484  -40.309  -46.234  12.948 0.1000000015
26380  -41.458  -47.297  12.690 0.1000000015
27458  -40.086  -46.424  12.435 0.1000000015
27483  -40.216  -46.935  12.129 0.1000000015
30622  -38.540  -43.991  10.853 0.1000000015
29571  -38.334  -44.638  10.206 0.1000000015
31737  -38.804  -42.207  8.828 0.1000000015
20629  -41.036  -52.683  21.369 0.3000000119
23954  -41.377  -49.915  19.778 0.4000000060
28385  -41.018  -45.829  21.711 0.4000000060
23936  -41.269  -49.299  20.058 0.4000000060
30376  -41.119  -43.659  22.993 0.3000000119
31453  -42.594  -42.833  23.258 0.3000000119
32595  -40.698  -41.676  21.256 0.2000000030
32651  -41.254  -41.375  19.514 0.1000000015
33864  -40.244  -40.875  18.798 0.1000000015
33882  -39.814  -40.612  18.172 0.1000000015
32731  -38.200  -41.013  15.527 0.2000000030
33899  -40.307  -40.501  17.240 0.1000000015
32744  -38.535  -40.847  14.415 0.1000000015
31667  -38.626  -42.374  13.554 0.1000000015
32804  -38.733  -41.747  13.183 0.1000000015
34000  -39.244  -40.497  12.575 0.1000000015
32821  -39.021  -41.643  11.734 0.1000000015
32833  -38.854  -41.710  10.737 0.1000000015
31712  -38.609  -43.327  11.064 0.1000000015
32832  -38.536  -42.128  10.271 0.1000000015
32850  -38.994  -41.664  9.579 0.1000000015
32851  -39.765  -41.221  9.000 0.1000000015
21656  -41.973  -51.081  21.008 0.2000000030
22763  -41.063  -51.261  21.644 0.2000000030
27322  -43.112  -47.007  21.479 0.3000000119
25105  -41.626  -48.679  20.313 0.4000000060
28358  -43.354  -45.416  23.597 0.3000000119
31512  -42.296  -41.871  21.734 0.1000000015
32679  -42.125  -41.756  18.397 0.1000000015
31559  -42.731  -42.169  19.883 0.1000000015
31585  -43.707  -42.773  18.444 0.1000000015
31605  -43.221  -42.338  17.819 0.1000000015
32678  -41.459  -41.334  18.552 0.1000000015
33901  -41.744  -41.102  17.324 0.1000000015
32703  -43.254  -41.928  17.196 0.1000000015
33929  -40.758  -40.202  15.393 0.1000000015
33944  -38.984  -40.308  14.105 0.1000000015
35139  -39.874  -39.560  13.175 0.1000000015
35140  -40.595  -39.292  13.124 0.1000000015
34033  -39.729  -40.383  10.510 0.1000000015
22739  -43.103  -50.421  21.628 0.2000000030
27314  -43.515  -46.777  22.245 0.3000000119
26229  -43.639  -47.295  21.717 0.3000000119
26236  -43.549  -47.785  21.208 0.3000000119
29322  -44.417  -44.612  24.351 0.3000000119
28340  -44.693  -45.473  24.464 0.3000000119
29323  -45.359  -44.726  24.909 0.3000000119
31534  -42.687  -41.919  20.871 0.1000000015
31561  -44.224  -43.319  19.181 0.1000000015
31586  -44.538  -43.255  18.213 0.1000000015
31607  -44.972  -43.317  17.194 0.1000000015
31622  -45.555  -43.309  16.526 0.1000000015
30548  -46.935  -43.866  16.380 0.1000000015
30547  -46.204  -43.503  16.024 0.1000000015
30559  -46.832  -43.520  15.269 0.1000000015
31620  -44.186  -42.099  15.910 0.1000000015
30558  -46.223  -43.358  15.419 0.1000000015
31634  -45.726  -42.957  15.373 0.1000000015
30586  -47.813  -43.542  13.973 0.1000000015
30588  -49.539  -43.990  13.974 0.1000000015
29508  -49.930  -44.631  14.561 0.1000000015
32732  -43.169  -41.288  16.023 0.1000000015
31632  -44.251  -41.876  15.323 0.1000000015
31648  -46.579  -43.007  14.468 0.1000000015
29531  -51.037  -44.432  13.085 0.1000000015
33930  -41.787  -40.414  15.463 0.1000000015
32733  -43.729  -41.516  15.237 0.1000000015
35124  -41.871  -39.988  14.093 0.1000000015
36392  -41.744  -39.011  12.393 0.1000000015
35218  -40.210  -39.920  10.264 0.1000000015
20608  -46.176  -52.322  21.938 0.2000000030
20654  -45.484  -52.589  20.439 0.2000000030
20630  -43.992  -52.403  20.536 0.2000000030
21638  -46.630  -51.976  21.893 0.3000000119
21680  -44.984  -51.975  20.083 0.2000000030
28341  -45.527  -45.788  24.765 0.3000000119
25050  -44.979  -48.534  22.681 0.3000000119
25076  -45.367  -49.404  22.120 0.3000000119
23918  -44.682  -49.617  20.863 0.3000000119
29312  -46.181  -45.098  25.257 0.3000000119
28342  -46.163  -46.152  24.927 0.3000000119
31457  -45.975  -42.888  22.854 0.3000000119
31485  -44.949  -42.480  22.241 0.2000000030
32747  -45.208  -41.615  14.244 0.1000000015
31670  -46.605  -42.110  13.431 0.1000000015
30602  -49.671  -43.555  12.809 0.1000000015
33977  -44.887  -41.060  13.446 0.1000000015
32776  -46.138  -41.574  13.357 0.1000000015
33975  -43.367  -40.227  13.481 0.1000000015
34002  -44.090  -40.260  12.535 0.1000000015
34001  -43.583  -39.989  12.833 0.1000000015
35189  -43.783  -39.611  11.861 0.1000000015
35208  -42.683  -39.222  10.521 0.1000000015
21639  -47.482  -51.923  22.514 0.3000000119
20609  -47.088  -52.159  22.619 0.3000000119
22745  -47.807  -51.525  22.607 0.3000000119
23890  -47.016  -50.636  22.407 0.3000000119
23861  -46.610  -49.779  22.669 0.3000000119
26207  -45.996  -47.424  24.058 0.3000000119
25051  -45.940  -48.964  22.913 0.3000000119
25052  -46.835  -49.043  23.264 0.3000000119
28324  -46.696  -45.800  25.289 0.3000000119
28325  -47.584  -45.732  25.463 0.3000000119
27293  -46.745  -46.733  24.976 0.3000000119
30359  -47.679  -43.797  24.161 0.2000000030
30456  -45.674  -43.296  20.491 0.2000000030
20571  -48.004  -52.354  24.411 0.1000000015
21626  -49.926  -51.778  23.958 0.2000000030
21624  -48.530  -51.776  23.261 0.3000000119
23862  -47.503  -49.866  23.203 0.3000000119
27273  -48.006  -46.700  25.576 0.3000000119
26187  -48.151  -47.559  25.379 0.3000000119
29315  -48.903  -44.876  25.201 0.2000000030
30360  -48.228  -43.914  24.075 0.1000000015
22729  -49.838  -51.172  23.726 0.3000000119
22712  -49.340  -50.448  23.853 0.3000000119
24996  -48.495  -48.178  25.153 0.3000000119
28310  -49.466  -46.132  26.121 0.2000000030
28327  -49.636  -45.414  25.612 0.2000000030
28328  -50.750  -45.222  25.185 0.1000000015
29355  -49.665  -44.172  22.540 0.1000000015
23841  -50.488  -49.570  24.754 0.3000000119
24997  -49.441  -48.513  25.295 0.3000000119
26169  -50.496  -47.613  26.210 0.2000000030
28312  -51.496  -45.885  26.071 0.1000000015
23806  -51.457  -48.924  25.819 0.2000000030
24974  -51.045  -48.409  26.066 0.2000000030
28313  -52.635  -45.973  26.069 0.1000000015
29358  -52.216  -45.545  22.562 0.1000000015
28377  -53.388  -45.529  22.494 0.1000000015
14901  -45.219  -58.858  21.078 0.3000000119
14851  -45.351  -58.375  23.086 0.3000000119
14879  -45.805  -58.732  22.106 0.3000000119
12093  -44.249  -61.120  23.359 0.2000000030
12183  -44.123  -61.855  21.196 0.2000000030
14821  -44.946  -58.177  23.921 0.4000000060
13868  -44.820  -59.329  24.681 0.3000000119
14791  -45.440  -58.766  24.502 0.3000000119
12949  -45.114  -60.368  24.507 0.3000000119
14902  -46.327  -58.937  21.045 0.4000000060
14823  -46.939  -58.686  24.041 0.4000000060
12094  -45.398  -61.315  23.597 0.2000000030
14880  -46.864  -58.782  22.069 0.4000000060
14777  -46.803  -59.219  25.291 0.4000000060
14928  -46.904  -58.711  20.054 0.4000000060
14950  -47.377  -58.455  19.349 0.4000000060
14793  -47.401  -58.989  24.957 0.4000000060
12929  -46.835  -59.638  25.300 0.3000000119
12095  -46.629  -61.249  23.915 0.3000000119
14904  -48.356  -58.671  20.938 0.4000000060
14853  -47.439  -58.634  23.076 0.4000000060
12974  -46.720  -60.571  24.495 0.4000000060
15883  -47.995  -57.828  18.439 0.4000000060
14854  -48.502  -58.712  22.974 0.4000000060
13871  -48.007  -59.381  24.933 0.3000000119
14882  -48.965  -58.744  21.890 0.4000000060
14825  -49.075  -58.750  23.715 0.4000000060
15859  -48.394  -58.117  19.430 0.4000000060
14855  -49.587  -58.708  22.739 0.4000000060
14795  -49.539  -59.086  24.010 0.3000000119
16829  -48.286  -56.732  17.573 0.4000000060
14931  -49.513  -58.033  20.103 0.4000000060
14826  -50.161  -58.859  23.301 0.4000000060
15860  -49.056  -57.835  19.375 0.4000000060
15861  -50.153  -57.514  19.588 0.4000000060
14906  -50.299  -58.032  20.628 0.4000000060
14883  -50.021  -58.500  21.690 0.4000000060
14796  -50.597  -59.137  23.539 0.3000000119
15884  -49.578  -57.201  18.637 0.4000000060
14907  -51.036  -57.754  20.681 0.4000000060
14884  -51.041  -58.084  21.463 0.4000000060
14856  -50.665  -58.505  22.459 0.3000000119
13874  -50.929  -59.431  23.639 0.2000000030
16830  -49.159  -56.309  17.800 0.3000000119
16831  -50.171  -56.253  18.343 0.4000000060
15885  -50.599  -56.954  18.826 0.4000000060
15836  -51.385  -57.420  20.171 0.4000000060
14885  -51.713  -57.785  21.560 0.4000000060
14827  -51.369  -58.673  23.033 0.2000000030
15773  -52.133  -58.521  23.053 0.2000000030
12979  -52.015  -60.096  23.370 0.3000000119
18714  -49.105  -54.247  17.284 0.3000000119
17750  -49.361  -55.596  17.653 0.3000000119
17751  -49.798  -55.356  17.807 0.3000000119
15817  -52.016  -57.425  21.164 0.3000000119
15797  -52.573  -58.251  22.151 0.2000000030
15795  -52.043  -57.822  21.851 0.2000000030
14799  -52.186  -59.055  23.360 0.2000000030
12101  -51.906  -60.427  22.887 0.2000000030
18702  -49.873  -54.746  17.665 0.3000000119
16806  -51.294  -56.778  19.030 0.4000000060
15818  -52.476  -57.510  21.404 0.1000000015
19674  -49.090  -53.441  17.150 0.3000000119
19675  -49.933  -53.394  17.425 0.3000000119
18704  -51.135  -54.779  17.956 0.2000000030
17730  -52.040  -56.155  18.837 0.2000000030
14830  -52.731  -58.830  22.359 0.1000000015
12125  -52.208  -60.281  22.336 0.2000000030
20715  -50.907  -53.409  16.964 0.2000000030
19660  -51.259  -54.293  17.656 0.2000000030
17754  -52.301  -55.489  18.393 0.1000000015
15839  -52.903  -57.351  20.717 0.1000000015
14886  -53.290  -58.690  21.500 0.1000000015
13012  -53.294  -59.958  21.752 0.1000000015
21755  -48.142  -51.885  15.909 0.2000000030
20713  -49.615  -52.821  17.029 0.3000000119
20714  -50.332  -52.987  17.086 0.3000000119
22883  -47.668  -50.401  14.647 0.2000000030
21773  -48.353  -51.643  15.302 0.1000000015
20728  -48.871  -52.443  16.268 0.3000000119
20730  -50.658  -52.999  16.550 0.2000000030
18718  -52.226  -54.666  17.670 0.1000000015
16810  -53.605  -57.176  19.599 0.1000000015
14933  -53.692  -58.166  19.865 0.1000000015
13940  -53.233  -59.385  21.069 0.1000000015
22884  -47.984  -50.981  14.619 0.2000000030
20750  -48.968  -52.271  15.406 0.2000000030
20751  -49.691  -52.443  15.714 0.2000000030
20731  -51.102  -53.479  16.577 0.1000000015
19677  -51.446  -53.956  17.289 0.1000000015
17772  -52.893  -55.311  17.944 0.1000000015
17773  -53.575  -55.920  17.533 0.1000000015
15864  -53.929  -57.485  19.420 0.1000000015
13939  -53.122  -59.260  20.266 0.1000000015
13061  -52.119  -59.994  19.998 0.1000000015
20771  -48.668  -52.067  14.868 0.1000000015
20752  -50.444  -52.741  15.952 0.2000000030
20753  -50.917  -53.232  16.041 0.1000000015
18734  -52.475  -54.586  16.866 0.1000000015
15887  -54.357  -57.286  18.682 0.1000000015
14955  -53.925  -57.976  18.792 0.1000000015
13938  -52.620  -59.617  19.848 0.1000000015
13060  -51.434  -60.004  19.867 0.1000000015
18755  -51.438  -54.153  15.681 0.1000000015
17795  -53.495  -55.813  16.579 0.1000000015
17774  -54.030  -56.451  17.173 0.1000000015
14953  -53.115  -58.699  18.036 0.1000000015
13985  -52.701  -58.977  18.636 0.1000000015
16871  -54.290  -56.896  16.691 0.1000000015
24030  -47.162  -49.978  14.716 0.2000000030
24051  -47.373  -50.105  14.377 0.1000000015
21786  -48.266  -51.561  14.581 0.1000000015
21804  -48.073  -51.563  14.321 0.1000000015
20773  -50.283  -52.858  15.302 0.1000000015
20790  -48.389  -52.293  14.216 0.1000000015
19741  -50.913  -53.606  15.367 0.1000000015
18756  -52.097  -54.694  15.872 0.1000000015
13986  -53.046  -58.821  18.552 0.1000000015
14932  -53.426  -58.600  19.433 0.1000000015
15900  -54.366  -57.590  18.042 0.1000000015
17816  -52.739  -55.754  15.638 0.1000000015
14822  -45.928  -58.523  23.953 0.3000000119
14852  -46.395  -58.559  23.084 0.4000000060
12973  -44.718  -60.877  23.857 0.3000000119
13869  -45.973  -59.446  24.913 0.3000000119
14792  -46.419  -58.858  24.736 0.3000000119
12071  -45.754  -60.691  24.438 0.3000000119
14881  -47.910  -58.828  22.013 0.4000000060
13870  -47.237  -59.373  25.270 0.3000000119
14929  -47.851  -58.397  19.899 0.4000000060
14824  -48.000  -58.670  24.000 0.4000000060
14794  -48.542  -58.942  24.546 0.3000000119
15862  -51.146  -57.190  19.388 0.4000000060
14857  -51.549  -58.187  22.181 0.2000000030
13875  -51.751  -59.383  23.690 0.2000000030
17752  -50.676  -55.474  18.222 0.3000000119
16785  -51.848  -57.157  19.806 0.2000000030
13909  -52.364  -59.921  22.837 0.2000000030
18703  -50.340  -54.640  17.756 0.3000000119
15838  -52.336  -57.280  20.582 0.2000000030
15819  -52.990  -57.690  21.548 0.1000000015
16833  -51.452  -56.268  18.829 0.4000000060
19659  -50.857  -54.154  17.589 0.2000000030
18705  -51.745  -54.962  18.112 0.2000000030
17731  -52.598  -56.128  18.872 0.1000000015
13010  -52.530  -60.234  21.308 0.1000000015
17755  -53.130  -55.844  18.470 0.1000000015
15840  -53.488  -57.711  20.498 0.1000000015
20729  -49.961  -52.605  16.495 0.3000000119
19678  -52.061  -54.223  17.203 0.1000000015
16835  -54.097  -56.751  18.995 0.1000000015
13032  -52.483  -60.069  20.555 0.1000000015
22903  -47.979  -51.153  14.298 0.1000000015
20772  -49.350  -52.629  14.856 0.1000000015
19694  -51.536  -53.780  16.744 0.1000000015
18719  -52.867  -55.136  17.395 0.1000000015
16854  -53.882  -56.309  17.926 0.1000000015
13959  -52.236  -59.560  19.307 0.1000000015
17794  -52.872  -55.368  16.347 0.1000000015
13958  -51.336  -59.579  19.240 0.1000000015
18769  -51.281  -54.676  15.241 0.1000000015
20791  -49.016  -52.869  14.350 0.1000000015
16754  -41.481  -56.953  22.167 0.3000000119
15791  -41.420  -57.173  23.063 0.2000000030
16733  -41.865  -56.364  24.187 0.2000000030
16767  -41.253  -56.331  21.363 0.4000000060
16755  -41.853  -56.986  21.629 0.4000000060
15792  -42.426  -57.195  22.627 0.3000000119
14818  -41.476  -58.104  24.344 0.2000000030
15814  -42.491  -57.298  21.264 0.4000000060
15769  -42.160  -56.571  23.613 0.2000000030
15753  -43.070  -57.199  24.752 0.2000000030
13893  -41.370  -59.162  24.063 0.1000000015
13865  -42.065  -58.914  24.907 0.2000000030
12969  -41.609  -60.362  23.721 0.1000000015
15793  -43.454  -57.518  23.029 0.3000000119
12989  -40.623  -59.933  22.880 0.1000000015
14789  -43.519  -57.995  24.445 0.2000000030
12089  -41.221  -60.750  23.405 0.1000000015
12091  -41.975  -60.889  22.899 0.1000000015
12970  -42.192  -60.544  23.392 0.1000000015
12990  -42.471  -60.607  22.931 0.1000000015
12150  -41.031  -61.587  21.464 0.1000000015
11303  -41.185  -61.345  22.088 0.1000000015
12118  -42.311  -60.873  22.424 0.1000000015
11351  -41.692  -61.844  21.148 0.1000000015
11332  -42.213  -61.408  21.574 0.1000000015
14819  -43.633  -57.472  24.203 0.2000000030
13867  -43.924  -59.090  24.500 0.2000000030
13866  -43.053  -59.280  24.595 0.2000000030
12947  -43.564  -59.624  24.268 0.2000000030
11353  -42.692  -61.627  21.482 0.1000000015
12204  -41.749  -61.432  20.032 0.1000000015
14877  -43.982  -58.173  22.219 0.2000000030
14850  -44.215  -58.026  23.128 0.3000000119
14790  -44.444  -58.538  24.298 0.2000000030
12948  -44.118  -59.889  24.288 0.2000000030
11306  -43.035  -61.382  21.999 0.1000000015
12205  -42.843  -61.394  20.103 0.1000000015
12181  -42.078  -61.820  20.761 0.1000000015
14900  -44.050  -58.456  21.136 0.2000000030
12972  -44.187  -60.552  23.805 0.2000000030
12182  -43.042  -61.840  20.981 0.1000000015
12120  -44.379  -61.577  22.649 0.1000000015
12206  -44.169  -61.856  19.985 0.1000000015
14878  -44.748  -58.497  22.151 0.2000000030
11334  -44.866  -62.123  21.538 0.1000000015
12121  -45.136  -61.677  22.720 0.1000000015
11354  -44.803  -62.362  20.801 0.1000000015
11308  -45.676  -62.253  22.540 0.1000000015
11335  -45.316  -62.489  21.919 0.1000000015
11287  -46.315  -62.218  23.168 0.1000000015
11411  -44.948  -62.722  18.018 0.1000000015
11369  -44.977  -62.560  20.093 0.1000000015
11355  -45.256  -62.881  21.351 0.1000000015
12975  -47.085  -60.679  24.287 0.3000000119
10535  -45.312  -63.852  21.145 0.1000000015
12151  -43.435  -61.636  21.853 0.1000000015
15770  -43.276  -56.917  23.977 0.2000000030
15794  -43.715  -57.506  23.664 0.3000000119
12092  -43.732  -60.765  23.307 0.1000000015
12228  -44.616  -61.748  18.504 0.1000000015
11391  -45.129  -62.603  19.199 0.1000000015
12249  -44.679  -62.002  17.717 0.1000000015
11370  -45.303  -63.077  20.580 0.1000000015
9678  -46.579  -64.239  22.646 0.1000000015
8908  -46.266  -64.782  21.742 0.1000000015
9679  -47.538  -63.838  22.389 0.2000000030
8920  -46.323  -65.035  20.851 0.1000000015
11289  -47.915  -62.266  23.662 0.2000000030
9665  -47.442  -63.440  22.950 0.2000000030
8909  -46.901  -64.593  21.551 0.2000000030
10503  -48.128  -63.275  22.675 0.1000000015
8921  -47.013  -64.852  20.591 0.1000000015
9680  -48.075  -63.534  22.106 0.2000000030
10490  -48.967  -62.681  22.556 0.1000000015
12096  -47.645  -61.046  24.020 0.2000000030
11290  -48.673  -62.238  23.362 0.1000000015
9696  -47.547  -64.008  21.300 0.1000000015
9697  -47.903  -63.688  21.897 0.1000000015
12073  -47.959  -60.304  24.382 0.2000000030
12097  -48.600  -61.387  23.856 0.2000000030
10505  -48.949  -62.791  22.121 0.1000000015
12098  -49.583  -61.294  23.541 0.1000000015
12122  -49.868  -61.550  22.945 0.1000000015
13872  -49.033  -59.369  24.649 0.2000000030
12953  -49.355  -60.037  24.353 0.2000000030
12976  -49.801  -60.472  23.932 0.2000000030
12123  -50.525  -61.351  22.630 0.1000000015
13873  -49.940  -59.445  24.001 0.2000000030
12099  -50.607  -61.042  23.295 0.1000000015
11337  -49.259  -62.269  21.746 0.1000000015
11288  -47.087  -62.194  23.542 0.1000000015
10486  -46.680  -63.117  23.146 0.1000000015
16753  -41.177  -57.106  22.378 0.1000000015
21654  -40.703  -51.841  21.831 0.1000000015
20589  -45.930  -52.229  22.381 0.1000000015
23916  -42.494  -50.074  21.671 0.1000000015
23915  -42.043  -50.278  21.495 0.1000000015
21635  -43.835  -51.804  21.453 0.1000000015
21622  -45.784  -51.823  23.269 0.2000000030
21637  -45.294  -52.187  22.091 0.1000000015
23885  -43.026  -49.503  22.491 0.1000000015
20590  -46.623  -52.234  23.070 0.2000000030
21659  -44.792  -52.384  21.608 0.1000000015
21636  -44.513  -51.799  21.962 0.1000000015
22740  -43.821  -50.783  22.142 0.1000000015
21658  -44.299  -52.415  21.254 0.1000000015
20591  -47.586  -52.323  23.470 0.2000000030
23884  -41.698  -49.744  22.038 0.1000000015
21621  -45.130  -51.529  22.667 0.1000000015
17709  -40.777  -55.384  21.813 0.1000000015
22714  -51.568  -50.727  24.338 0.1000000015
21614  -51.855  -51.597  24.416 0.1000000015
20574  -51.089  -52.362  24.575 0.1000000015
19569  -49.865  -53.067  25.146 0.1000000015
21613  -50.730  -51.460  24.142 0.1000000015
22716  -53.573  -51.016  24.381 0.1000000015
20576  -53.178  -52.433  24.750 0.1000000015
19572  -52.605  -52.844  25.064 0.1000000015
19544  -50.736  -53.035  25.822 0.1000000015
23843  -52.355  -50.243  24.742 0.1000000015
22715  -52.577  -50.945  24.359 0.1000000015
19571  -51.736  -52.955  25.041 0.1000000015
19557  -50.398  -53.168  25.501 0.1000000015
20546  -49.342  -52.569  26.141 0.1000000015
20550  -52.824  -52.590  26.475 0.1000000015
22703  -54.182  -50.502  24.864 0.1000000015
21616  -53.844  -51.885  24.445 0.1000000015
20562  -53.372  -52.994  25.172 0.1000000015
19559  -52.476  -53.275  25.621 0.1000000015
22702  -53.582  -50.471  24.676 0.1000000015
19558  -51.266  -53.240  25.513 0.1000000015
20548  -50.963  -52.677  26.161 0.1000000015
25000  -53.005  -49.073  25.645 0.1000000015
24975  -52.177  -48.625  26.202 0.1000000015
20565  -55.372  -52.219  26.014 0.1000000015
20578  -54.738  -52.474  25.185 0.1000000015
19548  -53.938  -52.994  26.221 0.1000000015
22704  -55.242  -50.666  25.211 0.1000000015
24976  -53.403  -48.525  26.174 0.1000000015
26170  -51.584  -47.628  26.393 0.1000000015
30457  -46.927  -43.615  20.546 0.1000000015
30508  -46.877  -44.152  18.857 0.1000000015
26171  -52.736  -47.683  26.511 0.1000000015
30483  -46.347  -43.777  19.562 0.1000000015
30458  -48.144  -43.922  20.541 0.1000000015
29461  -47.911  -45.023  17.686 0.1000000015
29441  -47.344  -44.489  18.347 0.1000000015
22718  -55.074  -51.456  25.052 0.1000000015
20552  -54.698  -52.563  26.383 0.1000000015
20551  -53.731  -52.571  26.567 0.1000000015
30507  -46.011  -44.106  18.506 0.1000000015
20572  -49.049  -52.745  24.798 0.1000000015
20594  -50.265  -52.135  24.276 0.1000000015
23827  -52.085  -49.504  25.490 0.1000000015
20575  -52.230  -52.342  24.723 0.1000000015
20573  -50.076  -52.677  24.635 0.1000000015
20560  -49.089  -52.844  25.642 0.1000000015
20561  -49.522  -52.858  25.883 0.1000000015
23828  -53.384  -49.878  25.084 0.1000000015
25001  -53.942  -49.211  25.732 0.1000000015
30484  -47.407  -44.077  19.714 0.1000000015
29440  -46.671  -44.282  18.020 0.1000000015
25235  -45.994  -49.099  14.192 0.1000000015
24049  -45.761  -49.625  13.456 0.1000000015
17707  -39.798  -55.533  21.666 0.1000000015
16765  -40.060  -56.536  21.719 0.1000000015
18655  -39.405  -54.654  21.486 0.1000000015
16782  -39.493  -56.609  21.020 0.1000000015
19627  -39.100  -54.133  21.259 0.1000000015
18641  -39.868  -54.503  22.192 0.1000000015
17692  -40.085  -55.220  22.106 0.1000000015
19626  -38.816  -53.591  20.706 0.1000000015
19612  -38.892  -53.258  21.489 0.1000000015
19613  -39.201  -53.697  21.762 0.1000000015
21653  -38.016  -51.590  21.197 0.1000000015
20627  -38.924  -53.095  21.817 0.1000000015
19521  -38.245  -53.286  28.317 0.1000000015
20530  -37.816  -52.265  28.036 0.1000000015
20544  -35.583  -52.804  26.674 0.1000000015
19540  -34.796  -53.108  25.918 0.1000000015
20542  -34.616  -52.487  25.557 0.1000000015
21600  -34.439  -51.674  24.955 0.1000000015
16766  -40.783  -56.574  22.045 0.1000000015
20569  -34.410  -52.611  24.162 0.1000000015
22708  -34.120  -50.724  23.987 0.1000000015
20650  -38.131  -52.348  20.364 0.1000000015
15790  -40.842  -57.443  22.458 0.1000000015
20603  -34.312  -52.320  22.609 0.1000000015
21651  -34.434  -51.442  21.538 0.1000000015
22779  -35.456  -50.505  20.577 0.1000000015
20649  -37.631  -51.846  19.960 0.1000000015
21652  -37.528  -51.067  20.665 0.1000000015
20626  -38.637  -52.619  21.536 0.1000000015
14847  -40.896  -58.094  22.991 0.1000000015
19596  -34.293  -53.300  22.517 0.1000000015
21673  -35.177  -51.500  20.270 0.1000000015
22781  -37.082  -50.462  20.578 0.1000000015
23935  -37.086  -49.913  21.028 0.1000000015
20539  -37.138  -52.588  27.631 0.1000000015
20538  -36.331  -52.417  27.187 0.1000000015
21584  -35.496  -51.753  26.571 0.1000000015
17693  -40.359  -55.041  22.133 0.1000000015
17708  -40.333  -55.689  21.890 0.1000000015
20543  -34.966  -52.589  26.231 0.1000000015
21601  -34.592  -51.412  25.421 0.1000000015
22681  -35.092  -50.846  26.086 0.1000000015
23878  -34.248  -49.912  22.013 0.1000000015
22760  -35.074  -50.024  20.981 0.1000000015
23933  -35.968  -50.069  20.571 0.1000000015
22762  -38.131  -51.002  21.808 0.1000000015
25066  -34.748  -49.068  22.174 0.1000000015
25086  -35.671  -49.047  21.778 0.1000000015
23913  -36.517  -49.402  21.407 0.1000000015
22761  -37.598  -50.569  21.258 0.1000000015
21557  -38.226  -51.249  28.103 0.1000000015
21556  -37.761  -51.646  27.934 0.1000000015
22643  -38.809  -50.332  28.407 0.1000000015
21558  -39.343  -51.274  28.731 0.1000000015
21569  -37.271  -51.425  27.595 0.1000000015
22657  -36.590  -50.428  27.144 0.1000000015
19597  -39.605  -53.484  22.345 0.1000000015
17694  -40.559  -54.950  22.112 0.1000000015
20605  -39.015  -52.757  22.240 0.1000000015
22682  -35.761  -50.630  26.628 0.1000000015
23821  -34.820  -50.326  25.826 0.1000000015
23835  -34.257  -49.686  24.290 0.1000000015
23854  -33.993  -49.857  22.974 0.1000000015
25041  -34.673  -48.658  23.522 0.1000000015
25087  -36.353  -48.926  22.074 0.1000000015
23879  -36.975  -49.235  21.991 0.1000000015
22644  -39.390  -49.950  29.039 0.1000000015
23747  -39.287  -49.151  29.614 0.1000000015
23735  -39.777  -49.216  30.376 0.1000000015
19598  -40.164  -53.657  22.516 0.1000000015
22658  -37.432  -50.176  27.555 0.1000000015
22659  -38.171  -50.021  27.975 0.1000000015
20604  -38.702  -52.438  22.053 0.1000000015
23798  -36.014  -49.628  26.690 0.1000000015
23770  -36.847  -49.408  27.210 0.1000000015
23880  -37.792  -49.472  22.284 0.1000000015
21632  -38.556  -51.868  22.092 0.1000000015
23797  -35.139  -49.821  26.153 0.1000000015
25067  -35.788  -48.319  22.668 0.1000000015
25018  -34.608  -48.808  24.825 0.1000000015
25042  -35.399  -47.870  23.563 0.1000000015
23746  -38.933  -48.886  29.179 0.1000000015
23757  -38.547  -49.236  28.562 0.1000000015
25068  -36.941  -48.632  22.460 0.1000000015
25019  -35.140  -47.985  24.406 0.1000000015
24966  -35.466  -48.810  26.219 0.1000000015
24965  -34.982  -49.230  26.049 0.1000000015
24992  -35.210  -48.285  25.382 0.1000000015
22735  -38.548  -50.679  22.377 0.1000000015
21633  -39.145  -51.818  22.666 0.1000000015
23771  -37.747  -49.076  27.862 0.1000000015
26227  -36.919  -47.707  23.051 0.1000000015
25069  -37.871  -48.423  22.879 0.1000000015
24946  -36.921  -48.471  27.334 0.1000000015
26226  -36.046  -47.542  23.363 0.1000000015
24967  -36.299  -48.706  26.775 0.1000000015
26199  -35.727  -47.492  25.060 0.1000000015
26200  -36.477  -46.838  24.715 0.1000000015
26182  -35.867  -47.927  25.938 0.1000000015
22736  -39.472  -50.760  22.660 0.1000000015
25070  -38.693  -48.414  23.049 0.1000000015
23881  -38.879  -49.430  22.732 0.1000000015
24927  -38.247  -48.326  28.661 0.1000000015
27303  -38.128  -46.654  24.061 0.1000000015
25043  -38.295  -47.709  23.324 0.1000000015
26214  -36.624  -47.084  23.807 0.1000000015
26228  -37.673  -47.684  23.212 0.1000000015
26162  -36.545  -47.696  26.762 0.1000000015
23882  -39.874  -49.850  22.475 0.1000000015
25044  -39.165  -47.902  23.350 0.1000000015
23855  -39.298  -48.646  23.005 0.1000000015
24912  -38.659  -48.371  29.095 0.1000000015
27266  -37.143  -46.507  25.464 0.1000000015
26146  -36.954  -47.899  27.383 0.1000000015
26120  -37.682  -47.556  27.982 0.1000000015
22630  -39.556  -49.888  29.876 0.1000000015
23713  -41.810  -49.206  31.586 0.1000000015
23712  -40.867  -48.967  31.268 0.1000000015
23736  -40.306  -48.868  30.858 0.1000000015
22622  -40.261  -49.710  30.916 0.1000000015
22698  -34.375  -50.539  24.844 0.1000000015
21610  -34.227  -51.710  23.740 0.1000000015
22722  -34.042  -50.944  22.997 0.1000000015
21631  -34.289  -51.579  22.380 0.1000000015
22732  -34.091  -50.357  22.457 0.1000000015
22778  -34.967  -50.931  20.701 0.1000000015
21674  -36.047  -51.177  19.977 0.1000000015
21675  -37.090  -51.258  19.978 0.1000000015
20673  -38.207  -53.151  19.671 0.1000000015
21568  -36.263  -51.326  27.073 0.1000000015
22734  -37.891  -50.295  21.905 0.1000000015
21570  -37.784  -50.715  27.802 0.1000000015
27286  -37.095  -46.521  24.720 0.1000000015
22600  -40.834  -49.999  31.499 0.1000000015
4999  -40.736  -71.300  9.731 0.1000000015
5065  -41.604  -70.544  5.351 0.1000000015
5046  -41.892  -70.457  6.336 0.1000000015
5631  -42.264  -70.179  6.739 0.1000000015
5609  -41.837  -70.321  7.299 0.1000000015
5020  -39.841  -71.522  8.311 0.1000000015
5066  -42.410  -70.163  5.666 0.1000000015
6336  -43.260  -69.442  4.262 0.1000000015
5687  -43.038  -69.887  3.557 0.1000000015
5561  -41.362  -70.456  10.146 0.1000000015
4989  -40.568  -71.081  10.653 0.1000000015
5576  -41.988  -69.996  9.287 0.1000000015
5589  -41.183  -70.702  7.951 0.1000000015
5575  -41.344  -70.682  9.043 0.1000000015
4988  -40.336  -71.699  10.341 0.1000000015
5632  -42.677  -69.880  6.549 0.1000000015
5021  -40.486  -71.103  7.889 0.1000000015
5031  -40.759  -70.842  7.077 0.1000000015
5652  -42.986  -69.705  5.847 0.1000000015
6317  -43.497  -69.137  4.768 0.1000000015
6318  -43.802  -68.985  4.597 0.1000000015
5673  -44.723  -69.089  3.758 0.1000000015
8256  -40.058  -65.682  13.535 0.1000000015
8306  -40.105  -66.808  11.231 0.1000000015
8271  -40.320  -66.312  13.440 0.1000000015
5549  -41.684  -69.882  10.705 0.1000000015
6183  -41.240  -69.360  10.702 0.1000000015
6203  -41.200  -68.557  10.618 0.1000000015
6859  -40.665  -67.985  10.543 0.1000000015
7593  -40.701  -67.251  11.177 0.1000000015
5562  -42.201  -69.680  10.123 0.1000000015
6182  -40.224  -69.745  11.050 0.1000000015
5548  -40.724  -70.339  11.048 0.1000000015
6234  -42.458  -69.634  8.484 0.1000000015
6297  -43.399  -69.238  5.630 0.1000000015
9004  -40.738  -65.041  14.700 0.1000000015
7557  -39.965  -66.762  12.605 0.1000000015
9003  -40.169  -65.028  13.952 0.1000000015
7594  -41.774  -67.462  11.320 0.1000000015
7577  -41.460  -67.193  11.861 0.1000000015
6844  -41.831  -68.619  10.693 0.1000000015
6184  -42.320  -69.078  10.653 0.1000000015
6256  -42.257  -69.863  7.749 0.1000000015
6257  -42.824  -69.479  7.504 0.1000000015
6258  -43.651  -68.902  7.500 0.1000000015
6278  -43.250  -69.351  6.567 0.1000000015
6279  -43.773  -68.861  6.367 0.1000000015
6219  -42.785  -69.498  9.432 0.1000000015
8270  -39.518  -66.008  12.974 0.1000000015
7546  -40.622  -66.908  13.201 0.1000000015
8297  -39.657  -66.528  11.378 0.1000000015
6204  -43.079  -69.210  10.329 0.1000000015
8269  -39.035  -65.943  12.317 0.1000000015
6186  -44.138  -68.741  11.374 0.1000000015
6165  -44.314  -68.723  11.964 0.1000000015
6823  -44.948  -68.273  13.287 0.1000000015
7559  -41.057  -67.148  12.613 0.1000000015
7578  -42.415  -67.474  11.669 0.1000000015
6846  -43.104  -67.874  11.698 0.1000000015
6185  -43.413  -68.634  11.276 0.1000000015
6164  -43.909  -68.679  11.878 0.1000000015
6835  -44.089  -68.553  12.480 0.1000000015
7561  -43.057  -67.526  12.493 0.1000000015
7560  -42.025  -67.156  12.563 0.1000000015
7549  -43.274  -67.533  13.703 0.1000000015
6834  -43.619  -68.301  12.098 0.1000000015
6187  -44.617  -68.609  11.577 0.1000000015
4998  -40.279  -71.842  9.826 0.1000000015
5011  -40.647  -71.198  8.699 0.1000000015
5045  -41.021  -70.647  6.119 0.1000000015
5047  -42.366  -70.222  6.328 0.1000000015
5590  -41.832  -70.164  8.309 0.1000000015
5608  -41.302  -70.608  7.289 0.1000000015
5610  -42.386  -69.932  7.167 0.1000000015
5672  -44.390  -69.187  3.904 0.1000000015
6163  -43.688  -68.575  11.757 0.1000000015
6319  -44.623  -68.552  4.291 0.1000000015
6337  -43.743  -69.343  4.044 0.1000000015
6836  -44.688  -68.512  12.398 0.1000000015
6845  -42.505  -68.118  11.032 0.1000000015
6860  -41.604  -67.880  10.820 0.1000000015
6861  -42.131  -67.652  11.207 0.1000000015
7545  -40.015  -66.658  12.883 0.1000000015
7558  -40.253  -66.945  12.562 0.1000000015
7576  -40.621  -67.060  11.996 0.1000000015
7579  -42.913  -67.587  11.937 0.1000000015
7595  -42.131  -67.516  11.411 0.1000000015
8282  -39.034  -66.113  11.646 0.1000000015
8283  -39.725  -66.555  12.275 0.1000000015
8284  -40.145  -66.918  12.134 0.1000000015
8298  -40.143  -66.866  11.678 0.1000000015
8305  -39.851  -66.803  10.847 0.1000000015
8893  -46.163  -64.588  22.297 0.1000000015
8894  -46.670  -64.497  22.171 0.2000000030
9663  -46.375  -63.842  22.968 0.1000000015
9664  -46.987  -63.694  23.003 0.2000000030
9791  -47.589  -63.826  14.003 0.1000000015
9804  -45.920  -64.293  13.085 0.1000000015
10487  -47.345  -63.043  23.293 0.2000000030
10488  -47.992  -63.102  23.105 0.1000000015
10489  -48.616  -62.880  22.876 0.1000000015
10504  -48.409  -63.241  22.363 0.1000000015
10600  -47.827  -63.594  15.270 0.1000000015
10607  -45.736  -63.261  14.192 0.1000000015
10608  -46.421  -63.515  14.376 0.1000000015
11291  -49.200  -62.144  22.946 0.1000000015
11304  -41.777  -61.119  21.970 0.1000000015
11305  -42.591  -61.170  21.947 0.1000000015
11307  -45.002  -61.866  22.169 0.1000000015
11309  -49.490  -61.968  22.391 0.1000000015
11310  -50.068  -61.608  22.237 0.1000000015
11330  -41.045  -61.495  21.694 0.1000000015
11331  -41.496  -61.573  21.517 0.1000000015
11333  -42.793  -61.447  21.720 0.1000000015
11338  -49.803  -61.787  22.053 0.1000000015
11352  -42.159  -61.741  21.258 0.1000000015
11410  -44.463  -62.465  17.389 0.1000000015
11441  -46.271  -62.669  14.918 0.1000000015
11451  -45.410  -62.941  14.033 0.1000000015
11459  -52.609  -62.382  11.926 0.1000000015
11460  -52.940  -62.500  12.292 0.1000000015
11469  -52.379  -62.109  11.260 0.1000000015
11470  -53.130  -62.353  11.761 0.1000000015
11476  -51.719  -61.642  9.924 0.1000000015
11491  -51.417  -61.147  9.502 0.1000000015
11492  -52.076  -61.198  9.732 0.1000000015
11493  -52.112  -60.822  9.588 0.1000000015
11507  -51.157  -61.064  9.425 0.1000000015
11508  -51.570  -61.011  9.490 0.1000000015
12072  -46.168  -60.813  24.349 0.4000000060
12074  -48.526  -60.560  24.275 0.2000000030
12075  -49.197  -60.767  24.075 0.2000000030
12090  -41.571  -60.931  23.204 0.1000000015
12100  -51.390  -60.734  23.084 0.1000000015
12117  -41.576  -61.143  22.626 0.1000000015
12119  -43.323  -61.067  22.606 0.1000000015
12124  -51.446  -60.797  22.463 0.2000000030
12126  -52.767  -60.038  21.972 0.1000000015
12127  -53.308  -60.244  21.675 0.1000000015
12152  -44.347  -61.801  21.906 0.2000000030
12155  -51.807  -60.520  21.745 0.2000000030
12156  -52.630  -60.184  21.806 0.2000000030
12157  -53.177  -60.100  21.794 0.1000000015
12158  -53.519  -60.252  21.536 0.1000000015
12188  -52.968  -59.961  21.730 0.1000000015
12189  -53.328  -60.091  21.599 0.1000000015
12250  -48.345  -61.188  17.807 0.1000000015
12266  -47.621  -61.614  16.607 0.1000000015
12277  -46.758  -61.739  15.784 0.1000000015
12298  -52.698  -61.823  13.091 0.1000000015
12299  -53.048  -61.579  13.367 0.1000000015
12308  -52.540  -62.088  12.472 0.1000000015
12316  -50.867  -61.534  10.615 0.1000000015
12317  -51.525  -61.786  11.098 0.1000000015
12329  -52.504  -60.831  10.247 0.1000000015
12330  -52.985  -61.076  10.969 0.1000000015
12343  -50.134  -61.117  8.976 0.1000000015
12344  -50.167  -61.141  9.273 0.1000000015
12346  -52.216  -60.531  9.640 0.1000000015
12347  -52.053  -60.469  9.394 0.1000000015
12361  -50.545  -60.889  8.672 0.1000000015
12362  -50.734  -60.819  8.921 0.1000000015
12364  -51.767  -60.545  9.206 0.1000000015
12387  -50.148  -60.895  8.157 0.1000000015
12388  -50.426  -60.752  8.035 0.1000000015
12930  -46.964  -59.661  25.287 0.3000000119
12950  -46.396  -60.115  24.941 0.3000000119
12951  -47.376  -60.076  24.782 0.3000000119
12952  -48.373  -59.884  24.617 0.2000000030
12954  -50.295  -59.900  23.866 0.2000000030
12956  -51.913  -59.765  23.649 0.3000000119
12957  -52.157  -59.659  23.629 0.3000000119
12968  -41.033  -60.167  23.443 0.1000000015
12971  -43.173  -60.176  23.542 0.1000000015
12980  -52.196  -59.813  23.496 0.3000000119
12991  -42.858  -60.648  22.765 0.1000000015
12992  -52.194  -60.098  22.888 0.2000000030
12993  -52.411  -60.283  22.451 0.2000000030
12994  -52.693  -59.889  22.159 0.1000000015
13011  -52.906  -59.999  21.577 0.1000000015
13033  -52.979  -59.882  21.109 0.1000000015
13034  -53.031  -59.763  21.502 0.1000000015
13059  -50.563  -59.970  19.730 0.1000000015
13131  -48.305  -60.443  17.415 0.1000000015
13148  -46.687  -61.027  15.789 0.1000000015
13163  -46.375  -60.980  15.074 0.1000000015
13165  -52.860  -60.659  13.984 0.1000000015
13175  -44.563  -61.246  13.156 0.1000000015
13178  -50.882  -60.928  12.829 0.1000000015
13182  -53.889  -60.212  13.511 0.1000000015
13193  -50.634  -61.022  12.183 0.1000000015
13196  -53.732  -60.846  12.482 0.1000000015
13204  -49.188  -60.652  10.796 0.1000000015
13208  -51.975  -61.636  12.301 0.1000000015
13219  -47.802  -60.254  10.268 0.1000000015
13220  -48.567  -60.430  10.283 0.1000000015
13222  -50.307  -61.240  10.558 0.1000000015
13245  -49.549  -61.028  8.976 0.1000000015
13247  -52.208  -60.235  9.379 0.1000000015
13266  -47.423  -60.268  9.198 0.1000000015
13271  -51.276  -60.472  8.528 0.1000000015
13272  -51.774  -60.170  8.835 0.1000000015
13273  -52.045  -60.129  9.200 0.1000000015
13297  -49.319  -60.399  7.779 0.1000000015
13298  -50.052  -60.521  7.490 0.1000000015
13301  -51.767  -59.753  8.274 0.1000000015
13321  -50.218  -60.132  6.845 0.1000000015
13846  -46.724  -59.543  25.205 0.3000000119
13847  -46.959  -59.390  25.483 0.4000000060
13864  -41.586  -58.508  24.663 0.2000000030
13876  -52.160  -59.389  23.684 0.2000000030
13892  -40.922  -59.418  23.337 0.1000000015
13894  -42.336  -59.855  24.135 0.1000000015
13895  -42.856  -59.775  24.062 0.2000000030
13896  -52.218  -59.832  23.181 0.2000000030
13897  -52.199  -59.524  23.381 0.2000000030
13908  -40.983  -58.732  23.413 0.1000000015
13910  -52.389  -59.593  22.645 0.2000000030
13911  -52.883  -59.480  21.799 0.1000000015
13924  -53.097  -59.207  21.503 0.1000000015
13960  -52.966  -59.091  19.185 0.1000000015
13984  -52.034  -59.127  18.661 0.1000000015
14006  -49.927  -59.288  18.101 0.1000000015
14026  -48.197  -59.893  16.903 0.1000000015
14051  -51.502  -59.496  14.646 0.1000000015
14055  -54.251  -58.836  15.107 0.2000000030
14079  -51.944  -59.967  14.269 0.1000000015
14080  -52.753  -60.073  14.369 0.1000000015
14081  -53.622  -59.871  14.236 0.1000000015
14082  -54.534  -59.112  14.467 0.1000000015
14097  -50.609  -60.307  13.296 0.1000000015
14098  -51.638  -60.535  13.820 0.1000000015
14100  -53.816  -60.166  13.756 0.1000000015
14102  -55.237  -59.117  13.788 0.1000000015
14115  -50.443  -60.668  12.663 0.1000000015
14117  -55.296  -58.824  13.346 0.1000000015
14127  -49.428  -60.670  11.416 0.1000000015
14128  -53.706  -59.662  11.412 0.1000000015
14146  -53.913  -58.965  11.249 0.1000000015
14193  -48.908  -60.168  7.947 0.1000000015
14214  -48.904  -59.870  7.398 0.1000000015
14216  -51.474  -59.579  7.188 0.1000000015
14252  -51.528  -59.143  5.816 0.1000000015
14262  -49.710  -59.148  5.102 0.1000000015
14263  -50.364  -59.169  4.866 0.1000000015
14778  -47.127  -59.165  25.525 0.4000000060
14787  -41.857  -57.820  24.887 0.2000000030
14788  -42.736  -58.044  25.091 0.2000000030
14797  -51.528  -59.039  23.543 0.2000000030
14798  -52.051  -58.970  23.530 0.2000000030
14820  -43.970  -57.870  23.952 0.2000000030
14828  -51.908  -58.770  23.424 0.2000000030
14829  -52.334  -59.137  22.803 0.2000000030
14848  -41.264  -58.030  23.700 0.2000000030
14849  -43.723  -57.877  22.612 0.3000000119
14858  -52.584  -59.139  22.330 0.1000000015
14859  -52.911  -58.807  21.902 0.1000000015
14903  -47.361  -58.822  20.989 0.4000000060
14905  -49.344  -58.504  20.850 0.4000000060
14908  -53.487  -58.666  20.110 0.1000000015
14909  -53.526  -58.665  20.847 0.1000000015
14930  -48.750  -58.323  20.066 0.4000000060
14963  -50.463  -58.631  17.461 0.1000000015
14966  -53.122  -58.604  17.275 0.1000000015
14968  -54.031  -58.158  17.707 0.2000000030
14996  -49.058  -58.573  16.170 0.1000000015
15003  -54.743  -58.330  14.996 0.2000000030
15027  -54.994  -58.542  14.619 0.2000000030
15037  -55.525  -57.983  13.676 0.1000000015
15038  -55.466  -58.285  14.067 0.1000000015
15041  -55.537  -58.650  13.575 0.1000000015
15074  -54.058  -58.683  11.598 0.1000000015
15146  -51.744  -58.411  6.230 0.1000000015
15207  -52.143  -57.841  4.158 0.1000000015
15224  -51.479  -57.924  2.982 0.1000000015
15751  -41.972  -57.177  24.688 0.2000000030
15752  -42.399  -57.227  24.872 0.2000000030
15754  -52.257  -58.894  23.308 0.2000000030
15755  -52.075  -58.753  23.308 0.2000000030
15768  -41.670  -57.168  24.176 0.2000000030
15771  -43.680  -57.368  23.993 0.2000000030
15772  -51.904  -58.257  22.435 0.2000000030
15774  -52.248  -58.687  22.762 0.2000000030
15775  -52.413  -58.857  22.791 0.1000000015
15796  -52.309  -57.795  21.986 0.2000000030
15798  -52.704  -58.561  22.155 0.1000000015
15816  -51.553  -57.587  20.909 0.4000000060
15820  -53.266  -58.247  21.621 0.1000000015
15835  -50.828  -57.567  20.093 0.4000000060
15837  -51.857  -57.254  20.201 0.2000000030
15863  -51.601  -57.189  19.734 0.4000000060
15886  -51.006  -56.823  18.911 0.4000000060
15923  -54.664  -58.104  15.254 0.2000000030
15943  -54.614  -57.507  14.806 0.2000000030
15953  -55.173  -57.779  14.385 0.1000000015
15956  -52.026  -57.676  12.029 0.1000000015
15959  -54.682  -57.782  12.873 0.1000000015
15973  -54.159  -57.995  12.238 0.1000000015
15993  -52.819  -58.320  11.056 0.1000000015
16011  -50.542  -57.463  9.312 0.1000000015
16057  -50.557  -57.399  6.917 0.1000000015
16081  -51.682  -57.356  5.505 0.1000000015
16105  -51.751  -57.100  5.096 0.1000000015
16139  -51.770  -57.580  2.462 0.1000000015
16140  -52.346  -57.185  2.494 0.1000000015
16715  -42.135  -56.746  24.575 0.2000000030
16716  -42.706  -56.764  24.635 0.2000000030
16717  -43.116  -56.767  24.543 0.2000000030
16734  -42.555  -56.425  24.276 0.2000000030
16735  -42.947  -56.623  24.396 0.2000000030
16786  -52.099  -57.095  19.851 0.2000000030
16787  -52.659  -57.125  19.919 0.2000000030
16788  -53.165  -57.262  19.964 0.1000000015
16807  -51.710  -56.788  19.284 0.2000000030
16808  -52.363  -56.630  19.349 0.2000000030
16809  -53.220  -56.584  19.247 0.1000000015
16832  -51.076  -56.348  18.742 0.4000000060
16834  -53.759  -56.298  18.364 0.1000000015
16853  -48.558  -56.002  17.394 0.5000000000
16855  -54.232  -56.727  17.850 0.1000000015
16884  -53.775  -56.360  15.622 0.2000000030
16897  -53.727  -56.862  15.028 0.2000000030
16958  -50.048  -57.206  9.083 0.1000000015
16977  -50.300  -57.326  8.729 0.1000000015
16992  -49.883  -57.224  7.574 0.1000000015
17035  -51.495  -56.957  5.403 0.1000000015
17055  -51.149  -56.422  4.682 0.1000000015
17070  -51.826  -56.634  3.684 0.1000000015
17087  -52.105  -56.276  2.975 0.1000000015
17088  -52.521  -56.491  2.552 0.1000000015
17097  -52.172  -56.615  1.586 0.1000000015
17098  -52.564  -56.538  1.986 0.1000000015
17113  -51.779  -56.562  1.262 0.1000000015
17729  -51.701  -56.197  18.841 0.4000000060
17753  -51.497  -55.668  18.550 0.4000000060
17769  -48.339  -55.568  17.015 0.5000000000
17770  -49.088  -55.137  17.391 0.3000000119
17771  -49.627  -54.850  17.584 0.3000000119
17796  -53.980  -56.286  16.615 0.1000000015
17811  -41.746  -54.924  15.941 0.6000000238
17817  -53.410  -55.914  15.949 0.2000000030
17959  -50.837  -56.289  4.862 0.1000000015
18007  -50.990  -55.420  2.044 0.1000000015
18009  -52.348  -56.072  2.355 0.1000000015
18025  -52.494  -56.159  2.016 0.1000000015
18041  -52.039  -56.272  1.421 0.1000000015
18668  -39.075  -54.542  20.888 0.1000000015
18715  -49.673  -54.252  17.508 0.3000000119
18716  -50.291  -53.943  17.546 0.3000000119
18717  -51.572  -54.468  17.772 0.2000000030
18735  -53.084  -55.335  16.950 0.1000000015
18752  -43.505  -54.320  15.159 0.5000000000
18953  -51.380  -53.593  0.305 0.1000000015
18967  -51.962  -53.460  -0.717 0.1000000015
18971  -49.196  -53.768  -0.842 0.1000000015
18974  -51.589  -53.630  -0.670 0.1000000015
18975  -51.848  -53.647  -0.720 0.1000000015
19543  -50.206  -53.045  25.757 0.1000000015
19547  -53.172  -53.072  26.213 0.1000000015
19555  -49.384  -52.937  25.602 0.1000000015
19556  -49.716  -53.001  25.637 0.1000000015
19560  -53.609  -53.193  25.752 0.1000000015
19561  -54.328  -53.033  25.909 0.1000000015
19568  -49.400  -52.963  25.382 0.1000000015
19570  -50.732  -53.085  24.990 0.1000000015
19676  -50.627  -53.588  17.325 0.2000000030
19695  -51.911  -54.059  16.931 0.1000000015
19718  -45.807  -52.840  15.665 0.4000000060
19719  -51.438  -53.810  16.138 0.1000000015
19720  -51.906  -54.128  16.534 0.1000000015
19737  -43.349  -52.817  14.677 0.5000000000
19738  -43.975  -52.526  14.731 0.5000000000
19739  -49.424  -53.199  14.389 0.1000000015
19910  -48.199  -53.199  1.767 0.1000000015
19911  -49.185  -53.330  1.420 0.1000000015
19913  -51.024  -53.404  0.451 0.1000000015
19920  -51.545  -52.986  -0.002 0.1000000015
19921  -52.023  -53.140  -0.611 0.1000000015
19928  -49.450  -53.293  -1.196 0.1000000015
19929  -50.375  -53.376  -1.209 0.1000000015
19930  -51.275  -53.375  -1.279 0.1000000015
19937  -49.991  -52.857  -1.449 0.1000000015
19939  -51.499  -52.744  -1.534 0.1000000015
19940  -51.936  -52.706  -1.426 0.1000000015
20547  -50.062  -52.827  26.011 0.1000000015
20553  -55.251  -52.083  26.372 0.1000000015
20563  -54.232  -53.022  25.352 0.1000000015
20564  -54.866  -52.721  25.725 0.1000000015
20577  -54.057  -52.616  24.770 0.1000000015
20579  -55.170  -52.172  25.565 0.1000000015
20588  -34.352  -52.526  23.272 0.1000000015
20607  -45.667  -52.431  21.848 0.1000000015
20631  -44.293  -52.540  20.637 0.2000000030
20648  -34.888  -52.139  20.004 0.1000000015
20652  -44.143  -52.415  20.366 0.2000000030
20653  -44.643  -52.636  20.259 0.2000000030
20655  -46.034  -52.340  20.588 0.2000000030
20716  -51.261  -53.621  16.901 0.1000000015
20723  -39.733  -51.835  15.921 0.5000000000
20725  -40.590  -52.958  16.510 0.5000000000
20743  -40.847  -52.541  15.230 0.4000000060
20744  -41.709  -52.430  14.739 0.5000000000
20748  -46.406  -52.133  15.777 0.4000000060
20767  -42.217  -51.900  14.364 0.4000000060
20768  -42.732  -52.278  14.458 0.4000000060
20774  -50.715  -53.039  15.631 0.2000000030
20899  -46.144  -52.606  3.555 0.1000000015
20917  -46.745  -52.744  2.849 0.1000000015
20955  -50.956  -52.321  0.065 0.1000000015
20957  -51.892  -52.621  -0.554 0.1000000015
20963  -48.077  -52.239  -1.140 0.1000000015
20964  -48.641  -52.760  -1.247 0.1000000015
20965  -49.417  -52.650  -1.481 0.1000000015
20966  -51.668  -52.163  -0.875 0.1000000015
20967  -52.062  -52.658  -1.035 0.1000000015
20972  -49.122  -52.145  -1.624 0.1000000015
20974  -50.842  -52.149  -1.730 0.1000000015
20975  -51.602  -52.159  -1.453 0.1000000015
20976  -52.100  -52.707  -1.275 0.1000000015
21582  -34.549  -51.947  25.461 0.1000000015
21583  -34.713  -51.690  25.786 0.1000000015
21606  -55.742  -51.455  25.611 0.1000000015
21615  -52.891  -51.710  24.495 0.1000000015
21617  -54.604  -51.966  24.804 0.1000000015
21618  -55.092  -51.919  25.224 0.1000000015
21620  -34.222  -51.809  23.008 0.1000000015
21625  -49.239  -51.758  23.692 0.3000000119
21660  -46.464  -52.032  20.998 0.2000000030
21672  -34.713  -51.311  20.866 0.1000000015
21676  -37.709  -51.590  20.408 0.1000000015
21681  -45.652  -51.970  20.367 0.2000000030
21694  -35.235  -51.986  19.853 0.1000000015
21772  -47.729  -51.433  15.735 0.3000000119
21783  -43.361  -51.467  14.495 0.5000000000
21784  -44.103  -51.329  14.857 0.5000000000
21785  -44.497  -51.731  14.908 0.5000000000
21997  -50.250  -51.253  -0.182 0.1000000015
21998  -50.693  -51.574  -0.386 0.1000000015
21999  -51.295  -51.865  -0.667 0.1000000015
22006  -50.692  -51.265  -0.809 0.1000000015
22007  -51.090  -51.590  -1.009 0.1000000015
22015  -50.789  -51.588  -1.534 0.1000000015
22699  -34.660  -50.888  25.484 0.1000000015
22717  -54.479  -51.248  24.675 0.1000000015
22721  -34.013  -50.307  22.688 0.1000000015
22726  -47.730  -50.876  22.705 0.3000000119
22733  -34.192  -50.635  22.217 0.1000000015
22759  -34.637  -50.511  21.218 0.1000000015
22767  -45.882  -50.815  20.782 0.3000000119
22768  -46.276  -51.398  20.899 0.2000000030
22780  -36.367  -50.518  20.345 0.1000000015
22787  -45.876  -51.470  20.542 0.2000000030
22880  -42.529  -50.741  14.546 0.5000000000
23070  -46.068  -50.899  2.872 0.1000000015
23087  -47.484  -50.919  1.776 0.1000000015
23121  -50.148  -50.419  -0.814 0.1000000015
23122  -50.438  -50.862  -1.018 0.1000000015
23123  -51.054  -51.359  -1.046 0.1000000015
23129  -48.511  -50.499  -1.659 0.1000000015
23130  -49.551  -50.673  -1.577 0.1000000015
23131  -50.207  -50.937  -1.368 0.1000000015
23132  -50.687  -51.284  -1.320 0.1000000015
23756  -38.128  -48.707  28.306 0.1000000015
23758  -39.087  -49.284  29.065 0.1000000015
23772  -38.192  -49.433  28.097 0.1000000015
23796  -34.814  -49.431  25.875 0.1000000015
23820  -34.572  -49.786  25.429 0.1000000015
23824  -49.622  -49.003  24.931 0.3000000119
23844  -53.111  -50.497  24.586 0.1000000015
23853  -33.962  -50.067  22.731 0.1000000015
23877  -34.038  -50.119  22.508 0.1000000015
23888  -45.833  -50.083  21.434 0.3000000119
23911  -34.827  -49.663  21.414 0.1000000015
23912  -35.617  -49.656  21.047 0.1000000015
23914  -37.347  -49.767  21.624 0.1000000015
23934  -36.464  -49.915  20.736 0.1000000015
23965  -38.626  -48.622  18.332 0.3000000119
23978  -38.539  -48.556  17.958 0.3000000119
24012  -42.676  -49.262  15.393 0.5000000000
24028  -46.088  -49.171  15.092 0.4000000060
24029  -46.602  -49.505  14.811 0.4000000060
24050  -46.741  -49.788  14.205 0.2000000030
24270  -47.599  -49.280  -1.484 0.1000000015
24273  -49.833  -50.256  -1.325 0.1000000015
24926  -37.888  -48.213  28.191 0.1000000015
24947  -37.354  -48.094  27.765 0.1000000015
24973  -50.545  -48.148  26.017 0.2000000030
24991  -34.787  -48.977  25.717 0.1000000015
24999  -50.851  -48.703  25.715 0.2000000030
25002  -54.512  -49.264  25.826 0.1000000015
25085  -35.166  -49.276  21.539 0.1000000015
25163  -38.448  -47.714  16.911 0.3000000119
25192  -44.848  -48.957  15.093 0.4000000060
25236  -46.428  -49.330  14.470 0.4000000060
26100  -38.472  -47.819  28.968 0.1000000015
26121  -38.180  -47.553  28.537 0.1000000015
26147  -37.203  -47.429  27.484 0.1000000015
26161  -36.046  -48.279  26.413 0.1000000015
26167  -49.326  -47.213  26.075 0.2000000030
26168  -49.672  -47.300  26.113 0.2000000030
26190  -50.306  -48.051  25.986 0.2000000030
26201  -37.095  -46.691  24.254 0.1000000015
26213  -35.800  -47.320  24.107 0.1000000015
26215  -37.646  -47.028  23.702 0.1000000015
26260  -37.997  -47.100  18.045 0.3000000119
26339  -43.704  -47.073  14.703 0.2000000030
26358  -41.899  -46.928  13.072 0.1000000015
26401  -39.796  -47.157  11.461 0.1000000015
27272  -47.264  -46.343  25.367 0.3000000119
27287  -37.781  -46.413  24.546 0.1000000015
27291  -44.937  -46.412  24.213 0.3000000119
27332  -37.510  -45.867  19.083 0.3000000119
27337  -37.751  -46.511  17.881 0.3000000119
27347  -37.619  -45.736  17.455 0.3000000119
27392  -42.641  -46.789  15.049 0.3000000119
27413  -41.590  -46.453  14.376 0.2000000030
27439  -42.856  -46.682  13.809 0.2000000030
27459  -40.587  -46.685  12.733 0.1000000015
27481  -39.184  -46.248  11.188 0.1000000015
27700  -48.208  -46.998  -1.091 0.1000000015
28323  -46.051  -45.617  25.118 0.3000000119
28372  -41.293  -45.397  22.358 0.4000000060
28382  -38.819  -44.971  21.105 0.3000000119
28388  -53.134  -45.605  21.956 0.1000000015
28390  -37.710  -44.878  20.290 0.2000000030
28423  -37.697  -44.938  16.777 0.3000000119
28433  -38.789  -45.176  15.651 0.3000000119
28725  -44.492  -45.564  0.144 0.1000000015
28740  -44.787  -45.335  0.167 0.1000000015
29334  -40.631  -44.436  22.534 0.4000000060
29338  -48.669  -44.047  24.046 0.1000000015
29352  -39.698  -44.268  22.041 0.3000000119
29354  -40.797  -44.962  22.373 0.4000000060
29374  -39.822  -44.913  21.701 0.4000000060
29380  -53.444  -45.055  21.647 0.1000000015
29398  -38.210  -44.532  20.882 0.3000000119
29472  -37.975  -44.328  16.303 0.3000000119
29749  -43.421  -44.612  0.275 0.1000000015
29768  -44.552  -44.908  0.087 0.1000000015
29769  -45.093  -44.977  0.190 0.1000000015
29770  -45.812  -44.995  0.026 0.1000000015
30375  -40.632  -44.185  22.651 0.4000000060
30399  -39.608  -43.800  22.119 0.3000000119
30401  -40.663  -43.220  22.637 0.3000000119
30426  -38.531  -44.030  21.384 0.3000000119
30427  -39.005  -43.660  21.728 0.3000000119
30453  -37.697  -43.900  20.228 0.3000000119
30454  -38.037  -43.644  20.679 0.3000000119
30455  -45.144  -43.461  20.080 0.2000000030
30481  -38.057  -43.129  20.223 0.2000000030
30505  -37.632  -43.296  19.056 0.3000000119
30528  -45.431  -43.675  17.353 0.1000000015
30556  -37.610  -42.709  16.303 0.2000000030
30572  -49.430  -44.455  14.677 0.1000000015
30584  -38.674  -43.100  13.695 0.1000000015
30601  -48.916  -43.458  13.353 0.1000000015
30639  -38.193  -43.864  10.114 0.1000000015
30648  -38.207  -43.486  9.498 0.1000000015
30818  -43.684  -43.891  0.219 0.1000000015
31452  -41.764  -42.994  23.051 0.3000000119
31486  -45.795  -42.820  22.174 0.2000000030
31509  -39.375  -42.753  21.591 0.3000000119
31515  -45.423  -42.857  21.271 0.2000000030
31557  -37.808  -43.055  19.369 0.3000000119
31583  -38.063  -42.125  19.225 0.2000000030
31604  -37.691  -42.412  18.287 0.2000000030
31630  -37.579  -42.233  16.698 0.2000000030
31635  -46.280  -43.292  15.084 0.1000000015
31649  -47.201  -43.292  14.296 0.1000000015
31669  -46.014  -41.704  13.721 0.1000000015
31727  -38.586  -42.353  10.727 0.1000000015
31771  -42.666  -41.928  8.488 0.1000000015
31919  -43.916  -43.473  0.269 0.1000000015
32594  -39.913  -41.886  21.296 0.2000000030
32619  -39.251  -41.889  20.737 0.1000000015
32648  -38.556  -41.842  19.928 0.2000000030
32650  -40.328  -41.147  19.623 0.1000000015
32675  -37.893  -42.073  18.661 0.3000000119
32701  -41.907  -41.408  17.834 0.1000000015
32718  -42.197  -41.345  17.218 0.1000000015
32734  -44.317  -41.767  15.014 0.1000000015
32745  -43.907  -41.377  14.557 0.1000000015
32746  -44.540  -41.503  14.388 0.1000000015
32774  -44.772  -41.213  13.763 0.1000000015
32805  -38.931  -41.382  12.680 0.1000000015
32853  -42.067  -40.817  9.071 0.1000000015
33863  -39.581  -40.871  19.071 0.1000000015
33884  -41.407  -41.082  17.820 0.1000000015
33916  -42.737  -41.096  16.194 0.1000000015
33949  -43.486  -40.989  14.478 0.1000000015
33973  -39.144  -40.256  13.341 0.1000000015
34003  -45.086  -40.818  12.769 0.1000000015
34004  -45.717  -40.980  12.513 0.1000000015
34070  -40.398  -40.785  8.891 0.1000000015
35121  -40.196  -39.531  13.533 0.1000000015
35122  -40.633  -39.525  13.765 0.1000000015
35123  -41.377  -39.670  13.996 0.1000000015
35142  -42.276  -39.679  13.543 0.1000000015
35143  -42.972  -39.752  13.473 0.1000000015
35160  -39.628  -39.847  12.530 0.1000000015
35162  -41.261  -39.052  12.493 0.1000000015
35165  -43.675  -39.862  12.509 0.1000000015
35205  -40.013  -39.918  10.852 0.1000000015
36391  -41.535  -38.984  12.292 0.1000000015
36407  -41.375  -38.958  12.135 0.1000000015
36408  -41.651  -38.920  12.081 0.1000000015
138301  -46.458  -51.913  -0.181 0.1000000015
138302  -46.257  -51.875  -0.040 0.1000000015
138320  -45.362  -46.922  -0.275 0.1000000015
138361  -47.061  -51.102  -0.895 0.1000000015
138369  -44.922  -45.782  0.112 0.1000000015
