#!ascii label  , from subject la02 vox2ras=TkReg
585
14902  -46.327  -58.937  21.045 0.0000000000
16905  -50.061  -55.984  13.204 0.0000000000
19717  -45.040  -53.217  15.402 0.0000000000
18704  -51.135  -54.779  17.956 0.0000000000
22901  -46.619  -50.419  13.615 0.0000000000
17749  -41.414  -55.493  18.592 0.0000000000
22836  -39.025  -49.944  17.635 0.0000000000
27312  -41.784  -46.144  21.918 0.0000000000
24013  -43.642  -49.367  15.503 0.0000000000
22868  -46.544  -50.457  15.432 0.0000000000
26360  -43.674  -47.329  13.771 0.0000000000
19673  -40.882  -53.955  17.544 0.0000000000
21697  -41.107  -51.149  18.991 0.0000000000
30377  -42.184  -43.633  23.447 0.0000000000
29372  -38.707  -44.491  21.275 0.0000000000
14825  -49.075  -58.750  23.715 0.0000000000
18755  -51.438  -54.153  15.681 0.0000000000
16835  -54.097  -56.751  18.995 0.0000000000
16885  -54.179  -56.816  15.676 0.0000000000
16850  -45.869  -57.044  16.920 0.0000000000
15860  -49.056  -57.835  19.375 0.0000000000
20750  -48.968  -52.271  15.406 0.0000000000
19752  -47.993  -53.064  13.367 0.0000000000
16867  -43.064  -56.477  16.624 0.0000000000
20745  -42.302  -52.796  14.752 0.0000000000
25186  -39.436  -48.079  15.876 0.0000000000
25106  -42.461  -48.690  20.503 0.0000000000
25103  -39.967  -48.285  20.019 0.0000000000
26259  -37.741  -46.586  18.181 0.0000000000
29480  -38.556  -44.368  15.373 0.0000000000
15795  -52.043  -57.822  21.851 0.0000000000
19818  -45.049  -54.023  8.131 0.0000000000
16938  -48.281  -56.676  10.534 0.0000000000
16012  -51.237  -57.811  9.135 0.0000000000
27391  -41.922  -46.858  14.968 0.0000000000
26321  -43.860  -47.883  15.559 0.0000000000
14881  -47.910  -58.828  22.013 0.0000000000
17832  -50.936  -55.146  14.630 0.0000000000
17816  -52.739  -55.754  15.638 0.0000000000
16895  -51.905  -56.090  14.315 0.0000000000
15950  -53.259  -57.471  13.515 0.0000000000
16912  -51.591  -57.159  12.645 0.0000000000
17790  -45.754  -55.096  15.917 0.0000000000
18731  -46.729  -54.191  16.021 0.0000000000
24030  -47.162  -49.978  14.716 0.0000000000
22870  -47.891  -50.913  15.089 0.0000000000
22903  -47.979  -51.153  14.298 0.0000000000
20790  -48.389  -52.293  14.216 0.0000000000
21802  -47.010  -51.408  13.607 0.0000000000
15894  -43.283  -57.495  17.753 0.0000000000
16846  -41.984  -56.340  17.717 0.0000000000
20711  -40.228  -52.557  16.960 0.0000000000
19713  -41.138  -53.254  15.499 0.0000000000
21753  -39.893  -51.634  15.410 0.0000000000
22862  -40.727  -50.159  15.060 0.0000000000
22861  -39.731  -50.063  15.421 0.0000000000
26235  -42.631  -47.672  20.921 0.0000000000
25104  -40.731  -48.648  20.164 0.0000000000
27329  -40.938  -47.070  20.737 0.0000000000
30480  -37.722  -43.492  19.783 0.0000000000
27325  -37.704  -45.715  20.001 0.0000000000
28400  -37.437  -45.043  18.497 0.0000000000
28413  -37.679  -45.510  17.022 0.0000000000
15885  -50.599  -56.954  18.826 0.0000000000
14907  -51.036  -57.754  20.681 0.0000000000
16785  -51.848  -57.157  19.806 0.0000000000
14933  -53.692  -58.166  19.865 0.0000000000
19838  -45.103  -53.640  6.770 0.0000000000
17898  -46.418  -55.398  8.858 0.0000000000
16975  -48.987  -56.627  8.242 0.0000000000
21768  -44.472  -50.801  15.146 0.0000000000
21770  -46.027  -51.250  15.499 0.0000000000
24015  -45.415  -49.489  15.313 0.0000000000
25212  -45.518  -48.797  14.765 0.0000000000
25234  -44.900  -48.537  13.821 0.0000000000
18713  -41.190  -54.785  17.938 0.0000000000
20691  -40.598  -52.440  17.885 0.0000000000
21715  -39.457  -50.760  18.143 0.0000000000
28356  -41.724  -45.091  22.861 0.0000000000
28384  -40.230  -45.451  21.610 0.0000000000
30400  -40.318  -43.655  22.486 0.0000000000
31533  -38.945  -42.346  20.923 0.0000000000
33862  -38.879  -41.121  19.283 0.0000000000
19677  -51.446  -53.956  17.289 0.0000000000
17754  -52.301  -55.489  18.393 0.0000000000
18719  -52.867  -55.136  17.395 0.0000000000
17774  -54.030  -56.451  17.173 0.0000000000
15909  -54.401  -57.601  17.102 0.0000000000
15944  -54.954  -58.008  14.843 0.0000000000
15040  -55.357  -58.303  13.197 0.0000000000
15051  -54.002  -58.298  11.773 0.0000000000
15882  -46.412  -58.164  18.169 0.0000000000
14929  -47.851  -58.397  19.899 0.0000000000
16830  -49.159  -56.309  17.800 0.0000000000
18702  -49.873  -54.746  17.665 0.0000000000
20749  -47.153  -51.847  16.023 0.0000000000
19674  -49.090  -53.441  17.150 0.0000000000
20714  -50.332  -52.987  17.086 0.0000000000
20752  -50.444  -52.741  15.952 0.0000000000
19740  -50.099  -53.340  14.704 0.0000000000
18776  -49.205  -54.398  13.413 0.0000000000
15880  -44.655  -58.209  18.171 0.0000000000
16849  -44.668  -57.109  16.896 0.0000000000
17814  -43.996  -55.083  15.447 0.0000000000
17786  -41.724  -55.184  16.324 0.0000000000
18751  -42.530  -54.344  15.364 0.0000000000
19716  -44.034  -53.328  14.871 0.0000000000
22881  -43.215  -50.800  14.625 0.0000000000
25188  -41.457  -48.250  15.466 0.0000000000
26317  -40.771  -47.129  15.468 0.0000000000
23954  -41.377  -49.915  19.778 0.0000000000
22798  -40.278  -50.099  19.182 0.0000000000
23966  -38.959  -49.025  18.502 0.0000000000
27327  -39.183  -46.611  20.520 0.0000000000
25120  -38.590  -48.161  19.206 0.0000000000
23979  -38.709  -49.015  17.585 0.0000000000
25164  -38.836  -47.930  16.462 0.0000000000
27366  -39.051  -46.391  15.951 0.0000000000
14882  -48.965  -58.744  21.890 0.0000000000
14856  -50.665  -58.505  22.459 0.0000000000
15839  -52.903  -57.351  20.717 0.0000000000
14830  -52.731  -58.830  22.359 0.0000000000
20801  -45.574  -52.529  12.460 0.0000000000
18781  -46.509  -54.208  12.380 0.0000000000
17845  -48.335  -55.390  12.539 0.0000000000
17873  -47.014  -55.994  11.286 0.0000000000
16910  -49.148  -55.989  12.603 0.0000000000
16926  -50.004  -57.069  11.376 0.0000000000
15970  -51.600  -57.792  11.087 0.0000000000
27390  -41.240  -46.715  15.064 0.0000000000
14880  -46.864  -58.782  22.069 0.0000000000
17840  -50.493  -55.326  13.949 0.0000000000
17833  -51.660  -55.595  14.682 0.0000000000
17841  -51.073  -55.617  14.300 0.0000000000
16906  -51.334  -56.275  13.723 0.0000000000
18754  -45.286  -54.155  15.635 0.0000000000
18730  -45.974  -54.028  15.850 0.0000000000
19690  -45.697  -53.491  15.716 0.0000000000
24050  -46.741  -49.788  14.205 0.0000000000
24051  -47.373  -50.105  14.377 0.0000000000
22902  -47.564  -50.576  14.053 0.0000000000
21803  -47.774  -51.472  14.035 0.0000000000
22923  -46.292  -51.051  13.319 0.0000000000
16804  -41.587  -56.108  19.347 0.0000000000
16805  -42.007  -56.810  19.192 0.0000000000
16828  -42.275  -56.985  18.491 0.0000000000
16827  -41.858  -56.371  18.304 0.0000000000
20710  -39.677  -51.950  16.596 0.0000000000
20724  -40.222  -52.433  15.828 0.0000000000
21752  -39.436  -51.146  15.957 0.0000000000
21765  -39.958  -50.907  15.129 0.0000000000
22852  -39.070  -50.099  16.376 0.0000000000
27313  -42.642  -46.388  22.054 0.0000000000
27314  -43.515  -46.777  22.245 0.0000000000
27322  -43.112  -47.007  21.479 0.0000000000
27321  -42.250  -46.804  21.378 0.0000000000
26234  -41.755  -47.326  20.894 0.0000000000
27320  -41.410  -46.552  21.267 0.0000000000
31582  -37.787  -42.689  18.937 0.0000000000
29439  -37.421  -44.055  18.978 0.0000000000
29458  -37.496  -44.159  17.856 0.0000000000
31619  -37.588  -42.389  17.567 0.0000000000
17752  -50.676  -55.474  18.222 0.0000000000
16806  -51.294  -56.778  19.030 0.0000000000
16833  -51.452  -56.268  18.829 0.0000000000
17899  -47.325  -56.018  8.490 0.0000000000
17900  -48.137  -56.131  8.060 0.0000000000
22865  -43.936  -50.374  15.105 0.0000000000
22866  -44.840  -50.285  15.372 0.0000000000
24014  -44.501  -49.482  15.389 0.0000000000
26340  -44.158  -47.598  14.952 0.0000000000
25211  -44.661  -48.381  14.727 0.0000000000
26361  -44.417  -47.872  14.324 0.0000000000
21716  -40.414  -51.318  18.516 0.0000000000
28357  -42.429  -45.217  23.201 0.0000000000
29336  -41.830  -44.454  23.246 0.0000000000
29335  -41.011  -44.602  22.709 0.0000000000
30376  -41.119  -43.659  22.993 0.0000000000
32618  -38.790  -42.170  20.577 0.0000000000
14795  -49.539  -59.086  24.010 0.0000000000
19694  -51.536  -53.780  16.744 0.0000000000
19678  -52.061  -54.223  17.203 0.0000000000
18734  -52.475  -54.586  16.866 0.0000000000
16883  -53.281  -56.319  15.430 0.0000000000
17795  -53.495  -55.813  16.579 0.0000000000
17818  -53.924  -56.102  16.054 0.0000000000
15922  -54.388  -57.706  15.757 0.0000000000
15951  -54.217  -57.505  13.569 0.0000000000
15958  -53.869  -57.678  12.683 0.0000000000
15052  -54.449  -58.477  12.322 0.0000000000
15972  -53.493  -57.980  11.752 0.0000000000
14949  -46.685  -58.583  19.088 0.0000000000
17750  -49.361  -55.596  17.653 0.0000000000
18714  -49.105  -54.247  17.284 0.0000000000
20726  -46.978  -52.500  16.176 0.0000000000
21771  -46.885  -51.208  15.707 0.0000000000
21755  -48.142  -51.885  15.909 0.0000000000
20728  -48.871  -52.443  16.268 0.0000000000
20713  -49.615  -52.821  17.029 0.0000000000
20729  -49.961  -52.605  16.495 0.0000000000
20730  -50.658  -52.999  16.550 0.0000000000
20791  -49.016  -52.869  14.350 0.0000000000
19753  -48.906  -53.356  13.846 0.0000000000
18767  -49.663  -53.886  14.168 0.0000000000
18775  -48.542  -53.879  13.039 0.0000000000
16848  -43.586  -57.083  17.057 0.0000000000
15895  -44.141  -57.694  17.570 0.0000000000
16868  -44.101  -56.402  16.479 0.0000000000
17789  -44.569  -55.606  15.947 0.0000000000
17788  -43.522  -55.768  16.079 0.0000000000
17766  -41.748  -55.802  17.376 0.0000000000
18729  -41.251  -54.678  16.892 0.0000000000
19714  -42.122  -53.416  15.112 0.0000000000
19715  -43.033  -53.552  14.977 0.0000000000
19736  -42.697  -52.993  14.770 0.0000000000
20769  -43.638  -52.080  14.559 0.0000000000
21782  -42.661  -51.413  14.376 0.0000000000
24010  -40.580  -49.119  15.366 0.0000000000
24011  -41.631  -49.204  15.267 0.0000000000
25187  -40.457  -48.034  15.523 0.0000000000
26316  -40.054  -47.213  15.584 0.0000000000
23937  -41.991  -49.544  20.082 0.0000000000
25122  -40.074  -48.887  19.724 0.0000000000
23952  -39.782  -49.415  19.249 0.0000000000
25121  -39.279  -48.476  19.450 0.0000000000
28383  -39.482  -45.260  21.332 0.0000000000
27318  -39.752  -46.044  21.026 0.0000000000
28392  -38.960  -45.759  20.849 0.0000000000
26253  -37.721  -46.644  18.706 0.0000000000
27333  -37.905  -46.558  19.598 0.0000000000
26254  -38.140  -47.450  19.154 0.0000000000
25132  -38.424  -48.210  18.493 0.0000000000
25140  -38.351  -47.856  17.609 0.0000000000
23997  -38.564  -48.367  17.173 0.0000000000
26269  -38.135  -47.130  17.051 0.0000000000
28424  -38.183  -45.354  16.323 0.0000000000
27365  -38.376  -46.365  16.435 0.0000000000
28425  -38.774  -45.753  15.956 0.0000000000
28434  -39.420  -45.470  15.392 0.0000000000
15859  -48.394  -58.117  19.430 0.0000000000
14904  -48.356  -58.671  20.938 0.0000000000
14931  -49.513  -58.033  20.103 0.0000000000
14885  -51.713  -57.785  21.560 0.0000000000
14884  -51.041  -58.084  21.463 0.0000000000
14857  -51.549  -58.187  22.181 0.0000000000
14827  -51.369  -58.673  23.033 0.0000000000
15773  -52.133  -58.521  23.053 0.0000000000
17755  -53.130  -55.844  18.470 0.0000000000
17731  -52.598  -56.128  18.872 0.0000000000
16810  -53.605  -57.176  19.599 0.0000000000
13940  -53.233  -59.385  21.069 0.0000000000
14886  -53.290  -58.690  21.500 0.0000000000
21820  -45.224  -51.608  12.573 0.0000000000
20800  -44.721  -52.212  12.257 0.0000000000
18795  -45.944  -54.530  12.093 0.0000000000
18783  -48.094  -54.484  12.653 0.0000000000
17843  -46.939  -54.927  12.301 0.0000000000
16954  -46.932  -56.193  9.944 0.0000000000
16936  -46.733  -55.997  10.376 0.0000000000
16937  -47.294  -56.223  10.746 0.0000000000
16924  -48.077  -56.153  11.818 0.0000000000
16925  -49.217  -56.810  11.409 0.0000000000
16010  -50.015  -57.273  9.541 0.0000000000
15990  -50.289  -57.426  10.119 0.0000000000
15991  -51.058  -57.722  10.125 0.0000000000
26319  -42.204  -47.462  15.382 0.0000000000
25190  -43.396  -48.418  15.719 0.0000000000
26320  -43.288  -47.353  15.408 0.0000000000
27415  -43.224  -46.729  14.470 0.0000000000
27440  -43.321  -46.796  14.009 0.0000000000
31481  -41.034  -42.693  22.593 0.0000000000
31482  -41.981  -42.360  22.598 0.0000000000
14854  -48.502  -58.712  22.974 0.0000000000
18769  -51.281  -54.676  15.241 0.0000000000
18756  -52.097  -54.694  15.872 0.0000000000
18770  -51.806  -55.109  15.310 0.0000000000
17834  -52.213  -55.501  15.235 0.0000000000
16896  -52.604  -56.484  14.569 0.0000000000
15941  -53.622  -57.313  14.288 0.0000000000
16907  -52.337  -57.086  13.252 0.0000000000
16913  -52.241  -57.393  12.587 0.0000000000
16870  -46.178  -56.031  16.485 0.0000000000
17791  -47.069  -55.320  16.276 0.0000000000
18732  -47.709  -54.236  16.343 0.0000000000
24017  -46.830  -49.981  15.104 0.0000000000
22869  -47.337  -50.514  15.249 0.0000000000
22883  -47.668  -50.401  14.647 0.0000000000
22884  -47.984  -50.981  14.619 0.0000000000
21786  -48.266  -51.561  14.581 0.0000000000
20771  -48.668  -52.067  14.868 0.0000000000
21804  -48.073  -51.563  14.321 0.0000000000
20789  -47.443  -52.231  13.601 0.0000000000
16847  -42.460  -56.756  17.510 0.0000000000
16866  -42.523  -56.371  16.848 0.0000000000
20712  -40.727  -53.137  17.276 0.0000000000
19689  -40.867  -53.687  16.477 0.0000000000
19688  -40.691  -53.049  15.987 0.0000000000
19712  -40.734  -52.817  15.647 0.0000000000
21766  -40.771  -51.507  14.820 0.0000000000
21767  -41.914  -51.364  14.473 0.0000000000
24009  -39.595  -49.056  15.759 0.0000000000
26247  -41.967  -48.027  20.585 0.0000000000
25105  -41.626  -48.679  20.313 0.0000000000
26246  -41.245  -47.908  20.521 0.0000000000
26245  -40.397  -47.732  20.395 0.0000000000
29397  -37.766  -44.245  20.441 0.0000000000
28391  -38.242  -45.376  20.641 0.0000000000
29420  -37.536  -44.260  19.892 0.0000000000
28394  -37.447  -44.989  19.481 0.0000000000
27336  -37.578  -45.996  18.068 0.0000000000
27348  -37.817  -46.257  17.245 0.0000000000
28412  -37.528  -45.108  17.511 0.0000000000
29471  -37.595  -44.272  16.966 0.0000000000
30546  -37.741  -43.782  16.498 0.0000000000
15884  -49.578  -57.201  18.637 0.0000000000
15861  -50.153  -57.514  19.588 0.0000000000
15862  -51.146  -57.190  19.388 0.0000000000
15836  -51.385  -57.420  20.171 0.0000000000
15817  -52.016  -57.425  21.164 0.0000000000
15864  -53.929  -57.485  19.420 0.0000000000
18869  -45.531  -54.227  7.319 0.0000000000
18854  -45.368  -54.196  7.968 0.0000000000
18840  -45.790  -54.866  8.942 0.0000000000
17883  -46.869  -56.045  9.272 0.0000000000
16955  -47.624  -56.419  9.551 0.0000000000
16939  -49.150  -57.023  10.210 0.0000000000
16957  -49.471  -57.030  9.275 0.0000000000
16976  -49.808  -57.149  8.530 0.0000000000
20746  -44.632  -52.333  14.977 0.0000000000
20747  -45.523  -52.182  15.341 0.0000000000
21769  -44.986  -51.276  15.202 0.0000000000
22867  -45.697  -50.375  15.491 0.0000000000
25191  -44.248  -48.529  15.453 0.0000000000
24016  -46.258  -49.740  15.306 0.0000000000
25213  -46.186  -49.095  14.665 0.0000000000
25235  -45.994  -49.099  14.192 0.0000000000
24049  -45.761  -49.625  13.456 0.0000000000
20692  -41.105  -53.197  18.257 0.0000000000
21740  -39.953  -51.974  17.523 0.0000000000
21739  -39.311  -51.169  17.322 0.0000000000
28373  -42.138  -45.712  22.557 0.0000000000
28385  -41.018  -45.829  21.711 0.0000000000
28371  -40.704  -45.254  22.079 0.0000000000
29353  -40.243  -44.543  22.203 0.0000000000
29373  -39.302  -44.444  21.689 0.0000000000
31480  -40.248  -42.942  22.288 0.0000000000
31479  -39.879  -43.279  22.144 0.0000000000
31508  -38.625  -43.332  21.271 0.0000000000
31532  -38.480  -42.695  20.670 0.0000000000
31558  -38.050  -42.710  19.738 0.0000000000
32676  -38.266  -41.461  18.788 0.0000000000
19660  -51.259  -54.293  17.656 0.0000000000
18705  -51.745  -54.962  18.112 0.0000000000
18718  -52.226  -54.666  17.670 0.0000000000
17772  -52.893  -55.311  17.944 0.0000000000
17773  -53.575  -55.920  17.533 0.0000000000
16854  -53.882  -56.309  17.926 0.0000000000
15942  -54.277  -57.368  14.411 0.0000000000
15952  -55.076  -57.659  13.834 0.0000000000
14083  -55.232  -58.832  14.314 0.0000000000
14116  -54.607  -59.195  12.941 0.0000000000
14928  -46.904  -58.711  20.054 0.0000000000
14950  -47.377  -58.455  19.349 0.0000000000
15883  -47.995  -57.828  18.439 0.0000000000
16829  -48.286  -56.732  17.573 0.0000000000
16831  -50.171  -56.253  18.343 0.0000000000
17751  -49.798  -55.356  17.807 0.0000000000
18703  -50.340  -54.640  17.756 0.0000000000
19691  -46.401  -53.197  15.972 0.0000000000
19692  -47.282  -53.256  16.308 0.0000000000
21754  -47.901  -51.823  15.972 0.0000000000
20727  -47.782  -52.264  16.192 0.0000000000
19675  -49.933  -53.394  17.425 0.0000000000
19659  -50.857  -54.154  17.589 0.0000000000
20715  -50.907  -53.409  16.964 0.0000000000
20731  -51.102  -53.479  16.577 0.0000000000
20753  -50.917  -53.232  16.041 0.0000000000
20772  -49.350  -52.629  14.856 0.0000000000
20773  -50.283  -52.858  15.302 0.0000000000
19741  -50.913  -53.606  15.367 0.0000000000
18768  -50.550  -54.307  14.497 0.0000000000
18777  -49.904  -54.647  13.882 0.0000000000
17839  -49.602  -55.347  13.329 0.0000000000
14948  -45.427  -58.673  18.835 0.0000000000
15881  -45.507  -58.187  17.979 0.0000000000
15897  -45.957  -57.802  17.517 0.0000000000
15896  -45.124  -57.751  17.437 0.0000000000
16869  -45.209  -56.306  16.302 0.0000000000
17815  -44.834  -54.867  15.570 0.0000000000
18753  -44.477  -54.200  15.249 0.0000000000
17767  -42.221  -56.261  16.979 0.0000000000
17787  -42.431  -55.836  16.381 0.0000000000
18750  -41.554  -54.403  15.811 0.0000000000
17812  -42.105  -55.048  15.810 0.0000000000
17813  -42.986  -55.155  15.585 0.0000000000
20770  -44.192  -52.001  14.744 0.0000000000
22882  -43.671  -50.972  14.745 0.0000000000
22864  -43.007  -50.053  14.897 0.0000000000
22863  -41.869  -50.255  14.772 0.0000000000
25189  -42.452  -48.304  15.611 0.0000000000
26318  -41.361  -47.387  15.403 0.0000000000
23936  -41.269  -49.299  20.058 0.0000000000
23953  -40.627  -49.581  19.683 0.0000000000
22816  -40.364  -50.558  18.894 0.0000000000
22815  -39.712  -50.199  18.634 0.0000000000
27319  -40.584  -46.287  21.144 0.0000000000
27328  -40.060  -46.876  20.647 0.0000000000
26244  -39.444  -47.576  20.138 0.0000000000
27326  -38.355  -46.240  20.352 0.0000000000
26243  -38.593  -47.075  19.949 0.0000000000
26255  -38.780  -47.777  19.619 0.0000000000
25133  -38.746  -48.539  18.967 0.0000000000
23998  -38.917  -48.957  16.647 0.0000000000
26291  -38.638  -47.144  16.411 0.0000000000
26292  -39.278  -47.200  15.943 0.0000000000
27388  -39.800  -46.397  15.586 0.0000000000
14855  -49.587  -58.708  22.739 0.0000000000
14906  -50.299  -58.032  20.628 0.0000000000
14883  -50.021  -58.500  21.690 0.0000000000
14826  -50.161  -58.859  23.301 0.0000000000
14796  -50.597  -59.137  23.539 0.0000000000
17730  -52.040  -56.155  18.837 0.0000000000
15838  -52.336  -57.280  20.582 0.0000000000
15818  -52.476  -57.510  21.404 0.0000000000
15840  -53.488  -57.711  20.498 0.0000000000
15819  -52.990  -57.690  21.548 0.0000000000
15797  -52.573  -58.251  22.151 0.0000000000
27438  -41.753  -46.645  13.396 0.0000000000
25233  -44.053  -48.288  13.209 0.0000000000
25260  -44.465  -48.950  12.959 0.0000000000
24069  -44.870  -49.787  12.741 0.0000000000
22900  -45.958  -50.442  13.294 0.0000000000
20802  -46.676  -52.279  13.168 0.0000000000
20803  -47.179  -52.662  13.295 0.0000000000
20818  -45.290  -53.096  12.093 0.0000000000
19758  -46.223  -53.254  12.546 0.0000000000
19759  -47.174  -53.283  12.917 0.0000000000
18784  -48.656  -54.640  12.875 0.0000000000
17846  -48.970  -55.157  12.968 0.0000000000
18822  -46.011  -55.098  9.659 0.0000000000
18807  -46.104  -55.349  10.227 0.0000000000
17871  -45.876  -55.143  11.302 0.0000000000
17859  -47.109  -55.721  11.908 0.0000000000
16909  -48.493  -55.864  12.350 0.0000000000
16911  -50.360  -56.862  12.292 0.0000000000
15955  -51.209  -57.507  11.872 0.0000000000
15969  -50.600  -57.446  11.096 0.0000000000
15971  -52.534  -57.938  11.386 0.0000000000
14102  -55.237  -59.117  13.788 0.0000000000
14117  -55.296  -58.824  13.346 0.0000000000
14797  -51.528  -59.039  23.543 0.0000000000
14828  -51.908  -58.770  23.424 0.0000000000
14858  -52.584  -59.139  22.330 0.0000000000
14859  -52.911  -58.807  21.902 0.0000000000
14903  -47.361  -58.822  20.989 0.0000000000
14905  -49.344  -58.504  20.850 0.0000000000
14909  -53.526  -58.665  20.847 0.0000000000
14930  -48.750  -58.323  20.066 0.0000000000
14968  -54.031  -58.158  17.707 0.0000000000
15037  -55.525  -57.983  13.676 0.0000000000
15038  -55.466  -58.285  14.067 0.0000000000
15041  -55.537  -58.650  13.575 0.0000000000
15074  -54.058  -58.683  11.598 0.0000000000
15754  -52.257  -58.894  23.308 0.0000000000
15772  -51.904  -58.257  22.435 0.0000000000
15775  -52.413  -58.857  22.791 0.0000000000
15796  -52.309  -57.795  21.986 0.0000000000
15798  -52.704  -58.561  22.155 0.0000000000
15816  -51.553  -57.587  20.909 0.0000000000
15820  -53.266  -58.247  21.621 0.0000000000
15835  -50.828  -57.567  20.093 0.0000000000
15837  -51.857  -57.254  20.201 0.0000000000
15863  -51.601  -57.189  19.734 0.0000000000
15886  -51.006  -56.823  18.911 0.0000000000
15923  -54.664  -58.104  15.254 0.0000000000
15953  -55.173  -57.779  14.385 0.0000000000
15956  -52.026  -57.676  12.029 0.0000000000
15959  -54.682  -57.782  12.873 0.0000000000
15973  -54.159  -57.995  12.238 0.0000000000
16011  -50.542  -57.463  9.312 0.0000000000
16786  -52.099  -57.095  19.851 0.0000000000
16787  -52.659  -57.125  19.919 0.0000000000
16788  -53.165  -57.262  19.964 0.0000000000
16807  -51.710  -56.788  19.284 0.0000000000
16808  -52.363  -56.630  19.349 0.0000000000
16809  -53.220  -56.584  19.247 0.0000000000
16832  -51.076  -56.348  18.742 0.0000000000
16834  -53.759  -56.298  18.364 0.0000000000
16855  -54.232  -56.727  17.850 0.0000000000
16884  -53.775  -56.360  15.622 0.0000000000
16897  -53.727  -56.862  15.028 0.0000000000
16904  -49.587  -55.802  13.068 0.0000000000
16923  -47.379  -56.067  11.454 0.0000000000
16958  -50.048  -57.206  9.083 0.0000000000
16977  -50.300  -57.326  8.729 0.0000000000
17729  -51.701  -56.197  18.841 0.0000000000
17753  -51.497  -55.668  18.550 0.0000000000
17770  -49.088  -55.137  17.391 0.0000000000
17771  -49.627  -54.850  17.584 0.0000000000
17796  -53.980  -56.286  16.615 0.0000000000
17811  -41.746  -54.924  15.941 0.0000000000
17817  -53.410  -55.914  15.949 0.0000000000
17844  -47.613  -55.073  12.379 0.0000000000
17860  -47.775  -55.623  12.216 0.0000000000
17872  -46.436  -55.647  10.913 0.0000000000
17882  -46.421  -55.717  9.869 0.0000000000
18715  -49.673  -54.252  17.508 0.0000000000
18716  -50.291  -53.943  17.546 0.0000000000
18717  -51.572  -54.468  17.772 0.0000000000
18752  -43.505  -54.320  15.159 0.0000000000
18782  -47.385  -54.276  12.531 0.0000000000
18839  -45.170  -54.389  8.613 0.0000000000
18855  -45.929  -54.697  8.085 0.0000000000
19676  -50.627  -53.588  17.325 0.0000000000
19695  -51.911  -54.059  16.931 0.0000000000
19718  -45.807  -52.840  15.665 0.0000000000
19719  -51.438  -53.810  16.138 0.0000000000
19720  -51.906  -54.128  16.534 0.0000000000
19737  -43.349  -52.817  14.677 0.0000000000
19738  -43.975  -52.526  14.731 0.0000000000
19739  -49.424  -53.199  14.389 0.0000000000
19751  -47.452  -52.815  13.321 0.0000000000
19757  -45.601  -53.296  12.206 0.0000000000
19760  -47.876  -53.757  12.817 0.0000000000
19837  -44.702  -52.995  6.412 0.0000000000
20716  -51.261  -53.621  16.901 0.0000000000
20723  -39.733  -51.835  15.921 0.0000000000
20725  -40.590  -52.958  16.510 0.0000000000
20743  -40.847  -52.541  15.230 0.0000000000
20744  -41.709  -52.430  14.739 0.0000000000
20748  -46.406  -52.133  15.777 0.0000000000
20767  -42.217  -51.900  14.364 0.0000000000
20768  -42.732  -52.278  14.458 0.0000000000
20774  -50.715  -53.039  15.631 0.0000000000
20788  -47.038  -51.958  13.520 0.0000000000
21772  -47.729  -51.433  15.735 0.0000000000
21783  -43.361  -51.467  14.495 0.0000000000
21784  -44.103  -51.329  14.857 0.0000000000
21785  -44.497  -51.731  14.908 0.0000000000
21821  -46.005  -51.642  12.937 0.0000000000
21822  -46.500  -51.576  13.285 0.0000000000
22880  -42.529  -50.741  14.546 0.0000000000
23965  -38.626  -48.622  18.332 0.0000000000
23978  -38.539  -48.556  17.958 0.0000000000
24012  -42.676  -49.262  15.393 0.0000000000
24028  -46.088  -49.171  15.092 0.0000000000
24029  -46.602  -49.505  14.811 0.0000000000
24048  -45.041  -49.167  13.210 0.0000000000
24070  -45.477  -50.276  12.959 0.0000000000
25163  -38.448  -47.714  16.911 0.0000000000
25192  -44.848  -48.957  15.093 0.0000000000
25236  -46.428  -49.330  14.470 0.0000000000
26260  -37.997  -47.100  18.045 0.0000000000
26339  -43.704  -47.073  14.703 0.0000000000
27332  -37.510  -45.867  19.083 0.0000000000
27337  -37.751  -46.511  17.881 0.0000000000
27347  -37.619  -45.736  17.455 0.0000000000
27392  -42.641  -46.789  15.049 0.0000000000
27439  -42.856  -46.682  13.809 0.0000000000
28372  -41.293  -45.397  22.358 0.0000000000
28382  -38.819  -44.971  21.105 0.0000000000
28390  -37.710  -44.878  20.290 0.0000000000
28423  -37.697  -44.938  16.777 0.0000000000
28433  -38.789  -45.176  15.651 0.0000000000
29334  -40.631  -44.436  22.534 0.0000000000
29352  -39.698  -44.268  22.041 0.0000000000
29354  -40.797  -44.962  22.373 0.0000000000
29374  -39.822  -44.913  21.701 0.0000000000
29398  -38.210  -44.532  20.882 0.0000000000
29472  -37.975  -44.328  16.303 0.0000000000
30375  -40.632  -44.185  22.651 0.0000000000
30399  -39.608  -43.800  22.119 0.0000000000
30401  -40.663  -43.220  22.637 0.0000000000
30426  -38.531  -44.030  21.384 0.0000000000
30427  -39.005  -43.660  21.728 0.0000000000
30453  -37.697  -43.900  20.228 0.0000000000
30454  -38.037  -43.644  20.679 0.0000000000
30481  -38.057  -43.129  20.223 0.0000000000
30505  -37.632  -43.296  19.056 0.0000000000
31452  -41.764  -42.994  23.051 0.0000000000
31509  -39.375  -42.753  21.591 0.0000000000
31557  -37.808  -43.055  19.369 0.0000000000
31583  -38.063  -42.125  19.225 0.0000000000
32648  -38.556  -41.842  19.928 0.0000000000
32675  -37.893  -42.073  18.661 0.0000000000
