#!ascii label  , from subject la02 vox2ras=TkReg
931
57733  -27.299  -21.427  -7.889 0.4285714328
58991  -27.760  -20.258  -8.679 0.2857142985
57760  -27.483  -20.910  -8.241 0.4285714328
57761  -28.415  -20.687  -8.240 0.4285714328
57762  -29.422  -20.608  -8.292 0.4285714328
59018  -28.066  -19.498  -9.084 0.2857142985
58992  -28.771  -20.074  -8.747 0.4285714328
58993  -29.795  -19.913  -8.745 0.4285714328
60228  -28.431  -18.582  -9.205 0.4285714328
60229  -29.446  -18.371  -9.080 0.4285714328
61288  -28.815  -17.669  -9.315 0.4285714328
61289  -29.789  -17.420  -9.116 0.4285714328
63612  -28.222  -16.151  -10.964 0.5714285970
62447  -28.729  -16.406  -10.339 0.5714285970
61315  -29.284  -16.861  -9.666 0.4285714328
61316  -30.223  -16.573  -9.294 0.2857142985
63613  -28.983  -15.879  -10.792 0.7142857313
62448  -29.860  -16.031  -10.188 0.7142857313
62468  -30.286  -15.558  -10.615 0.7142857313
62449  -31.103  -15.984  -9.574 0.4285714328
63633  -31.033  -15.147  -10.857 0.5714285970
63652  -29.836  -14.582  -12.302 0.5714285970
63615  -32.153  -15.594  -9.888 0.4285714328
64724  -31.960  -14.005  -11.508 0.5714285970
63673  -30.447  -14.171  -12.784 0.7142857313
64746  -31.466  -13.814  -12.397 0.7142857313
64747  -32.160  -13.620  -12.181 0.7142857313
63674  -30.725  -14.068  -12.709 0.5714285970
64769  -29.865  -14.185  -13.575 0.5714285970
64770  -30.932  -13.979  -13.136 0.8571428657
65854  -32.784  -13.407  -12.095 0.5714285970
65895  -30.610  -13.850  -14.296 0.7142857313
65897  -32.380  -13.171  -13.646 0.7142857313
65896  -31.516  -13.594  -14.002 0.7142857313
67145  -32.480  -12.770  -14.139 0.5714285970
67146  -33.084  -12.498  -13.579 0.5714285970
65920  -32.047  -13.169  -14.750 0.7142857313
68353  -32.863  -12.008  -14.371 0.7142857313
65939  -32.174  -12.823  -15.434 0.7142857313
67164  -32.619  -12.469  -14.609 0.7142857313
68389  -32.665  -10.990  -15.071 0.7142857313
67184  -32.460  -12.349  -15.629 0.7142857313
65938  -31.458  -13.149  -16.081 0.5714285970
69603  -32.702  -10.445  -14.778 0.5714285970
67197  -32.448  -12.143  -16.087 0.8571428657
67183  -32.035  -12.716  -15.946 0.8571428657
69615  -32.777  -10.349  -15.334 0.7142857313
70763  -32.693  -9.915  -15.551 0.7142857313
68388  -32.587  -11.518  -15.680 0.8571428657
69614  -32.388  -10.709  -15.784 0.7142857313
74036  -33.952  -7.791  -16.831 0.8571428657
71818  -33.501  -8.459  -15.603 0.5714285970
71817  -33.008  -9.083  -15.839 0.8571428657
71816  -32.568  -9.547  -16.172 0.8571428657
68405  -32.440  -11.273  -16.181 0.8571428657
70762  -32.561  -9.996  -15.993 0.8571428657
77915  -36.092  -6.206  -15.913 0.8571428657
139282  -36.007  -5.031  -18.057 0.8571428657
139516  -37.270  -4.370  -22.584 0.8571428657
72949  -33.043  -8.551  -16.306 0.8571428657
139240  -36.178  -5.157  -18.342 0.8571428657
139286  -36.383  -4.843  -20.481 1.0000000000
139409  -36.860  -4.607  -21.456 1.0000000000
139565  -35.540  -6.124  -16.222 0.8571428657
139283  -35.613  -5.459  -17.836 1.0000000000
139641  -36.925  -4.139  -24.199 1.0000000000
139763  -34.699  -3.496  -25.790 0.7142857313
139610  -37.314  -4.381  -23.339 1.0000000000
77954  -36.726  -5.076  -24.228 1.0000000000
139721  -36.388  -4.718  -25.147 1.0000000000
139781  -31.653  -1.310  -25.593 1.0000000000
139761  -31.726  -0.521  -25.041 0.8571428657
84186  -32.223  3.260  -24.884 0.8571428657
82279  -32.302  1.823  -25.000 1.0000000000
86980  -31.642  6.812  -27.585 0.8571428657
86118  -31.844  5.722  -25.975 0.8571428657
85149  -32.076  4.742  -26.438 1.0000000000
89560  -31.223  9.017  -29.107 0.8571428657
88572  -31.579  8.322  -28.523 0.8571428657
89559  -30.718  9.718  -29.584 0.7142857313
89530  -29.731  9.263  -27.572 0.5714285970
90562  -29.657  11.091  -29.440 0.7142857313
90573  -29.877  11.292  -29.989 0.5714285970
90561  -27.528  10.928  -28.869 0.5714285970
89542  -28.461  9.881  -28.336 0.5714285970
90560  -27.041  11.005  -28.986 0.4285714328
92807  -26.371  12.743  -30.531 0.4285714328
93943  -27.140  13.307  -31.121 0.4285714328
92793  -25.502  12.071  -29.274 0.2857142985
92792  -25.414  12.957  -28.931 0.2857142985
91644  -25.780  11.798  -29.583 0.2857142985
93932  -25.025  13.646  -29.588 0.2857142985
63653  -30.855  -14.203  -12.215 0.5714285970
65874  -32.552  -13.352  -12.773 0.5714285970
70759  -33.187  -9.542  -15.066 0.5714285970
69602  -32.519  -10.821  -15.299 0.7142857313
75014  -34.526  -7.243  -17.065 0.8571428657
78865  -36.765  -5.976  -16.044 0.8571428657
95014  -25.438  14.944  -28.234 0.1428571492
59017  -26.911  -19.791  -9.081 0.2857142985
60227  -27.374  -18.810  -9.341 0.2857142985
59019  -29.117  -19.275  -9.043 0.4285714328
61287  -27.795  -17.864  -9.482 0.2857142985
61314  -28.288  -17.117  -9.939 0.4285714328
60230  -30.348  -18.145  -8.695 0.4285714328
63631  -28.483  -15.660  -11.491 0.2857142985
63632  -29.641  -15.446  -11.215 0.7142857313
62469  -30.572  -15.650  -10.267 0.4285714328
63634  -32.405  -14.633  -10.759 0.4285714328
65873  -31.860  -13.651  -13.040 0.7142857313
64788  -29.812  -14.057  -14.819 0.5714285970
65918  -30.379  -13.804  -15.185 0.5714285970
65875  -33.133  -13.138  -12.501 0.5714285970
67165  -32.992  -12.081  -14.023 0.5714285970
65919  -31.104  -13.543  -15.062 0.8571428657
74035  -33.788  -7.775  -16.341 0.5714285970
71827  -32.921  -9.113  -16.406 1.0000000000
139241  -35.751  -5.402  -18.270 1.0000000000
139746  -35.855  -4.404  -26.009 0.8571428657
139730  -32.418  -3.042  -25.084 0.7142857313
139738  -32.926  -4.269  -26.616 1.0000000000
139771  -31.937  -2.917  -26.026 0.7142857313
86961  -31.479  6.692  -26.591 0.8571428657
84220  -32.303  3.249  -26.189 1.0000000000
83289  -32.381  2.625  -25.923 1.0000000000
89544  -30.487  9.415  -28.359 0.7142857313
91639  -26.876  11.615  -29.598 0.7142857313
89543  -29.407  9.797  -28.149 0.5714285970
91633  -28.595  11.003  -28.782 0.7142857313
91647  -28.554  11.940  -29.572 0.7142857313
90546  -26.753  10.556  -28.904 0.4285714328
92806  -25.670  12.600  -30.119 0.2857142985
92809  -28.661  12.529  -30.317 0.4285714328
92822  -26.261  13.247  -31.440 0.4285714328
92821  -25.524  13.030  -31.211 0.4285714328
63651  -28.775  -15.042  -12.121 0.4285714328
64744  -28.737  -14.565  -12.816 0.4285714328
91645  -26.214  12.067  -29.824 0.4285714328
92794  -27.512  11.978  -29.614 0.7142857313
92805  -25.295  12.987  -29.941 0.2857142985
58990  -26.956  -20.545  -8.605 0.2857142985
63611  -27.815  -16.240  -11.017 0.4285714328
64725  -32.637  -13.649  -11.287 0.5714285970
64745  -29.308  -14.299  -13.057 0.7142857313
65898  -32.933  -13.025  -13.105 0.5714285970
68371  -32.775  -11.859  -14.823 0.7142857313
72952  -33.454  -8.044  -16.588 0.8571428657
75016  -34.959  -6.990  -17.034 0.8571428657
69624  -32.267  -10.631  -16.194 0.8571428657
75987  -36.352  -5.101  -25.017 1.0000000000
87752  -31.404  7.713  -27.556 0.8571428657
88571  -31.105  8.864  -28.207 0.8571428657
90550  -29.799  10.082  -28.519 0.7142857313
90563  -30.097  10.361  -29.056 0.7142857313
90549  -29.147  10.632  -28.633 0.5714285970
91640  -27.841  11.475  -29.159 0.5714285970
90548  -28.072  10.670  -28.764 0.5714285970
90559  -26.382  10.659  -29.208 0.4285714328
91638  -26.062  11.257  -29.500 0.4285714328
92808  -27.413  12.567  -30.139 0.4285714328
93920  -24.828  13.653  -28.640 0.2857142985
95013  -24.815  14.646  -28.108 0.1428571492
92795  -27.989  12.233  -29.612 0.5714285970
141825  -26.129  15.202  -33.832 0.2857142985
141822  -26.015  16.625  -33.821 0.1428571492
93970  -26.382  14.231  -32.944 0.2857142985
95080  -27.103  15.086  -33.838 0.2857142985
141815  -25.748  15.704  -33.608 0.1428571492
141819  -25.985  17.325  -33.312 0.1428571492
93953  -24.766  13.658  -31.868 0.1428571492
93954  -25.751  13.619  -32.133 0.2857142985
95062  -24.618  14.754  -32.462 0.1428571492
95066  -28.017  14.541  -33.481 0.2857142985
95064  -26.524  14.705  -33.549 0.2857142985
141795  -29.939  9.491  -34.075 0.2857142985
92840  -30.194  12.236  -34.140 0.2857142985
141818  -26.469  17.521  -32.815 0.1428571492
93955  -26.790  13.779  -32.046 0.2857142985
90586  -30.432  10.266  -31.469 0.2857142985
93972  -28.676  13.999  -33.274 0.2857142985
87016  -30.728  6.353  -31.993 0.1428571492
91661  -30.338  10.786  -32.183 0.2857142985
92832  -30.284  12.242  -32.746 0.2857142985
95078  -25.152  15.539  -32.935 0.1428571492
93957  -29.140  13.242  -31.827 0.2857142985
93956  -27.946  13.799  -31.926 0.2857142985
141303  -29.955  2.571  -31.918 0.1428571492
85207  -30.403  4.464  -31.857 0.1428571492
89588  -30.403  8.908  -32.747 0.4285714328
91652  -30.148  11.258  -31.252 0.2857142985
141339  -31.522  3.279  -29.750 0.2857142985
87776  -31.764  7.476  -30.186 0.4285714328
89570  -30.757  9.635  -30.717 0.2857142985
93944  -28.237  13.242  -30.939 0.2857142985
80107  -30.078  -0.513  -29.555 0.1428571492
141320  -31.243  4.236  -30.434 0.2857142985
88592  -31.050  8.737  -31.105 0.4285714328
86154  -31.766  5.701  -29.244 0.5714285970
89571  -31.187  8.951  -30.118 0.7142857313
77992  -29.490  -2.067  -28.228 0.1428571492
80093  -30.714  0.255  -28.473 0.1428571492
87769  -31.957  7.546  -29.446 0.7142857313
90574  -30.295  10.686  -30.216 0.4285714328
84237  -31.887  3.504  -28.198 0.4285714328
75056  -30.987  -4.947  -28.534 0.2857142985
77032  -29.794  -2.608  -27.641 0.7142857313
86144  -31.833  5.736  -28.127 0.7142857313
81196  -32.186  1.325  -25.587 0.8571428657
81216  -31.522  0.831  -27.275 0.8571428657
85169  -31.914  4.669  -27.560 0.5714285970
77981  -33.961  -3.568  -27.001 0.2857142985
76008  -32.930  -5.634  -28.499 0.2857142985
83298  -31.907  2.570  -27.509 0.7142857313
86945  -31.165  6.290  -25.921 0.5714285970
84219  -31.993  3.616  -26.904 0.8571428657
76007  -30.791  -3.671  -27.350 0.7142857313
139722  -35.992  -2.525  -25.255 0.1428571492
139406  -35.190  -6.022  -17.202 0.5714285970
139570  -37.019  -5.398  -22.713 0.8571428657
75983  -36.714  -5.967  -24.371 0.8571428657
75979  -36.758  -6.094  -23.820 0.4285714328
75038  -36.173  -5.989  -25.867 0.5714285970
139783  -31.620  -2.183  -26.013 0.8571428657
77034  -33.984  -4.042  -26.523 0.8571428657
139789  -31.468  -1.946  -26.211 0.8571428657
76010  -33.005  -5.027  -27.296 0.8571428657
77019  -30.929  -2.222  -26.643 0.8571428657
83288  -32.174  2.651  -26.616 0.8571428657
139207  -37.203  -3.285  -21.641 0.4285714328
77982  -34.517  -2.903  -26.142 0.7142857313
75057  -31.701  -5.089  -27.523 0.7142857313
139242  -35.100  -5.786  -18.065 0.2857142985
139284  -35.375  -5.644  -17.880 0.5714285970
139285  -36.009  -5.332  -20.351 0.5714285970
80039  -37.259  -4.960  -22.647 0.8571428657
65957  -31.322  -13.170  -17.540 0.7142857313
68420  -31.253  -11.796  -18.504 0.4285714328
67210  -31.748  -12.540  -17.812 0.7142857313
69623  -32.050  -11.020  -16.818 0.8571428657
71825  -31.930  -10.116  -16.854 0.5714285970
71833  -31.730  -9.691  -17.101 0.5714285970
139510  -34.777  -7.035  -15.373 0.4285714328
71826  -32.387  -9.626  -16.614 0.8571428657
72953  -32.635  -8.974  -17.014 0.5714285970
139581  -33.873  -7.845  -17.038 0.8571428657
139405  -35.384  -5.793  -17.257 0.7142857313
139209  -36.551  -4.895  -19.043 0.7142857313
139208  -36.826  -4.755  -18.479 0.2857142985
65937  -30.536  -13.690  -15.989 0.4285714328
65956  -30.502  -13.691  -17.192 0.4285714328
65972  -31.268  -13.154  -18.737 0.4285714328
68404  -32.238  -11.735  -16.750 0.7142857313
69613  -32.334  -11.082  -16.375 0.7142857313
71835  -32.881  -9.053  -16.805 0.8571428657
77908  -36.849  -5.850  -16.028 0.7142857313
76975  -37.194  -5.993  -16.530 0.2857142985
139239  -37.006  -4.961  -17.494 0.5714285970
64820  -29.957  -13.996  -16.547 0.5714285970
68387  -32.432  -12.020  -16.332 0.7142857313
71813  -33.381  -8.893  -15.395 0.4285714328
75003  -35.112  -7.144  -15.863 0.4285714328
75013  -36.128  -6.655  -16.214 0.4285714328
75964  -36.188  -6.551  -16.462 0.4285714328
64768  -28.831  -14.460  -13.659 0.5714285970
65855  -33.427  -13.206  -11.692 0.4285714328
67128  -33.362  -12.815  -12.892 0.4285714328
68355  -33.882  -11.020  -13.911 0.4285714328
68372  -33.051  -11.027  -14.553 0.4285714328
68373  -33.554  -10.429  -13.856 0.4285714328
68335  -33.513  -12.021  -13.774 0.4285714328
68354  -33.281  -11.656  -14.103 0.4285714328
61290  -30.630  -16.897  -9.106 0.1428571492
61291  -30.931  -16.964  -8.988 0.1428571492
64706  -33.820  -13.953  -10.125 0.2857142985
65831  -34.669  -12.901  -10.319 0.2857142985
65856  -34.129  -13.156  -10.998 0.2857142985
63635  -33.126  -14.115  -10.567 0.4285714328
67083  -34.687  -12.765  -11.080 0.2857142985
64726  -33.422  -13.423  -10.726 0.2857142985
67110  -34.220  -12.712  -11.833 0.2857142985
67129  -33.899  -12.450  -12.793 0.4285714328
60231  -31.207  -18.133  -9.136 0.1428571492
61317  -30.783  -16.580  -9.073 0.1428571492
61292  -32.202  -16.978  -8.974 0.2857142985
62421  -31.907  -16.228  -9.216 0.2857142985
62410  -34.825  -15.929  -8.263 0.2857142985
63597  -34.673  -15.440  -9.097 0.2857142985
63616  -33.546  -15.018  -10.167 0.2857142985
60232  -31.956  -18.258  -8.896 0.1428571492
61294  -33.937  -17.125  -8.132 0.2857142985
60233  -33.071  -18.210  -8.608 0.2857142985
62422  -33.138  -16.260  -9.175 0.2857142985
62420  -31.362  -16.375  -9.144 0.2857142985
63596  -33.334  -15.700  -9.313 0.2857142985
59021  -31.049  -18.976  -8.801 0.1428571492
59020  -30.146  -19.097  -9.065 0.2857142985
56458  -28.687  -21.680  -7.248 0.2857142985
56457  -27.756  -21.594  -7.280 0.2857142985
58994  -30.781  -19.729  -8.586 0.2857142985
56435  -27.590  -21.844  -6.766 0.2857142985
61293  -33.340  -16.875  -8.923 0.2857142985
62423  -33.993  -16.092  -8.493 0.2857142985
63617  -34.407  -14.523  -9.734 0.2857142985
64727  -34.031  -13.261  -10.239 0.2857142985
67109  -33.637  -12.893  -12.366 0.4285714328
68298  -34.657  -12.118  -12.304 0.2857142985
68421  -31.797  -11.795  -17.819 0.7142857313
68336  -34.113  -11.599  -13.490 0.4285714328
139457  -34.684  -6.746  -16.012 0.5714285970
74033  -33.974  -7.707  -15.931 0.4285714328
74034  -34.758  -7.371  -15.717 0.2857142985
78866  -37.366  -5.439  -17.063 0.2857142985
84198  -32.080  3.815  -25.111 0.7142857313
80053  -31.863  -0.040  -25.637 0.8571428657
88556  -30.112  8.719  -27.138 0.4285714328
88542  -30.906  8.034  -27.079 0.5714285970
86134  -31.963  5.773  -27.011 0.7142857313
78914  -31.491  -0.959  -26.398 0.8571428657
76018  -32.237  -5.593  -27.721 0.5714285970
92823  -29.198  12.662  -31.074 0.2857142985
82327  -31.161  1.382  -28.729 0.4285714328
141814  -25.640  16.083  -32.206 0.1428571492
88600  -30.883  8.262  -32.087 0.2857142985
86165  -30.666  5.421  -31.568 0.1428571492
56459  -29.642  -21.766  -7.312 0.1428571492
57736  -30.063  -21.185  -7.783 0.1428571492
59023  -32.702  -18.573  -8.662 0.1428571492
60207  -33.526  -18.536  -8.475 0.1428571492
63614  -31.450  -15.565  -10.086 0.2857142985
63595  -32.593  -15.929  -9.323 0.2857142985
64687  -35.253  -14.509  -9.415 0.2857142985
65971  -30.653  -13.542  -18.432 0.2857142985
68315  -34.937  -11.452  -12.656 0.2857142985
67196  -32.018  -12.494  -16.550 0.5714285970
71832  -31.927  -10.043  -15.757 0.4285714328
69622  -31.571  -11.259  -17.473 0.5714285970
68314  -34.314  -11.950  -12.970 0.4285714328
139458  -35.927  -5.673  -21.309 0.2857142985
68374  -34.065  -10.346  -13.929 0.1428571492
71814  -33.914  -8.579  -14.993 0.4285714328
72948  -34.353  -7.799  -14.981 0.1428571492
74991  -35.226  -7.148  -15.711 0.1428571492
80064  -31.580  -0.095  -26.831 0.8571428657
77968  -35.308  -1.927  -25.735 0.2857142985
92820  -24.952  12.935  -30.827 0.2857142985
77994  -33.496  -3.881  -27.834 0.1428571492
80080  -30.911  -0.075  -27.817 0.5714285970
75050  -30.457  -4.367  -28.614 0.1428571492
77991  -28.979  -2.334  -29.209 0.1428571492
96120  -24.974  15.427  -32.382 0.1428571492
83301  -31.694  2.314  -28.636 0.5714285970
77049  -29.295  -3.043  -28.828 0.1428571492
82332  -30.662  1.044  -29.412 0.1428571492
87010  -31.394  6.684  -30.575 0.2857142985
141265  -30.425  1.789  -30.746 0.1428571492
84268  -29.988  3.522  -32.147 0.1428571492
90610  -30.190  9.245  -33.282 0.2857142985
88619  -30.115  7.964  -33.684 0.2857142985
87799  -30.178  7.245  -33.598 0.1428571492
87024  -30.181  6.395  -33.001 0.1428571492
59022  -31.990  -18.795  -8.628 0.1428571492
64707  -34.689  -13.613  -9.715 0.2857142985
77910  -37.826  -6.092  -16.939 0.2857142985
84278  -29.147  3.458  -32.615 0.1428571492
88627  -29.435  7.942  -34.960 0.2857142985
57759  -26.572  -21.244  -8.275 0.2857142985
57734  -28.074  -21.192  -7.729 0.2857142985
57735  -29.042  -21.188  -7.770 0.1428571492
57763  -30.443  -20.493  -8.245 0.1428571492
62450  -31.738  -15.917  -9.517 0.2857142985
69587  -33.407  -10.005  -14.443 0.4285714328
139345  -36.320  -4.971  -20.926 0.8571428657
87736  -31.373  7.351  -27.098 0.5714285970
87762  -31.822  7.582  -28.649 0.7142857313
91648  -29.352  11.741  -30.020 0.2857142985
75002  -34.232  -7.491  -15.969 0.4285714328
139777  -31.539  -3.148  -26.639 0.8571428657
82311  -31.941  1.769  -26.845 0.8571428657
93945  -28.817  12.927  -31.030 0.2857142985
70770  -32.216  -10.005  -16.105 0.8571428657
93982  -25.899  14.504  -33.457 0.2857142985
141820  -26.037  15.619  -33.860 0.1428571492
93981  -25.503  14.632  -33.509 0.2857142985
141816  -25.772  16.201  -33.171 0.1428571492
93969  -25.244  14.152  -32.990 0.2857142985
95065  -27.318  14.696  -33.477 0.2857142985
95079  -25.038  14.897  -33.441 0.1428571492
93968  -24.715  14.189  -32.654 0.1428571492
93971  -27.521  14.267  -32.809 0.2857142985
93973  -29.698  13.089  -33.111 0.2857142985
92825  -30.348  11.539  -32.190 0.2857142985
90599  -30.275  9.858  -32.685 0.2857142985
89580  -30.627  9.287  -31.796 0.2857142985
87782  -31.323  7.418  -30.922 0.2857142985
87790  -30.670  7.276  -32.612 0.1428571492
92824  -29.875  12.288  -31.555 0.2857142985
85204  -30.979  4.809  -30.972 0.1428571492
86169  -29.963  5.278  -32.594 0.1428571492
88609  -30.405  8.067  -33.059 0.1428571492
141327  -31.149  1.817  -29.576 0.1428571492
87002  -31.818  6.711  -29.672 0.5714285970
86160  -31.333  5.637  -30.335 0.4285714328
88593  -31.481  8.178  -30.574 0.5714285970
80122  -29.597  -0.870  -30.254 0.1428571492
80092  -30.448  -0.428  -28.666 0.1428571492
141312  -30.758  3.509  -31.179 0.2857142985
141340  -31.503  4.720  -29.823 0.4285714328
85183  -31.810  4.601  -28.790 0.5714285970
78927  -30.085  -1.444  -27.978 0.4285714328
81233  -31.043  0.812  -28.124 0.5714285970
75051  -30.931  -4.297  -27.661 0.5714285970
77033  -30.250  -2.208  -26.972 0.7142857313
78928  -30.779  -1.014  -27.339 0.7142857313
82323  -31.532  1.616  -27.842 0.7142857313
77051  -33.508  -4.366  -27.469 0.5714285970
75052  -31.544  -4.004  -26.923 0.8571428657
139344  -36.076  -5.261  -20.862 0.5714285970
75031  -36.378  -6.334  -25.038 0.4285714328
76009  -32.930  -5.493  -27.588 0.8571428657
67228  -31.353  -12.559  -18.984 0.4285714328
70769  -31.977  -10.481  -17.069 0.7142857313
70768  -31.546  -10.925  -17.130 0.4285714328
71834  -32.520  -9.407  -17.061 0.7142857313
139566  -34.673  -6.986  -15.938 0.8571428657
72947  -33.914  -8.010  -15.555 0.4285714328
75004  -36.034  -6.773  -16.046 0.2857142985
70756  -33.580  -9.456  -14.638 0.4285714328
67147  -33.829  -12.118  -13.375 0.4285714328
56437  -29.280  -22.338  -6.916 0.1428571492
56436  -28.416  -22.125  -6.769 0.1428571492
56438  -30.130  -22.287  -6.925 0.1428571492
74025  -34.296  -7.536  -15.455 0.2857142985
141812  -25.296  15.552  -31.621 0.1428571492
57737  -31.110  -21.067  -7.663 0.1428571492
95054  -24.745  14.508  -31.139 0.1428571492
85125  -30.923  4.952  -25.100 0.5714285970
83262  -31.258  2.478  -23.991 0.4285714328
84184  -30.354  3.459  -24.087 0.4285714328
85107  -31.133  4.468  -24.914 0.5714285970
82267  -31.357  1.325  -23.651 0.4285714328
84185  -31.427  3.678  -24.641 0.5714285970
85126  -31.772  4.596  -25.355 0.4285714328
139751  -31.363  -0.591  -24.204 0.4285714328
139744  -31.353  0.706  -23.635 0.4285714328
81181  -31.786  0.404  -24.421 0.5714285970
82278  -31.790  1.576  -24.447 0.5714285970
74065  -35.582  -5.238  -27.171 0.5714285970
65832  -35.591  -12.931  -9.773 0.1428571492
67111  -35.024  -12.342  -11.501 0.1428571492
63630  -27.485  -16.111  -11.464 0.2857142985
64689  -37.236  -14.450  -9.407 0.1428571492
65810  -36.219  -13.497  -9.384 0.1428571492
65812  -37.499  -14.005  -9.593 0.1428571492
63598  -35.893  -15.270  -8.944 0.1428571492
64688  -36.287  -14.344  -9.317 0.1428571492
63601  -38.170  -15.109  -9.861 0.1428571492
63636  -38.765  -15.288  -11.301 0.1428571492
64691  -38.319  -14.793  -10.165 0.1428571492
64710  -38.601  -14.406  -10.677 0.1428571492
62467  -27.134  -16.359  -11.017 0.2857142985
62466  -26.590  -16.377  -11.436 0.2857142985
62411  -35.500  -16.214  -8.165 0.1428571492
63590  -35.425  -15.678  -8.579 0.1428571492
62426  -37.636  -15.728  -8.708 0.1428571492
62425  -36.704  -15.753  -8.473 0.1428571492
63600  -37.723  -15.127  -9.402 0.1428571492
63599  -36.924  -15.075  -8.981 0.1428571492
62427  -38.519  -15.871  -9.459 0.1428571492
62451  -39.039  -16.095  -10.693 0.1428571492
62470  -38.906  -16.043  -11.950 0.1428571492
63618  -38.512  -15.275  -10.364 0.1428571492
62445  -26.783  -16.682  -10.588 0.2857142985
62444  -26.059  -16.932  -10.836 0.2857142985
61312  -26.346  -17.422  -10.177 0.2857142985
61275  -34.979  -17.155  -7.941 0.1428571492
61276  -35.924  -17.071  -7.686 0.1428571492
62412  -36.411  -16.413  -8.083 0.1428571492
62414  -38.308  -16.525  -8.413 0.1428571492
62424  -35.982  -15.876  -8.463 0.1428571492
62415  -39.068  -16.708  -8.860 0.1428571492
61274  -34.169  -17.856  -8.196 0.1428571492
60209  -35.429  -18.126  -7.924 0.1428571492
61277  -36.946  -17.190  -7.640 0.1428571492
60210  -36.430  -18.032  -7.674 0.1428571492
61279  -38.979  -17.419  -8.220 0.1428571492
62413  -37.351  -16.453  -8.101 0.1428571492
62471  -39.392  -16.782  -11.568 0.1428571492
62428  -39.406  -16.707  -9.726 0.1428571492
60197  -35.478  -18.853  -7.998 0.1428571492
60200  -37.666  -18.979  -7.935 0.1428571492
60199  -36.854  -18.866  -7.798 0.1428571492
60211  -37.403  -18.172  -7.744 0.1428571492
60214  -40.431  -18.676  -8.945 0.1428571492
60213  -39.747  -18.354  -8.363 0.1428571492
61280  -39.753  -17.362  -8.938 0.1428571492
61295  -40.222  -17.521  -10.029 0.1428571492
62452  -39.568  -16.918  -10.610 0.1428571492
58973  -38.344  -19.595  -7.751 0.1428571492
60198  -35.993  -18.820  -7.749 0.1428571492
59000  -39.258  -19.427  -7.902 0.1428571492
58999  -38.697  -19.213  -7.934 0.1428571492
60235  -40.807  -18.421  -9.757 0.1428571492
61278  -37.932  -17.382  -7.916 0.1428571492
62484  -39.131  -16.804  -12.755 0.1428571492
63654  -38.851  -15.254  -12.409 0.1428571492
67084  -35.351  -12.626  -10.731 0.1428571492
61313  -27.245  -17.176  -9.946 0.2857142985
61318  -39.888  -17.416  -11.120 0.1428571492
62483  -38.573  -16.022  -12.982 0.1428571492
139770  -33.673  -4.135  -26.342 0.4285714328
64709  -38.314  -13.870  -10.122 0.1428571492
86944  -30.398  6.224  -25.760 0.4285714328
87734  -30.097  7.534  -26.590 0.4285714328
87811  -29.070  7.151  -35.201 0.1428571492
86102  -31.080  5.569  -25.501 0.4285714328
88639  -29.277  8.792  -35.656 0.1428571492
68356  -34.075  -10.432  -13.524 0.1428571492
64708  -35.576  -13.743  -9.420 0.1428571492
65811  -36.952  -13.778  -9.479 0.1428571492
64690  -38.017  -14.382  -9.801 0.1428571492
65833  -36.678  -13.103  -9.838 0.1428571492
65834  -37.693  -13.468  -9.915 0.1428571492
63589  -35.105  -15.756  -8.453 0.1428571492
60208  -34.445  -18.257  -8.167 0.1428571492
60212  -38.508  -18.569  -7.977 0.1428571492
60234  -40.367  -17.983  -9.089 0.1428571492
61296  -40.800  -17.967  -10.365 0.1428571492
56433  -26.222  -21.380  -6.407 0.1428571492
56456  -26.756  -21.716  -7.591 0.1428571492
57732  -25.293  -20.717  -7.689 0.1428571492
56468  -25.980  -21.542  -7.996 0.1428571492
56469  -26.402  -21.616  -8.032 0.1428571492
58989  -26.162  -20.456  -8.768 0.1428571492
59016  -25.803  -19.721  -9.174 0.1428571492
60226  -26.320  -18.989  -9.517 0.1428571492
60225  -25.290  -18.957  -9.322 0.1428571492
61285  -25.805  -18.212  -9.843 0.1428571492
61286  -26.792  -18.084  -9.701 0.1428571492
62443  -25.277  -16.792  -10.866 0.1428571492
62464  -25.151  -16.339  -11.493 0.1428571492
62482  -26.206  -16.343  -11.841 0.1428571492
62465  -25.872  -16.547  -11.461 0.1428571492
63629  -26.907  -16.197  -11.766 0.1428571492
63649  -26.687  -16.138  -12.304 0.2857142985
64743  -28.327  -15.070  -12.738 0.2857142985
64806  -29.143  -14.274  -15.538 0.4285714328
64807  -29.863  -14.043  -15.758 0.4285714328
74055  -36.104  -6.720  -25.994 0.2857142985
139753  -35.056  -4.575  -26.890 0.2857142985
84169  -29.464  2.593  -23.739 0.2857142985
84183  -29.296  3.429  -24.086 0.2857142985
85106  -30.360  4.585  -24.673 0.2857142985
86092  -29.820  5.159  -24.877 0.4285714328
63648  -25.714  -16.006  -12.644 0.1428571492
63670  -26.297  -15.690  -13.202 0.2857142985
63650  -27.817  -15.545  -12.498 0.1428571492
59015  -25.219  -19.556  -9.035 0.1428571492
61311  -25.476  -17.408  -10.231 0.1428571492
62481  -25.831  -16.280  -12.009 0.1428571492
63671  -27.232  -15.629  -13.127 0.2857142985
63672  -27.658  -15.456  -13.058 0.2857142985
64805  -28.326  -14.312  -15.361 0.2857142985
75027  -36.504  -6.531  -23.995 0.2857142985
72989  -35.834  -6.884  -27.167 0.2857142985
72996  -35.024  -6.044  -27.898 0.2857142985
74060  -34.038  -5.165  -27.257 0.2857142985
139720  -30.359  0.451  -22.749 0.2857142985
82264  -29.355  1.284  -23.273 0.2857142985
84170  -29.979  2.874  -23.740 0.2857142985
64767  -27.886  -15.046  -13.423 0.2857142985
74049  -36.012  -7.063  -24.685 0.2857142985
72995  -34.292  -6.362  -27.425 0.2857142985
72980  -35.564  -7.434  -25.916 0.2857142985
139776  -33.461  -3.867  -25.848 0.2857142985
139736  -30.957  1.269  -23.610 0.2857142985
139775  -33.035  -3.990  -26.026 0.2857142985
75036  -32.816  -5.040  -25.769 0.2857142985
64787  -29.045  -14.361  -14.581 0.4285714328
57758  -25.756  -20.908  -8.354 0.1428571492
82266  -30.773  1.522  -23.284 0.2857142985
139728  -30.615  1.013  -22.984 0.2857142985
56455  -25.983  -21.534  -7.227 0.1428571492
58988  -25.170  -20.001  -8.471 0.1428571492
61310  -24.552  -16.989  -10.193 0.1428571492
83249  -29.575  1.901  -23.576 0.2857142985
64786  -28.135  -14.543  -14.480 0.4285714328
139767  -32.608  -3.389  -25.016 0.2857142985
65955  -29.500  -13.799  -17.198 0.2857142985
64819  -29.247  -14.096  -16.408 0.2857142985
141838  -28.443  14.814  -37.592 0.1428571492
92874  -28.422  13.410  -38.687 0.1428571492
93993  -29.085  13.100  -36.290 0.1428571492
141796  -29.635  11.899  -36.179 0.1428571492
141797  -29.899  10.767  -35.497 0.1428571492
141836  -29.029  15.250  -36.614 0.1428571492
92852  -29.788  12.341  -35.362 0.1428571492
95081  -28.468  14.815  -34.523 0.1428571492
97125  -27.296  16.946  -34.141 0.1428571492
65970  -29.824  -13.466  -18.051 0.2857142985
91689  -28.768  12.289  -38.828 0.1428571492
141783  -29.318  11.325  -37.431 0.1428571492
92833  -30.386  10.987  -33.373 0.1428571492
93983  -28.850  14.125  -34.229 0.1428571492
141840  -28.561  14.414  -36.234 0.1428571492
97129  -27.723  15.982  -34.494 0.1428571492
141832  -27.112  15.490  -34.205 0.1428571492
141821  -26.238  15.993  -34.103 0.1428571492
93984  -29.396  13.477  -34.526 0.1428571492
94016  -28.516  13.849  -37.067 0.1428571492
141787  -28.847  12.632  -37.615 0.1428571492
95092  -28.887  13.927  -35.139 0.1428571492
93992  -28.682  14.034  -35.707 0.1428571492
72979  -34.658  -7.952  -25.598 0.1428571492
72988  -34.873  -7.200  -27.063 0.1428571492
72987  -33.961  -6.771  -26.403 0.1428571492
139658  -29.144  -1.199  -23.262 0.1428571492
139712  -28.933  0.512  -23.018 0.1428571492
83258  -27.297  2.209  -24.637 0.1428571492
84194  -27.158  3.147  -25.005 0.1428571492
85121  -26.569  4.044  -25.633 0.2857142985
70767  -30.953  -11.054  -17.358 0.1428571492
139512  -35.402  -6.254  -20.756 0.1428571492
72972  -35.343  -7.984  -24.213 0.1428571492
72986  -33.448  -6.754  -25.417 0.1428571492
83248  -28.993  2.009  -23.791 0.1428571492
85123  -28.395  4.128  -24.775 0.1428571492
85122  -27.550  4.295  -25.457 0.1428571492
85148  -26.858  4.522  -25.940 0.2857142985
86942  -28.476  6.019  -25.518 0.2857142985
89527  -26.896  9.370  -27.936 0.2857142985
88552  -26.350  8.555  -27.262 0.2857142985
89540  -26.543  10.080  -28.720 0.2857142985
93942  -24.830  13.598  -30.611 0.1428571492
92762  -24.742  12.349  -27.137 0.1428571492
86943  -29.467  6.161  -25.622 0.2857142985
86941  -27.781  5.567  -25.728 0.2857142985
86958  -28.729  6.748  -26.102 0.2857142985
88555  -29.158  8.556  -27.150 0.2857142985
87749  -27.838  7.691  -26.893 0.2857142985
87748  -26.858  7.668  -27.183 0.2857142985
89529  -28.791  9.253  -27.719 0.2857142985
88553  -27.328  8.479  -27.508 0.2857142985
89541  -27.492  9.929  -28.446 0.2857142985
91637  -25.531  11.131  -29.296 0.1428571492
88539  -25.996  9.062  -27.371 0.2857142985
95047  -25.024  14.216  -30.106 0.1428571492
96062  -24.772  15.297  -28.627 0.1428571492
88551  -25.838  7.950  -26.911 0.1428571492
87747  -26.020  7.478  -27.091 0.1428571492
90545  -25.538  10.396  -28.771 0.1428571492
89526  -25.904  9.514  -28.175 0.2857142985
91631  -25.361  11.188  -28.607 0.1428571492
90541  -25.453  10.376  -27.820 0.1428571492
83266  -25.670  2.096  -25.505 0.2857142985
89522  -25.697  9.369  -26.820 0.1428571492
90535  -25.371  10.443  -26.889 0.1428571492
81215  -25.581  0.230  -25.044 0.1428571492
139238  -37.462  -2.483  -21.225 0.1428571492
76969  -37.563  -6.091  -16.770 0.1428571492
139680  -35.272  -7.069  -21.625 0.1428571492
72963  -34.982  -8.383  -23.642 0.1428571492
75030  -32.873  -5.308  -25.165 0.1428571492
139782  -32.815  -4.418  -25.326 0.1428571492
139773  -32.527  -3.531  -24.671 0.1428571492
83267  -26.484  2.316  -24.900 0.1428571492
84182  -28.716  2.802  -24.114 0.1428571492
84193  -25.868  3.342  -25.429 0.2857142985
86957  -27.572  6.471  -26.418 0.1428571492
86979  -27.184  7.136  -26.929 0.2857142985
86978  -26.536  6.728  -27.109 0.1428571492
89523  -25.740  9.464  -27.389 0.2857142985
90536  -25.528  9.917  -27.240 0.1428571492
91628  -25.306  11.345  -27.846 0.1428571492
92763  -25.090  12.029  -27.686 0.1428571492
139182  -37.578  -3.935  -19.109 0.1428571492
92777  -25.317  12.067  -28.382 0.1428571492
92776  -25.051  12.811  -28.026 0.1428571492
89539  -25.925  10.085  -28.975 0.2857142985
90558  -25.843  10.577  -29.252 0.2857142985
95048  -25.029  14.583  -29.723 0.1428571492
86959  -29.721  6.826  -26.221 0.2857142985
139511  -34.817  -6.599  -15.867 0.1428571492
88540  -29.770  8.147  -26.833 0.2857142985
75005  -36.998  -6.495  -15.651 0.1428571492
84196  -28.702  3.585  -24.388 0.1428571492
86090  -28.996  4.673  -24.656 0.1428571492
86099  -28.418  5.008  -25.030 0.1428571492
74059  -33.221  -5.911  -25.966 0.1428571492
72978  -33.860  -7.565  -24.965 0.1428571492
82275  -27.782  1.349  -24.273 0.1428571492
82276  -28.366  1.524  -24.045 0.1428571492
139710  -35.662  -6.929  -22.593 0.1428571492
84180  -27.596  2.538  -24.727 0.1428571492
84195  -28.121  3.428  -24.819 0.1428571492
139568  -35.403  -6.534  -21.118 0.1428571492
86098  -27.682  5.009  -25.636 0.2857142985
86117  -27.079  5.125  -26.289 0.2857142985
89528  -27.868  9.180  -27.997 0.2857142985
93906  -24.886  13.567  -27.693 0.1428571492
87732  -28.245  7.186  -26.432 0.2857142985
87733  -29.005  7.609  -26.651 0.2857142985
87750  -28.550  8.107  -27.027 0.2857142985
88554  -28.247  8.537  -27.412 0.2857142985
95036  -24.984  14.978  -29.499 0.1428571492
86956  -26.644  5.847  -26.940 0.1428571492
91627  -25.047  11.430  -27.227 0.1428571492
64764  -25.004  -14.572  -13.323 0.1428571492
64766  -26.806  -15.098  -13.724 0.1428571492
65915  -24.611  -13.829  -14.620 0.1428571492
65934  -25.359  -13.626  -15.669 0.1428571492
64784  -26.214  -14.195  -14.257 0.1428571492
65935  -26.380  -13.770  -15.779 0.1428571492
64803  -26.647  -14.114  -14.974 0.1428571492
64785  -27.194  -14.616  -14.415 0.1428571492
65952  -26.579  -13.556  -16.694 0.1428571492
64804  -27.380  -14.188  -15.307 0.1428571492
64817  -27.771  -14.070  -15.965 0.1428571492
65951  -25.592  -13.299  -16.515 0.1428571492
65953  -27.596  -13.709  -16.739 0.1428571492
64818  -28.439  -14.106  -16.199 0.1428571492
65954  -28.593  -13.697  -16.955 0.1428571492
65983  -30.042  -13.371  -18.983 0.1428571492
65998  -30.832  -13.093  -19.923 0.1428571492
85120  -25.905  4.113  -25.828 0.1428571492
64782  -24.317  -13.963  -13.964 0.1428571492
65916  -25.269  -13.882  -14.880 0.1428571492
88538  -25.795  8.448  -26.841 0.1428571492
64765  -25.897  -14.797  -13.466 0.1428571492
64783  -25.237  -14.134  -14.054 0.1428571492
65933  -24.308  -13.466  -15.397 0.1428571492
65917  -25.983  -13.839  -15.093 0.1428571492
65936  -27.142  -13.841  -16.109 0.1428571492
65966  -26.070  -13.155  -17.183 0.1428571492
67195  -25.517  -12.799  -17.110 0.1428571492
64763  -24.296  -14.307  -13.095 0.1428571492
62446  -27.714  -16.490  -10.624 0.2857142985
65984  -30.727  -13.347  -19.358 0.1428571492
65985  -31.149  -13.047  -19.556 0.1428571492
65999  -31.125  -12.977  -19.873 0.1428571492
67240  -31.019  -12.807  -19.648 0.1428571492
67241  -31.198  -12.848  -19.614 0.1428571492
69588  -33.942  -9.914  -13.989 0.1428571492
70760  -33.693  -9.165  -14.759 0.4285714328
71824  -31.576  -10.823  -17.030 0.4285714328
72950  -33.524  -8.090  -16.198 0.5714285970
72951  -33.073  -8.438  -16.579 0.8571428657
72954  -33.016  -8.569  -16.877 0.8571428657
72955  -33.537  -8.107  -16.955 0.8571428657
72997  -35.827  -6.032  -27.364 0.2857142985
74037  -34.247  -7.449  -17.009 0.8571428657
74038  -33.445  -8.331  -17.191 0.8571428657
74054  -33.068  -6.184  -24.958 0.1428571492
74061  -36.089  -6.219  -26.714 0.2857142985
74066  -35.999  -5.706  -26.904 0.5714285970
74075  -31.928  -4.498  -26.844 0.8571428657
74076  -32.090  -5.070  -27.128 0.8571428657
74992  -36.000  -7.231  -15.643 0.1428571492
75010  -34.387  -7.337  -16.362 0.8571428657
75011  -34.929  -7.070  -16.860 0.4285714328
75012  -35.890  -7.008  -16.126 0.4285714328
75015  -34.754  -7.096  -17.105 0.8571428657
75017  -34.345  -7.294  -17.298 0.8571428657
75018  -33.584  -7.768  -17.058 0.8571428657
75037  -36.109  -5.573  -26.005 0.5714285970
75043  -31.137  -3.670  -27.048 0.8571428657
75044  -36.047  -5.288  -26.424 0.8571428657
75045  -36.066  -5.767  -26.415 0.5714285970
75058  -32.294  -5.341  -27.370 0.7142857313
75965  -36.691  -6.184  -16.973 0.4285714328
75966  -37.350  -6.149  -16.485 0.1428571492
75968  -35.688  -6.314  -16.484 0.8571428657
75969  -36.150  -6.051  -16.973 0.4285714328
75988  -36.391  -5.604  -25.062 0.8571428657
75993  -36.230  -5.229  -25.629 1.0000000000
75994  -36.204  -5.595  -25.645 0.5714285970
75999  -30.362  -2.761  -27.132 0.7142857313
76000  -33.157  -4.835  -27.019 0.8571428657
76006  -30.222  -3.544  -27.935 0.7142857313
76017  -31.975  -5.488  -28.617 0.2857142985
76967  -36.311  -6.097  -16.943 0.4285714328
76968  -36.850  -6.210  -17.014 0.4285714328
76972  -35.548  -6.176  -16.726 0.8571428657
76973  -35.957  -6.050  -16.744 0.8571428657
76974  -36.752  -5.978  -16.588 0.4285714328
76976  -35.283  -6.153  -16.765 0.8571428657
77000  -36.831  -5.695  -23.804 0.8571428657
77006  -36.528  -5.162  -24.615 1.0000000000
77007  -36.682  -5.458  -24.329 1.0000000000
77050  -33.311  -4.975  -28.238 0.2857142985
77065  -32.634  -4.944  -29.002 0.1428571492
77902  -37.615  -6.218  -17.096 0.1428571492
77907  -36.676  -5.990  -16.083 0.8571428657
77909  -37.293  -5.932  -16.729 0.2857142985
77942  -36.867  -5.276  -23.925 1.0000000000
77967  -31.410  -1.581  -26.296 0.8571428657
77979  -30.047  -1.780  -27.377 0.4285714328
77980  -30.811  -1.643  -26.828 0.7142857313
78859  -37.933  -5.490  -16.873 0.1428571492
78889  -37.097  -5.321  -23.368 0.8571428657
78897  -36.978  -4.549  -24.012 1.0000000000
78898  -36.930  -4.890  -23.944 1.0000000000
78907  -36.768  -4.837  -24.218 1.0000000000
78945  -29.811  -1.435  -28.934 0.1428571492
80038  -37.213  -4.665  -23.514 1.0000000000
80079  -30.420  -0.896  -28.141 0.1428571492
81172  -36.930  -5.009  -22.192 0.8571428657
81187  -32.149  1.037  -25.172 1.0000000000
81188  -32.264  1.487  -25.348 1.0000000000
81195  -31.967  1.027  -26.153 0.8571428657
81243  -30.496  0.194  -29.039 0.1428571492
81244  -30.739  0.739  -28.803 0.1428571492
81253  -30.359  0.463  -29.590 0.1428571492
81254  -30.559  0.623  -29.194 0.1428571492
81262  -29.818  0.078  -30.338 0.1428571492
82251  -31.026  0.945  -22.997 0.2857142985
82252  -31.468  0.496  -23.611 0.5714285970
82263  -28.731  1.187  -23.483 0.1428571492
82265  -30.227  1.336  -23.128 0.2857142985
82277  -28.762  1.629  -23.751 0.1428571492
82287  -32.123  1.666  -26.243 0.8571428657
82288  -32.289  1.813  -25.710 1.0000000000
82312  -32.224  2.091  -26.273 1.0000000000
82331  -30.472  0.822  -29.660 0.1428571492
83250  -30.211  2.080  -23.552 0.2857142985
83251  -30.845  2.026  -23.587 0.2857142985
83259  -27.943  2.051  -24.526 0.1428571492
83260  -28.479  2.110  -24.207 0.1428571492
83261  -30.545  2.588  -23.742 0.2857142985
83263  -31.978  2.566  -24.604 0.8571428657
83268  -32.443  2.576  -25.209 0.8571428657
83329  -29.466  2.925  -32.355 0.1428571492
84168  -29.160  2.335  -23.783 0.2857142985
84181  -28.036  2.667  -24.680 0.1428571492
84197  -28.958  3.663  -24.288 0.1428571492
84199  -32.370  3.371  -25.518 1.0000000000
85104  -28.814  4.415  -24.631 0.1428571492
85105  -29.441  4.230  -24.418 0.1428571492
85124  -28.918  3.929  -24.412 0.1428571492
85127  -32.136  3.934  -25.484 0.7142857313
85147  -26.245  4.531  -26.210 0.2857142985
85150  -32.232  3.942  -25.968 1.0000000000
85212  -29.675  4.250  -32.438 0.1428571492
86091  -29.381  4.917  -24.706 0.1428571492
86100  -29.287  5.504  -25.104 0.2857142985
86101  -30.197  5.459  -25.228 0.4285714328
86159  -30.965  5.496  -30.970 0.2857142985
86960  -30.646  6.851  -26.307 0.5714285970
86992  -31.893  6.824  -28.657 0.7142857313
86993  -31.929  7.298  -28.849 0.7142857313
87003  -31.998  7.188  -29.118 0.5714285970
87009  -30.930  6.086  -31.060 0.2857142985
87017  -31.085  6.781  -31.244 0.2857142985
87735  -30.926  7.539  -26.751 0.5714285970
87751  -31.164  7.865  -27.170 0.5714285970
87761  -31.629  7.559  -28.140 0.7142857313
87770  -31.983  7.586  -28.972 0.7142857313
87781  -31.054  7.348  -31.711 0.2857142985
87798  -29.984  7.656  -33.972 0.2857142985
88541  -30.486  8.123  -26.934 0.5714285970
88557  -30.981  8.501  -27.574 0.8571428657
88558  -31.469  8.065  -27.907 0.8571428657
88573  -31.859  7.876  -28.789 0.8571428657
88583  -31.749  8.289  -29.595 0.7142857313
88584  -31.954  7.975  -29.054 0.7142857313
88601  -31.239  8.005  -31.307 0.2857142985
88618  -29.857  8.114  -34.176 0.2857142985
88634  -28.925  7.696  -35.726 0.1428571492
89531  -30.364  9.057  -27.600 0.4285714328
89545  -31.148  8.962  -28.529 0.8571428657
89557  -26.032  10.359  -29.208 0.4285714328
89558  -26.181  10.252  -29.084 0.4285714328
89598  -29.922  8.583  -34.098 0.2857142985
89599  -30.105  8.668  -33.644 0.2857142985
89608  -29.942  8.860  -34.081 0.2857142985
90540  -25.296  10.912  -27.431 0.1428571492
90547  -27.205  10.540  -28.716 0.4285714328
91632  -28.324  11.176  -28.884 0.5714285970
91641  -28.834  11.433  -29.066 0.7142857313
91646  -26.691  12.254  -30.004 0.7142857313
91649  -29.919  11.385  -30.438 0.5714285970
91651  -29.760  11.795  -30.786 0.2857142985
91688  -28.560  12.592  -39.315 0.1428571492
92810  -29.380  12.213  -30.740 0.2857142985
92875  -28.446  13.131  -38.132 0.1428571492
92878  -28.517  12.990  -38.777 0.1428571492
93958  -29.802  12.755  -32.287 0.2857142985
94004  -28.619  13.851  -36.320 0.1428571492
94023  -28.413  13.538  -37.644 0.1428571492
95035  -24.698  14.394  -29.269 0.1428571492
95063  -24.778  14.438  -32.962 0.1428571492
95082  -28.844  14.078  -34.605 0.1428571492
96112  -24.989  15.289  -31.791 0.1428571492
139343  -36.207  -5.181  -15.888 0.8571428657
139404  -36.399  -5.790  -16.166 0.8571428657
139407  -36.510  -5.093  -21.657 0.5714285970
139408  -36.414  -5.048  -21.382 0.8571428657
139459  -36.378  -5.293  -21.717 0.5714285970
139460  -36.655  -5.037  -21.982 0.5714285970
139461  -36.881  -4.866  -21.974 0.8571428657
139513  -36.628  -5.619  -22.420 0.5714285970
139514  -36.487  -5.288  -21.913 0.5714285970
139515  -36.711  -5.251  -22.189 0.5714285970
139569  -36.950  -5.866  -23.128 0.8571428657
139571  -37.442  -4.574  -23.016 1.0000000000
139604  -35.020  -6.453  -16.717 0.8571428657
139608  -36.508  -6.084  -22.679 0.4285714328
139609  -36.850  -5.868  -23.321 0.8571428657
139638  -35.296  -6.909  -21.400 0.1428571492
139639  -36.602  -6.289  -23.331 0.4285714328
139640  -36.812  -5.981  -23.568 0.4285714328
139681  -36.724  -4.656  -24.381 1.0000000000
139695  -27.996  0.441  -23.518 0.1428571492
139703  -36.635  -4.902  -24.419 1.0000000000
139713  -28.363  0.980  -23.635 0.1428571492
139714  -36.497  -4.881  -24.702 1.0000000000
139729  -36.085  -4.819  -26.018 0.8571428657
139737  -35.931  -4.654  -26.201 0.8571428657
139745  -35.858  -4.824  -26.475 0.8571428657
139752  -35.586  -4.717  -26.720 0.5714285970
139754  -32.306  -5.007  -27.159 0.8571428657
139762  -34.853  -5.137  -27.508 0.2857142985
139769  -31.724  -0.847  -25.693 0.8571428657
139774  -31.673  -1.215  -25.992 0.8571428657
139784  -30.999  -2.963  -26.894 0.8571428657
139791  -31.316  -2.337  -26.458 0.8571428657
141319  -30.665  1.399  -29.927 0.1428571492
141328  -31.264  4.856  -30.386 0.2857142985
141790  -28.606  13.253  -37.339 0.1428571492
141794  -29.747  8.640  -34.514 0.2857142985
141826  -26.555  15.655  -34.175 0.1428571492
141842  -28.275  13.816  -38.039 0.1428571492
