#!ascii label  , from subject la02 vox2ras=TkReg
413
63633  -31.033  -15.147  -10.857 0.0000000000
65956  -30.502  -13.691  -17.192 0.0000000000
82267  -31.357  1.325  -23.651 0.0000000000
75987  -36.352  -5.101  -25.017 0.0000000000
72949  -33.043  -8.551  -16.306 0.0000000000
67128  -33.362  -12.815  -12.892 0.0000000000
86092  -29.820  5.159  -24.877 0.0000000000
139283  -35.613  -5.459  -17.836 0.0000000000
72953  -32.635  -8.974  -17.014 0.0000000000
65895  -30.610  -13.850  -14.296 0.0000000000
65920  -32.047  -13.169  -14.750 0.0000000000
64747  -32.160  -13.620  -12.181 0.0000000000
61314  -28.288  -17.117  -9.939 0.0000000000
64745  -29.308  -14.299  -13.057 0.0000000000
91639  -26.876  11.615  -29.598 0.0000000000
90549  -29.147  10.632  -28.633 0.0000000000
87752  -31.404  7.713  -27.556 0.0000000000
84219  -31.993  3.616  -26.904 0.0000000000
78914  -31.491  -0.959  -26.398 0.0000000000
139730  -32.418  -3.042  -25.084 0.0000000000
77034  -33.984  -4.042  -26.523 0.0000000000
139207  -37.203  -3.285  -21.641 0.0000000000
139239  -37.006  -4.961  -17.494 0.0000000000
71814  -33.914  -8.579  -14.993 0.0000000000
68404  -32.238  -11.735  -16.750 0.0000000000
68389  -32.665  -10.990  -15.071 0.0000000000
139406  -35.190  -6.022  -17.202 0.0000000000
139510  -34.777  -7.035  -15.373 0.0000000000
63674  -30.725  -14.068  -12.709 0.0000000000
64746  -31.466  -13.814  -12.397 0.0000000000
64724  -31.960  -14.005  -11.508 0.0000000000
57761  -28.415  -20.687  -8.240 0.0000000000
58992  -28.771  -20.074  -8.747 0.0000000000
59019  -29.117  -19.275  -9.043 0.0000000000
64787  -29.045  -14.361  -14.581 0.0000000000
64786  -28.135  -14.543  -14.480 0.0000000000
89544  -30.487  9.415  -28.359 0.0000000000
84184  -30.354  3.459  -24.087 0.0000000000
85126  -31.772  4.596  -25.355 0.0000000000
84186  -32.223  3.260  -24.884 0.0000000000
82311  -31.941  1.769  -26.845 0.0000000000
139761  -31.726  -0.521  -25.041 0.0000000000
139763  -34.699  -3.496  -25.790 0.0000000000
139738  -32.926  -4.269  -26.616 0.0000000000
139746  -35.855  -4.404  -26.009 0.0000000000
139722  -35.992  -2.525  -25.255 0.0000000000
139641  -36.925  -4.139  -24.199 0.0000000000
139565  -35.540  -6.124  -16.222 0.0000000000
139282  -36.007  -5.031  -18.057 0.0000000000
75014  -34.526  -7.243  -17.065 0.0000000000
75003  -35.112  -7.144  -15.863 0.0000000000
71818  -33.501  -8.459  -15.603 0.0000000000
65972  -31.268  -13.154  -18.737 0.0000000000
68421  -31.797  -11.795  -17.819 0.0000000000
67210  -31.748  -12.540  -17.812 0.0000000000
67145  -32.480  -12.770  -14.139 0.0000000000
67164  -32.619  -12.469  -14.609 0.0000000000
67165  -32.992  -12.081  -14.023 0.0000000000
68354  -33.281  -11.656  -14.103 0.0000000000
67147  -33.829  -12.118  -13.375 0.0000000000
61289  -29.789  -17.420  -9.116 0.0000000000
63612  -28.222  -16.151  -10.964 0.0000000000
61315  -29.284  -16.861  -9.666 0.0000000000
62448  -29.860  -16.031  -10.188 0.0000000000
75979  -36.758  -6.094  -23.820 0.0000000000
80039  -37.259  -4.960  -22.647 0.0000000000
139284  -35.375  -5.644  -17.880 0.0000000000
139405  -35.384  -5.793  -17.257 0.0000000000
71835  -32.881  -9.053  -16.805 0.0000000000
65937  -30.536  -13.690  -15.989 0.0000000000
65938  -31.458  -13.149  -16.081 0.0000000000
65896  -31.516  -13.594  -14.002 0.0000000000
65897  -32.380  -13.171  -13.646 0.0000000000
65854  -32.784  -13.407  -12.095 0.0000000000
60229  -29.446  -18.371  -9.080 0.0000000000
64820  -29.957  -13.996  -16.547 0.0000000000
64788  -29.812  -14.057  -14.819 0.0000000000
64769  -29.865  -14.185  -13.575 0.0000000000
63652  -29.836  -14.582  -12.302 0.0000000000
92822  -26.261  13.247  -31.440 0.0000000000
90546  -26.753  10.556  -28.904 0.0000000000
91640  -27.841  11.475  -29.159 0.0000000000
90574  -30.295  10.686  -30.216 0.0000000000
89571  -31.187  8.951  -30.118 0.0000000000
87002  -31.818  6.711  -29.672 0.0000000000
86945  -31.165  6.290  -25.921 0.0000000000
86134  -31.963  5.773  -27.011 0.0000000000
85183  -31.810  4.601  -28.790 0.0000000000
83301  -31.694  2.314  -28.636 0.0000000000
80080  -30.911  -0.075  -27.817 0.0000000000
77032  -29.794  -2.608  -27.641 0.0000000000
139751  -31.363  -0.591  -24.204 0.0000000000
139783  -31.620  -2.183  -26.013 0.0000000000
75052  -31.544  -4.004  -26.923 0.0000000000
76018  -32.237  -5.593  -27.721 0.0000000000
77982  -34.517  -2.903  -26.142 0.0000000000
139516  -37.270  -4.370  -22.584 0.0000000000
139209  -36.551  -4.895  -19.043 0.0000000000
70768  -31.546  -10.925  -17.130 0.0000000000
70769  -31.977  -10.481  -17.069 0.0000000000
69624  -32.267  -10.631  -16.194 0.0000000000
67183  -32.035  -12.716  -15.946 0.0000000000
68388  -32.587  -11.518  -15.680 0.0000000000
70763  -32.693  -9.915  -15.551 0.0000000000
69603  -32.702  -10.445  -14.778 0.0000000000
68373  -33.554  -10.429  -13.856 0.0000000000
63651  -28.775  -15.042  -12.121 0.0000000000
62468  -30.286  -15.558  -10.615 0.0000000000
63614  -31.450  -15.565  -10.086 0.0000000000
63653  -30.855  -14.203  -12.215 0.0000000000
63634  -32.405  -14.633  -10.759 0.0000000000
63615  -32.153  -15.594  -9.888 0.0000000000
57762  -29.422  -20.608  -8.292 0.0000000000
83262  -31.258  2.478  -23.991 0.0000000000
84185  -31.427  3.678  -24.641 0.0000000000
82278  -31.790  1.576  -24.447 0.0000000000
82279  -32.302  1.823  -25.000 0.0000000000
81181  -31.786  0.404  -24.421 0.0000000000
75038  -36.173  -5.989  -25.867 0.0000000000
74065  -35.582  -5.238  -27.171 0.0000000000
139721  -36.388  -4.718  -25.147 0.0000000000
72952  -33.454  -8.044  -16.588 0.0000000000
75016  -34.959  -6.990  -17.034 0.0000000000
74036  -33.952  -7.791  -16.831 0.0000000000
74035  -33.788  -7.775  -16.341 0.0000000000
71817  -33.008  -9.083  -15.839 0.0000000000
65971  -30.653  -13.542  -18.432 0.0000000000
65957  -31.322  -13.170  -17.540 0.0000000000
67146  -33.084  -12.498  -13.579 0.0000000000
68335  -33.513  -12.021  -13.774 0.0000000000
67129  -33.899  -12.450  -12.793 0.0000000000
67109  -33.637  -12.893  -12.366 0.0000000000
139458  -35.927  -5.673  -21.309 0.0000000000
139344  -36.076  -5.261  -20.862 0.0000000000
139285  -36.009  -5.332  -20.351 0.0000000000
139457  -34.684  -6.746  -16.012 0.0000000000
139566  -34.673  -6.986  -15.938 0.0000000000
71834  -32.520  -9.407  -17.061 0.0000000000
65918  -30.379  -13.804  -15.185 0.0000000000
65919  -31.104  -13.543  -15.062 0.0000000000
65873  -31.860  -13.651  -13.040 0.0000000000
65874  -32.552  -13.352  -12.773 0.0000000000
64725  -32.637  -13.649  -11.287 0.0000000000
57760  -27.483  -20.910  -8.241 0.0000000000
64807  -29.863  -14.043  -15.758 0.0000000000
64768  -28.831  -14.460  -13.659 0.0000000000
91645  -26.214  12.067  -29.824 0.0000000000
92807  -26.371  12.743  -30.531 0.0000000000
93943  -27.140  13.307  -31.121 0.0000000000
92808  -27.413  12.567  -30.139 0.0000000000
89542  -28.461  9.881  -28.336 0.0000000000
90548  -28.072  10.670  -28.764 0.0000000000
91633  -28.595  11.003  -28.782 0.0000000000
91647  -28.554  11.940  -29.572 0.0000000000
90562  -29.657  11.091  -29.440 0.0000000000
90573  -29.877  11.292  -29.989 0.0000000000
90563  -30.097  10.361  -29.056 0.0000000000
88571  -31.105  8.864  -28.207 0.0000000000
89560  -31.223  9.017  -29.107 0.0000000000
88572  -31.579  8.322  -28.523 0.0000000000
87769  -31.957  7.546  -29.446 0.0000000000
87762  -31.822  7.582  -28.649 0.0000000000
86944  -30.398  6.224  -25.760 0.0000000000
85149  -32.076  4.742  -26.438 0.0000000000
86118  -31.844  5.722  -25.975 0.0000000000
85169  -31.914  4.669  -27.560 0.0000000000
86144  -31.833  5.736  -28.127 0.0000000000
84237  -31.887  3.504  -28.198 0.0000000000
83298  -31.907  2.570  -27.509 0.0000000000
80064  -31.580  -0.095  -26.831 0.0000000000
81216  -31.522  0.831  -27.275 0.0000000000
78928  -30.779  -1.014  -27.339 0.0000000000
78927  -30.085  -1.444  -27.978 0.0000000000
77033  -30.250  -2.208  -26.972 0.0000000000
139770  -33.673  -4.135  -26.342 0.0000000000
139771  -31.937  -2.917  -26.026 0.0000000000
76010  -33.005  -5.027  -27.296 0.0000000000
75057  -31.701  -5.089  -27.523 0.0000000000
76009  -32.930  -5.493  -27.588 0.0000000000
77051  -33.508  -4.366  -27.469 0.0000000000
139286  -36.383  -4.843  -20.481 0.0000000000
139409  -36.860  -4.607  -21.456 0.0000000000
77908  -36.849  -5.850  -16.028 0.0000000000
139208  -36.826  -4.755  -18.479 0.0000000000
72947  -33.914  -8.010  -15.555 0.0000000000
71832  -31.927  -10.043  -15.757 0.0000000000
69623  -32.050  -11.020  -16.818 0.0000000000
70770  -32.216  -10.005  -16.105 0.0000000000
69613  -32.334  -11.082  -16.375 0.0000000000
65939  -32.174  -12.823  -15.434 0.0000000000
68371  -32.775  -11.859  -14.823 0.0000000000
69614  -32.388  -10.709  -15.784 0.0000000000
69602  -32.519  -10.821  -15.299 0.0000000000
69615  -32.777  -10.349  -15.334 0.0000000000
68355  -33.882  -11.020  -13.911 0.0000000000
63632  -29.641  -15.446  -11.215 0.0000000000
62469  -30.572  -15.650  -10.267 0.0000000000
62449  -31.103  -15.984  -9.574 0.0000000000
71833  -31.730  -9.691  -17.101 0.0000000000
64770  -30.932  -13.979  -13.136 0.0000000000
60228  -28.431  -18.582  -9.205 0.0000000000
58993  -29.795  -19.913  -8.745 0.0000000000
64806  -29.143  -14.274  -15.538 0.0000000000
64805  -28.326  -14.312  -15.361 0.0000000000
91638  -26.062  11.257  -29.500 0.0000000000
89543  -29.407  9.797  -28.149 0.0000000000
90550  -29.799  10.082  -28.519 0.0000000000
89530  -29.731  9.263  -27.572 0.0000000000
88556  -30.112  8.719  -27.138 0.0000000000
88542  -30.906  8.034  -27.079 0.0000000000
85125  -30.923  4.952  -25.100 0.0000000000
85107  -31.133  4.468  -24.914 0.0000000000
84198  -32.080  3.815  -25.111 0.0000000000
84220  -32.303  3.249  -26.189 0.0000000000
83288  -32.174  2.651  -26.616 0.0000000000
83289  -32.381  2.625  -25.923 0.0000000000
81196  -32.186  1.325  -25.587 0.0000000000
80053  -31.863  -0.040  -25.637 0.0000000000
139240  -36.178  -5.157  -18.342 0.0000000000
77915  -36.092  -6.206  -15.913 0.0000000000
78865  -36.765  -5.976  -16.044 0.0000000000
75964  -36.188  -6.551  -16.462 0.0000000000
75002  -34.232  -7.491  -15.969 0.0000000000
74033  -33.974  -7.707  -15.931 0.0000000000
71813  -33.381  -8.893  -15.395 0.0000000000
68420  -31.253  -11.796  -18.504 0.0000000000
67228  -31.353  -12.559  -18.984 0.0000000000
67196  -32.018  -12.494  -16.550 0.0000000000
68353  -32.863  -12.008  -14.371 0.0000000000
68372  -33.051  -11.027  -14.553 0.0000000000
68336  -34.113  -11.599  -13.490 0.0000000000
68314  -34.314  -11.950  -12.970 0.0000000000
63611  -27.815  -16.240  -11.017 0.0000000000
62447  -28.729  -16.406  -10.339 0.0000000000
63613  -28.983  -15.879  -10.792 0.0000000000
75031  -36.378  -6.334  -25.038 0.0000000000
75983  -36.714  -5.967  -24.371 0.0000000000
77954  -36.726  -5.076  -24.228 0.0000000000
139570  -37.019  -5.398  -22.713 0.0000000000
139345  -36.320  -4.971  -20.926 0.0000000000
139241  -35.751  -5.402  -18.270 0.0000000000
139581  -33.873  -7.845  -17.038 0.0000000000
71827  -32.921  -9.113  -16.406 0.0000000000
65898  -32.933  -13.025  -13.105 0.0000000000
65875  -33.133  -13.138  -12.501 0.0000000000
65855  -33.427  -13.206  -11.692 0.0000000000
63635  -33.126  -14.115  -10.567 0.0000000000
57733  -27.299  -21.427  -7.889 0.0000000000
61288  -28.815  -17.669  -9.315 0.0000000000
60230  -30.348  -18.145  -8.695 0.0000000000
63673  -30.447  -14.171  -12.784 0.0000000000
92821  -25.524  13.030  -31.211 0.0000000000
90559  -26.382  10.659  -29.208 0.0000000000
90560  -27.041  11.005  -28.986 0.0000000000
90561  -27.528  10.928  -28.869 0.0000000000
92794  -27.512  11.978  -29.614 0.0000000000
92795  -27.989  12.233  -29.612 0.0000000000
92809  -28.661  12.529  -30.317 0.0000000000
89559  -30.718  9.718  -29.584 0.0000000000
88592  -31.050  8.737  -31.105 0.0000000000
88593  -31.481  8.178  -30.574 0.0000000000
87776  -31.764  7.476  -30.186 0.0000000000
86160  -31.333  5.637  -30.335 0.0000000000
87734  -30.097  7.534  -26.590 0.0000000000
87736  -31.373  7.351  -27.098 0.0000000000
86102  -31.080  5.569  -25.501 0.0000000000
86961  -31.479  6.692  -26.591 0.0000000000
86980  -31.642  6.812  -27.585 0.0000000000
86154  -31.766  5.701  -29.244 0.0000000000
141340  -31.503  4.720  -29.823 0.0000000000
141339  -31.522  3.279  -29.750 0.0000000000
82327  -31.161  1.382  -28.729 0.0000000000
82323  -31.532  1.616  -27.842 0.0000000000
81233  -31.043  0.812  -28.124 0.0000000000
139744  -31.353  0.706  -23.635 0.0000000000
139781  -31.653  -1.310  -25.593 0.0000000000
139789  -31.468  -1.946  -26.211 0.0000000000
139777  -31.539  -3.148  -26.639 0.0000000000
77019  -30.929  -2.222  -26.643 0.0000000000
76007  -30.791  -3.671  -27.350 0.0000000000
75051  -30.931  -4.297  -27.661 0.0000000000
139610  -37.314  -4.381  -23.339 0.0000000000
75013  -36.128  -6.655  -16.214 0.0000000000
69622  -31.571  -11.259  -17.473 0.0000000000
71825  -31.930  -10.116  -16.854 0.0000000000
71826  -32.387  -9.626  -16.614 0.0000000000
71816  -32.568  -9.547  -16.172 0.0000000000
68387  -32.432  -12.020  -16.332 0.0000000000
67184  -32.460  -12.349  -15.629 0.0000000000
67197  -32.448  -12.143  -16.087 0.0000000000
68405  -32.440  -11.273  -16.181 0.0000000000
70762  -32.561  -9.996  -15.993 0.0000000000
70759  -33.187  -9.542  -15.066 0.0000000000
69587  -33.407  -10.005  -14.443 0.0000000000
70756  -33.580  -9.456  -14.638 0.0000000000
64744  -28.737  -14.565  -12.816 0.0000000000
70760  -33.693  -9.165  -14.759 0.0000000000
71824  -31.576  -10.823  -17.030 0.0000000000
72950  -33.524  -8.090  -16.198 0.0000000000
72951  -33.073  -8.438  -16.579 0.0000000000
72954  -33.016  -8.569  -16.877 0.0000000000
72955  -33.537  -8.107  -16.955 0.0000000000
74037  -34.247  -7.449  -17.009 0.0000000000
74038  -33.445  -8.331  -17.191 0.0000000000
74066  -35.999  -5.706  -26.904 0.0000000000
74075  -31.928  -4.498  -26.844 0.0000000000
74076  -32.090  -5.070  -27.128 0.0000000000
75010  -34.387  -7.337  -16.362 0.0000000000
75011  -34.929  -7.070  -16.860 0.0000000000
75012  -35.890  -7.008  -16.126 0.0000000000
75015  -34.754  -7.096  -17.105 0.0000000000
75017  -34.345  -7.294  -17.298 0.0000000000
75018  -33.584  -7.768  -17.058 0.0000000000
75037  -36.109  -5.573  -26.005 0.0000000000
75043  -31.137  -3.670  -27.048 0.0000000000
75044  -36.047  -5.288  -26.424 0.0000000000
75045  -36.066  -5.767  -26.415 0.0000000000
75058  -32.294  -5.341  -27.370 0.0000000000
75965  -36.691  -6.184  -16.973 0.0000000000
75968  -35.688  -6.314  -16.484 0.0000000000
75969  -36.150  -6.051  -16.973 0.0000000000
75988  -36.391  -5.604  -25.062 0.0000000000
75993  -36.230  -5.229  -25.629 0.0000000000
75994  -36.204  -5.595  -25.645 0.0000000000
75999  -30.362  -2.761  -27.132 0.0000000000
76000  -33.157  -4.835  -27.019 0.0000000000
76006  -30.222  -3.544  -27.935 0.0000000000
76967  -36.311  -6.097  -16.943 0.0000000000
76968  -36.850  -6.210  -17.014 0.0000000000
76972  -35.548  -6.176  -16.726 0.0000000000
76973  -35.957  -6.050  -16.744 0.0000000000
76974  -36.752  -5.978  -16.588 0.0000000000
76976  -35.283  -6.153  -16.765 0.0000000000
77000  -36.831  -5.695  -23.804 0.0000000000
77006  -36.528  -5.162  -24.615 0.0000000000
77007  -36.682  -5.458  -24.329 0.0000000000
77907  -36.676  -5.990  -16.083 0.0000000000
77942  -36.867  -5.276  -23.925 0.0000000000
77967  -31.410  -1.581  -26.296 0.0000000000
77979  -30.047  -1.780  -27.377 0.0000000000
77980  -30.811  -1.643  -26.828 0.0000000000
78889  -37.097  -5.321  -23.368 0.0000000000
78897  -36.978  -4.549  -24.012 0.0000000000
78898  -36.930  -4.890  -23.944 0.0000000000
78907  -36.768  -4.837  -24.218 0.0000000000
80038  -37.213  -4.665  -23.514 0.0000000000
81172  -36.930  -5.009  -22.192 0.0000000000
81187  -32.149  1.037  -25.172 0.0000000000
81188  -32.264  1.487  -25.348 0.0000000000
81195  -31.967  1.027  -26.153 0.0000000000
82252  -31.468  0.496  -23.611 0.0000000000
82287  -32.123  1.666  -26.243 0.0000000000
82288  -32.289  1.813  -25.710 0.0000000000
82312  -32.224  2.091  -26.273 0.0000000000
83263  -31.978  2.566  -24.604 0.0000000000
83268  -32.443  2.576  -25.209 0.0000000000
84199  -32.370  3.371  -25.518 0.0000000000
85127  -32.136  3.934  -25.484 0.0000000000
85150  -32.232  3.942  -25.968 0.0000000000
86101  -30.197  5.459  -25.228 0.0000000000
86960  -30.646  6.851  -26.307 0.0000000000
86992  -31.893  6.824  -28.657 0.0000000000
86993  -31.929  7.298  -28.849 0.0000000000
87003  -31.998  7.188  -29.118 0.0000000000
87735  -30.926  7.539  -26.751 0.0000000000
87751  -31.164  7.865  -27.170 0.0000000000
87761  -31.629  7.559  -28.140 0.0000000000
87770  -31.983  7.586  -28.972 0.0000000000
88541  -30.486  8.123  -26.934 0.0000000000
88557  -30.981  8.501  -27.574 0.0000000000
88558  -31.469  8.065  -27.907 0.0000000000
88573  -31.859  7.876  -28.789 0.0000000000
88583  -31.749  8.289  -29.595 0.0000000000
88584  -31.954  7.975  -29.054 0.0000000000
89531  -30.364  9.057  -27.600 0.0000000000
89545  -31.148  8.962  -28.529 0.0000000000
89557  -26.032  10.359  -29.208 0.0000000000
89558  -26.181  10.252  -29.084 0.0000000000
90547  -27.205  10.540  -28.716 0.0000000000
91632  -28.324  11.176  -28.884 0.0000000000
91641  -28.834  11.433  -29.066 0.0000000000
91646  -26.691  12.254  -30.004 0.0000000000
91649  -29.919  11.385  -30.438 0.0000000000
139343  -36.207  -5.181  -15.888 0.0000000000
139404  -36.399  -5.790  -16.166 0.0000000000
139407  -36.510  -5.093  -21.657 0.0000000000
139408  -36.414  -5.048  -21.382 0.0000000000
139459  -36.378  -5.293  -21.717 0.0000000000
139460  -36.655  -5.037  -21.982 0.0000000000
139461  -36.881  -4.866  -21.974 0.0000000000
139513  -36.628  -5.619  -22.420 0.0000000000
139514  -36.487  -5.288  -21.913 0.0000000000
139515  -36.711  -5.251  -22.189 0.0000000000
139569  -36.950  -5.866  -23.128 0.0000000000
139571  -37.442  -4.574  -23.016 0.0000000000
139604  -35.020  -6.453  -16.717 0.0000000000
139608  -36.508  -6.084  -22.679 0.0000000000
139609  -36.850  -5.868  -23.321 0.0000000000
139639  -36.602  -6.289  -23.331 0.0000000000
139640  -36.812  -5.981  -23.568 0.0000000000
139681  -36.724  -4.656  -24.381 0.0000000000
139703  -36.635  -4.902  -24.419 0.0000000000
139714  -36.497  -4.881  -24.702 0.0000000000
139729  -36.085  -4.819  -26.018 0.0000000000
139737  -35.931  -4.654  -26.201 0.0000000000
139745  -35.858  -4.824  -26.475 0.0000000000
139752  -35.586  -4.717  -26.720 0.0000000000
139753  -35.056  -4.575  -26.890 0.0000000000
139754  -32.306  -5.007  -27.159 0.0000000000
139769  -31.724  -0.847  -25.693 0.0000000000
139774  -31.673  -1.215  -25.992 0.0000000000
139784  -30.999  -2.963  -26.894 0.0000000000
139791  -31.316  -2.337  -26.458 0.0000000000
