#!ascii label  , from subject la02 vox2ras=TkReg
1674
54588  12.561  -18.512  64.289 0.0000000000
135491  44.492  1.085  24.915 0.0000000000
62817  28.548  -11.272  48.476 0.0000000000
65476  36.882  -9.532  46.932 0.0000000000
61432  21.627  -12.530  51.760 0.0000000000
63975  18.886  -10.633  63.329 0.0000000000
85202  53.514  11.363  21.633 0.0000000000
85025  49.931  11.441  33.830 0.0000000000
69394  38.690  -5.371  38.873 0.0000000000
81866  57.799  7.314  13.859 0.0000000000
64100  28.811  -10.996  55.167 0.0000000000
60100  14.551  -13.775  63.542 0.0000000000
84250  54.497  10.616  27.897 0.0000000000
81761  51.602  7.173  25.484 0.0000000000
74930  44.595  0.671  31.252 0.0000000000
75971  47.023  0.691  29.353 0.0000000000
73099  42.550  -1.521  32.701 0.0000000000
66579  34.814  -8.796  42.228 0.0000000000
62851  33.328  -11.754  46.713 0.0000000000
64078  25.175  -11.088  56.850 0.0000000000
65356  24.196  -10.558  62.685 0.0000000000
61329  20.088  -12.408  57.517 0.0000000000
60194  15.641  -13.867  57.575 0.0000000000
64142  24.942  -11.242  49.605 0.0000000000
86066  58.609  13.155  21.582 0.0000000000
88497  57.743  15.061  28.408 0.0000000000
80876  47.509  5.289  29.397 0.0000000000
71352  43.118  -3.428  38.406 0.0000000000
134966  37.912  -6.504  43.214 0.0000000000
81820  55.850  7.625  18.819 0.0000000000
83530  61.933  8.882  18.247 0.0000000000
82742  63.546  8.011  12.290 0.0000000000
64051  29.663  -10.720  58.542 0.0000000000
57699  13.614  -15.852  64.489 0.0000000000
60029  13.798  -14.037  68.178 0.0000000000
56560  13.151  -16.851  68.312 0.0000000000
83470  50.479  9.050  23.175 0.0000000000
73942  44.524  -0.274  35.481 0.0000000000
74862  45.551  0.577  34.058 0.0000000000
51191  9.708  -21.888  68.690 0.0000000000
74986  41.646  0.449  29.774 0.0000000000
62880  29.141  -11.502  44.226 0.0000000000
62878  31.229  -11.100  44.281 0.0000000000
61482  30.861  -11.694  47.839 0.0000000000
62683  23.350  -11.915  54.577 0.0000000000
62614  22.782  -12.322  57.522 0.0000000000
61382  21.023  -13.058  54.340 0.0000000000
62777  23.653  -11.941  50.540 0.0000000000
62704  24.423  -11.364  53.483 0.0000000000
63972  21.474  -10.294  63.099 0.0000000000
86069  55.759  12.573  21.541 0.0000000000
87688  58.186  14.802  23.634 0.0000000000
86843  56.449  12.741  23.794 0.0000000000
85947  52.189  12.298  31.200 0.0000000000
87580  54.083  13.731  32.284 0.0000000000
79082  46.896  3.859  25.151 0.0000000000
80039  49.019  5.265  25.886 0.0000000000
135504  47.235  3.514  27.014 0.0000000000
69425  39.555  -4.852  36.098 0.0000000000
70452  41.145  -3.690  35.730 0.0000000000
70406  40.879  -4.735  37.625 0.0000000000
65498  35.471  -9.574  44.779 0.0000000000
67498  36.638  -7.149  42.675 0.0000000000
67476  37.474  -8.191  45.369 0.0000000000
83519  51.822  9.126  19.596 0.0000000000
81831  53.003  7.610  18.151 0.0000000000
84366  54.280  9.719  20.204 0.0000000000
84363  57.339  9.716  20.198 0.0000000000
81922  61.873  7.603  10.762 0.0000000000
80156  61.197  5.826  13.168 0.0000000000
83566  63.059  8.126  15.664 0.0000000000
80998  60.274  6.055  15.887 0.0000000000
62749  28.990  -11.468  51.713 0.0000000000
62747  31.138  -11.702  51.563 0.0000000000
62677  31.088  -11.926  54.522 0.0000000000
62529  16.048  -11.776  64.184 0.0000000000
65295  17.586  -9.576  66.771 0.0000000000
62479  15.458  -11.489  67.861 0.0000000000
85230  51.014  11.023  21.183 0.0000000000
85160  55.058  10.670  23.913 0.0000000000
84295  52.974  9.940  23.486 0.0000000000
82588  53.556  8.722  26.928 0.0000000000
82547  51.131  8.882  29.361 0.0000000000
135464  44.816  0.358  26.957 0.0000000000
76907  47.345  0.398  26.405 0.0000000000
75954  45.652  0.681  30.079 0.0000000000
69396  36.169  -5.003  38.967 0.0000000000
66535  39.104  -8.067  47.766 0.0000000000
53359  11.325  -19.914  65.073 0.0000000000
53338  12.464  -19.422  67.915 0.0000000000
52264  10.632  -20.798  68.020 0.0000000000
135461  42.873  -0.302  24.773 0.0000000000
75032  42.865  0.426  28.089 0.0000000000
74931  43.300  0.047  31.666 0.0000000000
73040  43.834  -0.897  35.642 0.0000000000
64253  32.607  -10.104  41.805 0.0000000000
64227  33.827  -10.330  44.063 0.0000000000
62849  35.235  -11.277  46.931 0.0000000000
62745  33.088  -11.924  51.363 0.0000000000
62789  34.622  -11.837  49.504 0.0000000000
64038  27.384  -10.468  59.452 0.0000000000
64003  26.695  -10.478  61.544 0.0000000000
64041  24.645  -10.798  59.725 0.0000000000
64044  22.019  -11.193  60.078 0.0000000000
62569  19.520  -11.820  60.611 0.0000000000
60223  18.169  -13.498  54.879 0.0000000000
61316  17.865  -12.787  58.148 0.0000000000
62572  16.840  -12.288  60.931 0.0000000000
61273  15.163  -13.527  61.115 0.0000000000
57742  13.938  -15.846  61.152 0.0000000000
55681  12.711  -17.812  60.683 0.0000000000
62870  27.267  -10.974  45.762 0.0000000000
64190  25.820  -10.332  46.578 0.0000000000
62797  26.791  -10.688  49.154 0.0000000000
62727  26.946  -11.052  52.608 0.0000000000
62634  26.671  -10.984  55.966 0.0000000000
88494  59.467  15.543  27.788 0.0000000000
86792  55.958  13.593  29.293 0.0000000000
80942  49.223  6.061  24.568 0.0000000000
80893  50.070  6.456  28.061 0.0000000000
82530  48.670  8.670  31.628 0.0000000000
77939  46.848  3.974  29.206 0.0000000000
135544  46.242  5.945  31.798 0.0000000000
72265  41.301  -2.480  32.380 0.0000000000
72208  42.444  -2.671  35.634 0.0000000000
72155  45.147  -2.051  38.889 0.0000000000
70365  36.241  -4.835  41.710 0.0000000000
69357  37.958  -4.838  41.328 0.0000000000
134994  39.927  -6.976  46.046 0.0000000000
134968  39.927  -5.826  43.207 0.0000000000
69375  40.170  -4.958  40.173 0.0000000000
70344  42.945  -4.502  41.082 0.0000000000
71310  45.419  -3.462  41.507 0.0000000000
81001  57.072  6.344  16.300 0.0000000000
82672  58.779  7.811  18.601 0.0000000000
84337  60.176  10.880  20.381 0.0000000000
64035  30.380  -11.209  59.354 0.0000000000
56609  13.023  -17.374  64.252 0.0000000000
56581  13.492  -16.535  66.267 0.0000000000
55622  13.367  -17.825  66.249 0.0000000000
73910  45.738  -0.771  37.313 0.0000000000
73927  46.162  0.133  37.053 0.0000000000
51200  7.533  -21.822  67.519 0.0000000000
62855  29.241  -11.620  46.367 0.0000000000
62854  30.385  -11.613  46.408 0.0000000000
61483  30.202  -11.686  47.923 0.0000000000
62732  22.257  -12.291  53.171 0.0000000000
61381  21.921  -12.786  54.617 0.0000000000
61398  20.983  -12.854  53.248 0.0000000000
62800  22.458  -11.825  49.374 0.0000000000
61443  22.222  -12.315  51.272 0.0000000000
62731  22.865  -12.139  52.596 0.0000000000
63974  19.647  -10.489  63.241 0.0000000000
65316  19.671  -9.320  65.130 0.0000000000
85201  54.410  11.540  21.505 0.0000000000
86871  55.662  12.731  22.354 0.0000000000
86040  55.405  11.885  22.778 0.0000000000
85930  50.886  11.994  32.479 0.0000000000
86726  51.738  13.438  33.933 0.0000000000
135492  45.179  3.142  25.065 0.0000000000
135499  47.211  3.800  26.131 0.0000000000
135498  46.377  2.964  26.051 0.0000000000
69427  37.672  -5.501  36.509 0.0000000000
69409  39.516  -5.174  37.159 0.0000000000
69408  40.244  -4.842  36.895 0.0000000000
69393  39.692  -5.208  38.393 0.0000000000
65487  36.186  -9.575  45.791 0.0000000000
66563  36.502  -8.608  44.651 0.0000000000
66548  37.470  -8.724  46.582 0.0000000000
84345  52.138  10.542  20.449 0.0000000000
83518  52.741  9.058  19.707 0.0000000000
84343  53.966  10.415  20.614 0.0000000000
85225  55.443  11.285  20.988 0.0000000000
80158  60.014  6.273  12.568 0.0000000000
81020  59.341  6.172  13.767 0.0000000000
80137  60.864  5.683  14.913 0.0000000000
81011  58.468  6.232  15.228 0.0000000000
62726  28.209  -11.383  52.906 0.0000000000
62725  29.509  -11.628  52.751 0.0000000000
62678  30.070  -11.652  54.781 0.0000000000
61250  14.934  -12.915  64.054 0.0000000000
62518  16.100  -11.714  65.432 0.0000000000
61224  15.047  -12.598  65.729 0.0000000000
58850  12.998  -14.819  69.411 0.0000000000
60021  14.005  -13.732  69.658 0.0000000000
84322  50.147  10.787  21.344 0.0000000000
85185  52.078  11.144  22.496 0.0000000000
85186  50.958  10.600  22.636 0.0000000000
82621  51.112  8.089  23.478 0.0000000000
83457  52.244  8.545  24.162 0.0000000000
81748  52.510  7.720  26.103 0.0000000000
82562  52.397  8.856  28.399 0.0000000000
81737  51.681  7.610  27.567 0.0000000000
74983  44.625  0.585  29.411 0.0000000000
75007  45.418  0.530  28.569 0.0000000000
75936  45.071  0.763  30.457 0.0000000000
84347  50.300  10.484  20.607 0.0000000000
52272  11.476  -20.450  66.773 0.0000000000
52274  9.947  -21.060  67.317 0.0000000000
74118  41.329  -0.418  24.796 0.0000000000
74116  43.399  0.025  26.162 0.0000000000
75062  42.236  -0.208  26.243 0.0000000000
74932  42.191  -0.249  31.267 0.0000000000
74957  42.403  0.348  30.689 0.0000000000
73987  43.177  -0.741  32.515 0.0000000000
73972  43.594  -0.775  33.570 0.0000000000
73058  43.259  -1.373  34.287 0.0000000000
64274  31.424  -10.069  40.994 0.0000000000
62865  32.265  -11.593  45.651 0.0000000000
64216  33.238  -10.913  44.406 0.0000000000
62864  33.304  -11.505  45.743 0.0000000000
64189  34.534  -10.924  45.970 0.0000000000
62850  34.351  -11.424  46.669 0.0000000000
62696  32.066  -12.289  53.075 0.0000000000
62746  32.119  -11.805  51.447 0.0000000000
61411  33.695  -12.498  52.828 0.0000000000
62743  35.105  -11.944  51.551 0.0000000000
62788  35.717  -11.727  49.632 0.0000000000
64067  25.884  -10.703  57.690 0.0000000000
64055  25.706  -10.642  58.674 0.0000000000
64068  25.007  -10.801  57.818 0.0000000000
62639  21.086  -11.938  56.954 0.0000000000
62596  22.557  -12.029  58.466 0.0000000000
62598  20.879  -11.879  58.735 0.0000000000
64045  21.213  -11.414  60.261 0.0000000000
62599  20.124  -12.068  58.890 0.0000000000
60252  18.671  -13.785  53.398 0.0000000000
60208  15.584  -13.984  56.373 0.0000000000
61350  17.181  -13.505  56.298 0.0000000000
61333  16.441  -13.424  57.696 0.0000000000
61301  17.526  -12.643  59.140 0.0000000000
61303  15.894  -13.145  59.404 0.0000000000
61271  16.114  -12.618  61.030 0.0000000000
60163  15.313  -13.606  59.548 0.0000000000
56640  13.492  -16.642  61.260 0.0000000000
64231  27.322  -10.488  44.066 0.0000000000
64220  26.428  -9.995  44.746 0.0000000000
64150  24.747  -11.419  48.922 0.0000000000
64161  25.185  -10.949  48.164 0.0000000000
64160  25.985  -10.736  48.192 0.0000000000
64140  26.194  -10.631  49.589 0.0000000000
62751  26.637  -11.195  51.479 0.0000000000
62752  25.615  -11.539  51.465 0.0000000000
64105  24.601  -11.244  55.080 0.0000000000
64120  25.430  -11.037  54.224 0.0000000000
64077  26.097  -11.077  56.565 0.0000000000
64066  26.940  -10.809  57.684 0.0000000000
65364  25.775  -10.654  62.108 0.0000000000
53336  12.355  -19.991  69.163 0.0000000000
55604  13.132  -18.879  69.070 0.0000000000
87700  59.175  14.491  22.750 0.0000000000
88514  58.157  15.533  26.501 0.0000000000
88522  59.119  15.829  25.535 0.0000000000
88496  58.544  15.575  28.007 0.0000000000
87613  57.929  14.814  30.346 0.0000000000
84270  55.105  10.611  26.306 0.0000000000
85148  55.981  11.565  26.035 0.0000000000
85996  55.122  12.089  28.052 0.0000000000
87562  55.277  14.212  33.493 0.0000000000
80021  48.629  5.113  27.474 0.0000000000
80029  49.195  5.375  26.759 0.0000000000
80004  49.117  5.671  28.429 0.0000000000
80857  49.429  7.044  29.753 0.0000000000
80858  48.781  6.713  30.069 0.0000000000
75987  47.911  0.580  27.639 0.0000000000
135497  47.344  2.095  26.825 0.0000000000
76894  48.118  2.389  27.746 0.0000000000
71431  40.380  -3.395  33.422 0.0000000000
71371  42.255  -3.526  37.197 0.0000000000
71400  41.807  -3.127  35.735 0.0000000000
72174  42.753  -3.085  37.354 0.0000000000
72173  43.378  -2.788  37.619 0.0000000000
72157  43.692  -2.991  38.317 0.0000000000
66596  34.264  -8.516  40.330 0.0000000000
66605  35.604  -7.263  40.687 0.0000000000
68402  37.389  -6.651  43.106 0.0000000000
68414  36.701  -6.241  42.237 0.0000000000
69318  37.313  -5.491  42.233 0.0000000000
69338  37.485  -5.072  41.942 0.0000000000
68424  37.958  -5.625  42.487 0.0000000000
67463  39.721  -7.476  47.344 0.0000000000
134985  41.296  -5.846  42.647 0.0000000000
134989  39.848  -5.114  41.337 0.0000000000
134986  41.453  -4.661  40.912 0.0000000000
135001  42.484  -4.904  41.811 0.0000000000
81830  53.788  7.458  18.244 0.0000000000
80993  55.742  6.795  17.356 0.0000000000
81839  57.504  6.921  17.525 0.0000000000
82673  57.662  7.996  18.732 0.0000000000
85223  57.510  11.317  21.302 0.0000000000
84362  58.444  9.875  20.050 0.0000000000
85221  59.668  11.627  20.903 0.0000000000
85220  60.739  11.738  20.761 0.0000000000
81899  62.498  7.873  11.304 0.0000000000
82684  62.623  8.193  16.698 0.0000000000
83542  63.833  9.624  17.427 0.0000000000
83509  62.542  9.613  19.084 0.0000000000
64074  29.046  -10.662  56.755 0.0000000000
62632  29.824  -10.968  56.642 0.0000000000
64062  30.483  -10.993  58.065 0.0000000000
58904  13.938  -15.118  63.957 0.0000000000
60073  14.105  -13.916  65.308 0.0000000000
58874  13.861  -14.596  66.205 0.0000000000
58863  13.495  -15.269  68.008 0.0000000000
57650  12.985  -15.970  69.607 0.0000000000
83471  49.281  9.136  23.022 0.0000000000
81782  50.548  7.373  23.653 0.0000000000
74883  44.707  -0.017  33.370 0.0000000000
74882  45.351  0.461  33.098 0.0000000000
74835  45.684  0.475  36.010 0.0000000000
74834  46.218  0.657  36.554 0.0000000000
51205  9.424  -21.384  67.365 0.0000000000
51199  8.599  -21.865  67.851 0.0000000000
51192  8.462  -22.270  68.399 0.0000000000
75052  41.347  0.033  26.789 0.0000000000
74933  41.604  -0.470  31.175 0.0000000000
62899  30.979  -10.678  42.632 0.0000000000
62879  29.952  -11.354  44.344 0.0000000000
62853  31.440  -11.662  46.505 0.0000000000
61480  32.365  -11.754  47.987 0.0000000000
62660  23.965  -11.639  55.260 0.0000000000
62613  23.800  -11.965  57.290 0.0000000000
62661  23.199  -12.210  55.527 0.0000000000
62663  21.437  -12.373  56.399 0.0000000000
61347  20.331  -12.626  56.619 0.0000000000
60195  14.886  -14.249  57.989 0.0000000000
59044  13.733  -14.632  56.567 0.0000000000
62799  23.390  -11.865  49.620 0.0000000000
62776  24.713  -11.617  50.495 0.0000000000
62753  24.829  -11.901  51.583 0.0000000000
62730  24.098  -11.824  52.599 0.0000000000
62705  23.589  -11.782  53.596 0.0000000000
65343  23.146  -10.266  63.294 0.0000000000
86068  56.550  12.579  21.557 0.0000000000
86868  57.722  14.009  22.246 0.0000000000
87703  56.834  13.826  22.729 0.0000000000
87679  57.139  13.942  24.001 0.0000000000
87662  57.240  14.358  26.979 0.0000000000
85103  53.536  11.181  29.556 0.0000000000
86781  54.441  12.773  30.336 0.0000000000
86772  53.037  12.988  31.469 0.0000000000
87529  52.591  13.769  35.184 0.0000000000
80052  48.406  5.037  24.876 0.0000000000
79081  47.734  4.247  25.672 0.0000000000
80031  47.726  4.209  26.581 0.0000000000
80005  48.065  5.101  28.423 0.0000000000
76893  48.518  1.654  27.899 0.0000000000
69458  39.338  -4.732  34.493 0.0000000000
70468  40.378  -3.827  34.769 0.0000000000
70454  39.987  -4.491  35.571 0.0000000000
70423  41.395  -4.225  37.092 0.0000000000
70404  42.375  -4.052  38.573 0.0000000000
65516  35.205  -8.875  43.253 0.0000000000
66584  36.410  -7.921  42.208 0.0000000000
66570  36.323  -8.209  43.836 0.0000000000
67491  36.956  -7.432  43.543 0.0000000000
67490  38.078  -7.123  43.829 0.0000000000
82680  50.681  8.164  18.601 0.0000000000
82690  51.074  8.231  17.726 0.0000000000
82664  52.183  8.317  19.263 0.0000000000
82662  53.954  8.281  19.352 0.0000000000
82661  54.941  7.950  19.413 0.0000000000
83514  56.695  8.924  19.663 0.0000000000
84365  55.238  9.720  20.214 0.0000000000
85224  56.400  11.467  21.246 0.0000000000
81902  59.772  7.647  11.676 0.0000000000
81048  61.600  7.047  11.629 0.0000000000
81873  62.600  7.499  13.018 0.0000000000
83587  63.842  8.565  13.949 0.0000000000
81857  62.676  7.181  14.762 0.0000000000
82696  62.162  7.415  15.789 0.0000000000
81836  60.891  6.878  17.193 0.0000000000
62795  28.591  -11.278  49.566 0.0000000000
62794  29.561  -11.467  49.742 0.0000000000
62748  30.102  -11.641  51.665 0.0000000000
62697  31.277  -12.021  53.397 0.0000000000
62653  33.110  -12.398  55.293 0.0000000000
62536  17.420  -11.286  63.397 0.0000000000
65332  17.774  -10.283  64.666 0.0000000000
63949  16.963  -10.945  65.395 0.0000000000
63928  16.093  -10.537  66.961 0.0000000000
61192  14.357  -13.207  67.707 0.0000000000
62471  15.037  -12.152  68.950 0.0000000000
85203  52.645  11.317  21.698 0.0000000000
86041  54.299  11.603  23.005 0.0000000000
85184  52.807  11.277  22.621 0.0000000000
84294  53.784  10.525  23.450 0.0000000000
83444  54.728  9.753  25.720 0.0000000000
83468  52.314  9.504  23.672 0.0000000000
83455  54.102  8.994  24.905 0.0000000000
83435  54.028  9.375  27.286 0.0000000000
84235  53.009  10.188  29.168 0.0000000000
84201  51.501  10.549  30.653 0.0000000000
84193  50.362  10.501  31.730 0.0000000000
135436  44.762  0.419  26.235 0.0000000000
135494  46.618  1.051  25.926 0.0000000000
135482  46.054  0.022  26.614 0.0000000000
75005  46.653  0.377  28.233 0.0000000000
75953  46.426  0.780  30.151 0.0000000000
74929  45.358  0.881  31.456 0.0000000000
75915  45.918  1.094  31.600 0.0000000000
75934  46.626  0.971  30.938 0.0000000000
69395  37.418  -5.352  39.009 0.0000000000
65474  38.025  -8.717  47.509 0.0000000000
82692  49.549  8.660  18.353 0.0000000000
83521  49.903  9.066  19.474 0.0000000000
84346  51.216  10.567  20.483 0.0000000000
83588  57.681  9.514  13.329 0.0000000000
83589  57.314  9.997  13.562 0.0000000000
53363  11.693  -19.515  64.195 0.0000000000
53351  12.728  -19.241  66.356 0.0000000000
53352  12.146  -19.896  66.491 0.0000000000
52263  11.385  -20.378  67.764 0.0000000000
52255  11.746  -20.621  69.538 0.0000000000
52265  9.951  -21.199  68.072 0.0000000000
135451  43.292  2.424  25.166 0.0000000000
135446  44.051  0.363  26.432 0.0000000000
75050  43.753  0.458  27.493 0.0000000000
74984  43.759  0.539  29.640 0.0000000000
75011  42.193  0.436  28.890 0.0000000000
74985  42.772  0.496  29.777 0.0000000000
74956  43.532  0.477  30.564 0.0000000000
73971  44.200  -0.300  33.284 0.0000000000
73929  44.760  -0.689  36.272 0.0000000000
73000  45.282  -1.225  37.280 0.0000000000
65525  33.548  -9.348  41.592 0.0000000000
64230  31.951  -10.541  42.987 0.0000000000
64239  33.433  -10.046  42.915 0.0000000000
65517  34.543  -9.374  42.972 0.0000000000
65499  34.672  -9.958  44.642 0.0000000000
65488  35.589  -9.930  45.477 0.0000000000
64187  35.995  -10.487  46.554 0.0000000000
62814  31.113  -11.566  49.146 0.0000000000
62813  31.786  -11.674  49.173 0.0000000000
61455  33.128  -11.852  49.053 0.0000000000
62720  34.310  -12.129  52.269 0.0000000000
62767  33.782  -11.900  50.421 0.0000000000
62812  33.692  -11.769  48.300 0.0000000000
62833  35.312  -11.533  47.781 0.0000000000
62832  36.193  -11.288  47.896 0.0000000000
64159  36.930  -10.827  47.956 0.0000000000
64021  28.050  -10.775  60.213 0.0000000000
64022  27.080  -10.502  60.403 0.0000000000
64023  26.100  -10.483  60.499 0.0000000000
64005  24.851  -10.584  61.342 0.0000000000
62595  23.551  -11.792  58.269 0.0000000000
64042  23.809  -11.062  59.876 0.0000000000
64007  23.212  -10.821  61.572 0.0000000000
64008  22.322  -10.900  61.635 0.0000000000
64010  20.306  -11.095  61.559 0.0000000000
64012  19.003  -11.280  62.227 0.0000000000
61383  20.189  -13.303  53.799 0.0000000000
61364  19.877  -13.313  55.164 0.0000000000
61348  19.143  -13.303  56.362 0.0000000000
60224  17.504  -13.625  55.150 0.0000000000
61349  17.880  -13.356  56.085 0.0000000000
61315  18.876  -12.749  58.190 0.0000000000
61300  18.429  -12.458  59.051 0.0000000000
62570  18.673  -11.985  60.833 0.0000000000
62545  18.084  -11.274  62.477 0.0000000000
62547  16.695  -11.796  62.520 0.0000000000
61260  15.535  -12.688  62.604 0.0000000000
60114  14.719  -13.783  62.479 0.0000000000
58994  14.377  -14.653  59.288 0.0000000000
60147  14.326  -14.214  60.859 0.0000000000
60115  14.340  -14.438  62.708 0.0000000000
57729  13.833  -16.109  62.236 0.0000000000
56619  13.373  -16.771  62.852 0.0000000000
55657  12.616  -18.074  62.514 0.0000000000
54595  11.975  -18.997  63.140 0.0000000000
53371  10.893  -19.841  63.530 0.0000000000
62902  28.550  -10.991  43.126 0.0000000000
62869  27.901  -11.491  45.429 0.0000000000
62839  28.383  -11.391  47.402 0.0000000000
62858  26.607  -10.640  46.583 0.0000000000
62840  27.462  -11.038  47.378 0.0000000000
62818  27.606  -10.946  48.342 0.0000000000
62773  27.608  -11.119  50.501 0.0000000000
62750  27.829  -11.217  51.631 0.0000000000
62701  27.348  -10.911  53.655 0.0000000000
61415  25.148  -11.838  52.333 0.0000000000
62702  26.176  -11.117  53.725 0.0000000000
64102  27.528  -10.727  55.210 0.0000000000
64075  28.103  -10.495  56.788 0.0000000000
64053  27.677  -10.409  58.543 0.0000000000
55609  13.084  -17.765  67.709 0.0000000000
56558  13.279  -16.928  69.026 0.0000000000
88536  59.048  15.490  24.042 0.0000000000
85174  56.055  11.791  23.939 0.0000000000
86003  56.572  12.718  26.598 0.0000000000
87648  56.893  14.422  28.656 0.0000000000
87615  55.439  13.594  30.489 0.0000000000
88446  56.591  14.361  31.286 0.0000000000
88466  57.356  14.782  30.369 0.0000000000
81784  48.839  7.063  23.298 0.0000000000
81774  50.173  6.618  24.413 0.0000000000
80051  48.895  5.401  25.144 0.0000000000
80928  50.113  6.221  25.415 0.0000000000
81750  51.039  6.992  26.348 0.0000000000
81727  50.818  7.512  28.353 0.0000000000
82540  50.050  8.804  30.464 0.0000000000
84181  49.479  10.038  32.581 0.0000000000
135455  47.007  3.124  27.308 0.0000000000
135454  47.236  3.549  27.669 0.0000000000
135516  46.472  5.233  29.882 0.0000000000
135503  47.748  3.065  28.146 0.0000000000
135530  44.381  5.026  30.554 0.0000000000
135525  45.988  5.668  30.797 0.0000000000
135541  47.392  7.369  31.480 0.0000000000
83359  48.318  8.383  32.772 0.0000000000
73119  41.435  -1.700  31.677 0.0000000000
72264  42.040  -2.110  32.854 0.0000000000
71413  41.065  -3.321  34.617 0.0000000000
72225  41.694  -2.829  34.705 0.0000000000
72224  42.630  -2.102  34.438 0.0000000000
72207  43.178  -1.916  35.354 0.0000000000
72979  44.775  -1.829  37.656 0.0000000000
72963  45.766  -1.775  39.082 0.0000000000
67502  36.595  -6.846  41.851 0.0000000000
69378  35.829  -4.665  40.108 0.0000000000
69377  37.131  -4.814  40.141 0.0000000000
69376  38.660  -4.908  40.381 0.0000000000
67470  38.209  -8.066  46.370 0.0000000000
67482  38.465  -7.397  45.152 0.0000000000
134972  39.135  -6.684  44.639 0.0000000000
134973  39.778  -6.507  44.922 0.0000000000
134962  38.554  -6.111  43.398 0.0000000000
68460  39.286  -5.422  41.980 0.0000000000
134988  41.074  -4.741  39.953 0.0000000000
70384  41.795  -4.452  39.153 0.0000000000
70382  43.197  -4.041  39.703 0.0000000000
70327  43.887  -4.342  42.072 0.0000000000
70360  44.039  -3.897  41.035 0.0000000000
71321  44.257  -3.554  40.327 0.0000000000
71334  44.623  -3.003  39.863 0.0000000000
82716  56.886  8.150  14.116 0.0000000000
81023  57.013  6.629  14.678 0.0000000000
81000  58.234  6.354  16.408 0.0000000000
81837  59.730  7.255  17.401 0.0000000000
82671  59.902  7.794  18.129 0.0000000000
83513  57.780  8.888  19.543 0.0000000000
83512  58.956  9.163  19.560 0.0000000000
83510  61.330  9.378  19.279 0.0000000000
84336  61.323  10.919  20.369 0.0000000000
64020  29.028  -11.149  60.099 0.0000000000
64019  30.124  -11.302  60.155 0.0000000000
55632  12.931  -17.916  64.601 0.0000000000
55621  13.465  -17.468  65.784 0.0000000000
54582  13.257  -17.939  65.488 0.0000000000
73886  46.958  -0.407  38.742 0.0000000000
62838  29.554  -11.605  47.502 0.0000000000
62816  29.599  -11.488  48.656 0.0000000000
61417  21.873  -12.416  52.656 0.0000000000
61397  21.811  -12.662  53.604 0.0000000000
61418  20.924  -12.770  52.341 0.0000000000
61431  22.306  -12.287  52.038 0.0000000000
65346  20.016  -10.115  63.906 0.0000000000
65347  19.098  -10.172  63.803 0.0000000000
86071  54.276  11.773  22.029 0.0000000000
86052  55.071  12.127  22.304 0.0000000000
85039  50.143  11.786  33.245 0.0000000000
85897  50.364  12.142  33.878 0.0000000000
85885  50.072  11.892  34.280 0.0000000000
69410  38.625  -5.371  37.494 0.0000000000
66549  36.909  -8.986  46.131 0.0000000000
85228  52.802  11.039  21.035 0.0000000000
84344  53.046  10.474  20.508 0.0000000000
85227  53.709  10.970  21.089 0.0000000000
81030  58.926  6.856  13.450 0.0000000000
81021  58.539  6.523  14.091 0.0000000000
64117  28.485  -10.973  54.547 0.0000000000
62699  29.098  -11.351  54.021 0.0000000000
62679  29.324  -11.311  55.036 0.0000000000
61239  14.931  -12.735  64.955 0.0000000000
60088  14.532  -13.453  64.615 0.0000000000
84323  49.277  10.462  21.519 0.0000000000
85206  50.158  10.651  22.113 0.0000000000
81773  51.263  7.218  24.386 0.0000000000
81772  52.007  7.503  24.784 0.0000000000
82590  52.136  7.827  27.150 0.0000000000
81749  51.915  7.493  26.526 0.0000000000
74955  44.438  0.603  30.211 0.0000000000
75955  45.066  0.629  29.869 0.0000000000
52291  9.893  -20.675  65.140 0.0000000000
74125  40.217  -0.423  23.303 0.0000000000
75063  41.146  -0.246  25.738 0.0000000000
73988  42.478  -1.030  32.152 0.0000000000
74006  42.650  -0.588  31.818 0.0000000000
73098  43.118  -1.236  33.126 0.0000000000
73079  42.851  -1.564  33.332 0.0000000000
62852  32.435  -11.784  46.467 0.0000000000
62863  33.961  -11.295  46.081 0.0000000000
62835  33.659  -11.786  47.474 0.0000000000
61379  33.405  -12.627  54.306 0.0000000000
61412  32.959  -12.423  52.814 0.0000000000
61394  33.958  -12.711  53.570 0.0000000000
62640  20.557  -12.128  57.391 0.0000000000
62616  21.048  -11.974  57.883 0.0000000000
62617  20.420  -12.187  58.097 0.0000000000
61314  19.722  -12.456  58.185 0.0000000000
60193  16.296  -13.712  57.004 0.0000000000
61318  16.169  -13.312  58.485 0.0000000000
60181  15.467  -13.703  58.666 0.0000000000
64149  25.384  -10.876  48.971 0.0000000000
64141  25.537  -10.839  49.844 0.0000000000
62775  25.406  -11.274  50.732 0.0000000000
64090  24.558  -11.366  56.025 0.0000000000
64089  25.168  -11.161  55.825 0.0000000000
65365  25.044  -10.612  62.044 0.0000000000
53334  12.597  -20.100  69.818 0.0000000000
53330  12.975  -19.941  70.312 0.0000000000
86879  59.110  14.030  21.878 0.0000000000
86867  58.467  14.199  22.243 0.0000000000
88506  58.026  15.397  27.397 0.0000000000
88505  58.623  15.924  27.238 0.0000000000
88484  57.969  14.981  29.190 0.0000000000
84260  54.883  10.752  27.204 0.0000000000
85139  55.230  11.240  27.040 0.0000000000
85131  54.875  11.423  27.853 0.0000000000
80875  48.479  5.802  29.436 0.0000000000
71353  42.521  -3.673  37.941 0.0000000000
71370  42.795  -3.291  37.716 0.0000000000
71351  43.801  -3.179  38.752 0.0000000000
66586  34.458  -8.683  41.435 0.0000000000
66595  35.135  -7.900  40.903 0.0000000000
66585  35.515  -8.360  41.755 0.0000000000
68413  37.041  -6.175  42.536 0.0000000000
134967  37.579  -6.034  42.708 0.0000000000
135014  42.344  -6.408  43.915 0.0000000000
81829  54.792  7.379  18.500 0.0000000000
81842  54.241  7.206  17.562 0.0000000000
81841  55.116  7.089  17.813 0.0000000000
80994  54.889  6.882  17.203 0.0000000000
81828  55.947  7.264  18.467 0.0000000000
80987  56.434  6.971  17.762 0.0000000000
82674  56.676  7.740  18.714 0.0000000000
85198  58.111  12.219  21.543 0.0000000000
85222  58.611  11.438  21.146 0.0000000000
85197  59.151  12.408  21.342 0.0000000000
82760  63.233  8.033  11.276 0.0000000000
82759  63.763  7.601  11.618 0.0000000000
82741  64.261  8.042  12.821 0.0000000000
83544  62.117  8.427  17.608 0.0000000000
83543  62.761  8.792  17.215 0.0000000000
83529  63.175  9.672  18.244 0.0000000000
64064  28.926  -10.313  57.648 0.0000000000
64063  29.901  -10.721  57.706 0.0000000000
58890  13.828  -14.885  64.986 0.0000000000
57686  13.590  -15.698  65.611 0.0000000000
56568  13.327  -16.750  67.290 0.0000000000
57659  13.480  -15.749  67.420 0.0000000000
57660  13.291  -15.917  68.141 0.0000000000
57653  13.041  -15.890  68.901 0.0000000000
83472  48.563  8.610  22.880 0.0000000000
82622  50.089  8.152  23.175 0.0000000000
82623  49.189  8.008  22.937 0.0000000000
73954  44.365  -0.199  34.123 0.0000000000
74851  45.012  0.165  34.540 0.0000000000
73941  45.287  0.159  35.832 0.0000000000
51206  8.618  -21.557  67.060 0.0000000000
50061  8.183  -22.896  68.941 0.0000000000
62890  29.611  -11.274  43.540 0.0000000000
62837  30.619  -11.712  47.240 0.0000000000
62836  31.287  -11.735  47.277 0.0000000000
61491  31.842  -11.806  47.047 0.0000000000
61481  31.648  -11.704  47.771 0.0000000000
61362  21.972  -12.671  55.294 0.0000000000
61363  21.223  -12.773  55.642 0.0000000000
61346  21.012  -12.398  56.443 0.0000000000
62778  22.568  -12.045  50.419 0.0000000000
62798  24.333  -11.831  49.695 0.0000000000
62754  23.860  -11.923  51.538 0.0000000000
62682  24.097  -11.405  54.363 0.0000000000
63971  22.319  -10.395  63.059 0.0000000000
65344  22.034  -9.760  63.727 0.0000000000
86869  56.951  13.685  22.284 0.0000000000
86882  56.319  13.234  21.812 0.0000000000
86854  56.236  13.044  23.192 0.0000000000
86853  56.883  13.611  23.729 0.0000000000
86842  56.977  13.445  24.442 0.0000000000
86831  57.353  14.142  25.596 0.0000000000
86832  57.027  13.354  25.661 0.0000000000
85957  52.763  11.964  30.728 0.0000000000
85956  53.299  12.085  30.568 0.0000000000
86773  52.551  12.700  31.421 0.0000000000
87547  52.073  13.658  34.161 0.0000000000
79093  46.894  4.214  24.543 0.0000000000
79092  47.774  4.475  24.865 0.0000000000
135441  46.934  3.407  26.361 0.0000000000
135505  47.783  4.307  27.241 0.0000000000
69459  38.916  -5.053  34.327 0.0000000000
69442  39.484  -4.904  35.006 0.0000000000
70438  40.028  -4.603  36.092 0.0000000000
70424  40.775  -4.594  36.979 0.0000000000
70405  41.582  -4.444  38.178 0.0000000000
66564  35.793  -8.757  44.114 0.0000000000
66571  35.682  -8.552  43.479 0.0000000000
66562  37.120  -8.403  45.198 0.0000000000
67484  36.825  -8.054  44.140 0.0000000000
67483  37.432  -7.902  44.687 0.0000000000
82665  51.251  8.375  19.233 0.0000000000
84367  53.333  9.765  20.134 0.0000000000
83517  53.659  9.007  19.765 0.0000000000
83516  54.610  8.928  19.818 0.0000000000
83515  55.641  8.859  19.793 0.0000000000
86091  55.188  11.867  21.309 0.0000000000
86090  55.901  12.025  21.313 0.0000000000
85200  56.540  12.056  21.507 0.0000000000
80157  60.634  5.936  12.765 0.0000000000
81036  60.513  6.431  12.060 0.0000000000
81035  61.439  6.351  12.397 0.0000000000
81885  62.096  7.123  12.292 0.0000000000
81874  62.159  6.782  13.198 0.0000000000
81864  62.719  7.113  14.106 0.0000000000
81865  62.206  6.554  14.038 0.0000000000
81008  61.347  5.981  15.239 0.0000000000
81848  61.301  6.634  16.239 0.0000000000
81835  61.377  7.024  16.903 0.0000000000
81849  60.074  6.535  16.650 0.0000000000
62772  28.692  -11.397  50.639 0.0000000000
62698  30.230  -11.831  53.674 0.0000000000
62676  32.185  -12.296  54.197 0.0000000000
62654  31.974  -11.969  55.448 0.0000000000
62537  16.977  -11.464  63.687 0.0000000000
63961  17.159  -11.187  64.525 0.0000000000
62528  16.712  -11.519  64.769 0.0000000000
62504  15.723  -11.426  66.510 0.0000000000
62493  15.495  -11.376  67.423 0.0000000000
63912  15.711  -11.070  67.979 0.0000000000
63913  15.423  -11.534  68.204 0.0000000000
60043  14.230  -13.946  67.165 0.0000000000
61206  14.536  -13.200  67.025 0.0000000000
85204  51.853  11.199  21.817 0.0000000000
86073  52.635  11.348  22.264 0.0000000000
85178  51.993  10.561  23.022 0.0000000000
85177  53.102  10.938  22.901 0.0000000000
84280  54.281  9.985  24.126 0.0000000000
84281  53.589  9.428  24.122 0.0000000000
84298  49.951  9.649  23.052 0.0000000000
84297  50.708  9.985  23.114 0.0000000000
83469  51.687  9.045  23.629 0.0000000000
82600  52.854  8.016  25.655 0.0000000000
82611  53.227  8.451  25.040 0.0000000000
82599  53.533  8.457  25.906 0.0000000000
83445  54.203  9.113  26.283 0.0000000000
83422  53.680  9.748  28.089 0.0000000000
83423  53.076  9.285  28.246 0.0000000000
83407  51.816  9.270  29.053 0.0000000000
83386  52.051  9.852  29.506 0.0000000000
83387  51.446  9.707  29.911 0.0000000000
84192  50.976  10.511  31.334 0.0000000000
83379  51.011  9.849  30.760 0.0000000000
75061  45.361  0.232  26.995 0.0000000000
75973  45.506  0.606  29.514 0.0000000000
75006  46.035  0.457  28.461 0.0000000000
75972  46.166  0.630  29.502 0.0000000000
74980  46.513  0.571  28.847 0.0000000000
74904  45.279  0.710  32.068 0.0000000000
75891  45.973  1.138  32.467 0.0000000000
75914  46.753  1.262  31.791 0.0000000000
69412  36.376  -5.438  37.822 0.0000000000
69411  37.551  -5.482  37.717 0.0000000000
83535  49.213  8.824  18.778 0.0000000000
85229  51.925  10.978  21.123 0.0000000000
53364  11.162  -19.934  64.513 0.0000000000
53358  11.989  -19.540  65.337 0.0000000000
52289  11.411  -19.999  65.311 0.0000000000
52273  10.647  -20.821  67.051 0.0000000000
52258  11.495  -20.499  68.667 0.0000000000
51198  9.376  -21.606  67.967 0.0000000000
52260  9.934  -21.486  68.443 0.0000000000
135453  44.362  3.079  25.196 0.0000000000
135457  41.907  0.875  23.221 0.0000000000
135444  43.716  -0.063  25.395 0.0000000000
75051  42.715  0.192  27.039 0.0000000000
74105  43.660  0.319  26.756 0.0000000000
75031  43.630  0.500  28.304 0.0000000000
75010  43.201  0.506  28.938 0.0000000000
75033  41.748  0.295  27.868 0.0000000000
74906  43.679  -0.249  32.379 0.0000000000
73986  43.842  -0.439  32.838 0.0000000000
73955  43.738  -0.661  34.667 0.0000000000
73021  44.907  -1.039  36.644 0.0000000000
73022  44.185  -1.180  36.293 0.0000000000
65526  32.870  -9.736  41.088 0.0000000000
65540  33.495  -9.136  40.514 0.0000000000
62888  31.363  -10.802  43.278 0.0000000000
62898  31.522  -10.618  42.822 0.0000000000
64218  31.903  -10.756  43.550 0.0000000000
64228  33.250  -10.480  43.664 0.0000000000
64238  33.926  -10.011  43.531 0.0000000000
65509  34.507  -9.779  44.078 0.0000000000
64188  35.138  -10.792  46.226 0.0000000000
64203  35.041  -10.367  45.506 0.0000000000
64202  35.613  -10.243  45.882 0.0000000000
62770  30.746  -11.528  50.710 0.0000000000
62793  30.468  -11.534  49.861 0.0000000000
62769  31.728  -11.640  50.604 0.0000000000
62791  32.322  -11.746  49.602 0.0000000000
61467  32.448  -11.787  48.748 0.0000000000
61456  32.872  -11.851  49.094 0.0000000000
62766  34.872  -11.941  50.524 0.0000000000
62790  33.411  -11.831  49.302 0.0000000000
62811  34.489  -11.725  48.521 0.0000000000
62810  35.496  -11.651  48.669 0.0000000000
64173  36.586  -10.609  47.310 0.0000000000
64040  25.489  -10.587  59.625 0.0000000000
64024  25.191  -10.573  60.523 0.0000000000
62581  22.310  -11.624  59.319 0.0000000000
64058  23.244  -11.560  59.194 0.0000000000
64043  22.908  -11.168  59.991 0.0000000000
64026  23.510  -10.849  60.730 0.0000000000
64027  22.629  -10.975  60.804 0.0000000000
64028  21.763  -11.082  60.893 0.0000000000
62568  20.370  -11.622  60.579 0.0000000000
64029  21.016  -11.256  60.998 0.0000000000
62555  19.885  -11.509  61.057 0.0000000000
64011  19.568  -11.013  62.050 0.0000000000
62556  19.344  -11.531  61.497 0.0000000000
60242  18.417  -13.684  54.219 0.0000000000
60241  19.303  -13.662  54.104 0.0000000000
60222  18.879  -13.595  54.777 0.0000000000
61365  18.651  -13.478  55.451 0.0000000000
60244  17.060  -14.050  54.324 0.0000000000
60225  16.684  -13.901  55.217 0.0000000000
61332  17.167  -13.259  57.101 0.0000000000
61331  18.378  -13.033  57.204 0.0000000000
61285  17.206  -12.497  60.079 0.0000000000
62586  18.078  -12.263  59.980 0.0000000000
62571  17.734  -12.123  60.943 0.0000000000
62557  18.271  -11.566  61.923 0.0000000000
62558  17.260  -11.852  61.788 0.0000000000
61288  15.272  -13.432  60.766 0.0000000000
62560  15.995  -12.509  61.580 0.0000000000
60128  15.256  -13.406  61.759 0.0000000000
60113  15.225  -13.352  62.189 0.0000000000
60129  14.954  -13.727  61.547 0.0000000000
59016  14.506  -14.511  58.519 0.0000000000
58993  14.634  -14.292  59.115 0.0000000000
57757  14.021  -15.693  60.168 0.0000000000
58973  14.283  -14.913  60.110 0.0000000000
58950  14.225  -14.990  60.998 0.0000000000
60130  14.369  -14.326  61.761 0.0000000000
58933  14.282  -15.174  61.958 0.0000000000
58918  14.145  -15.245  62.981 0.0000000000
56641  13.080  -17.390  61.357 0.0000000000
56629  13.350  -16.868  61.994 0.0000000000
56630  13.000  -17.469  62.246 0.0000000000
54617  12.138  -18.483  62.138 0.0000000000
54606  11.666  -18.946  62.422 0.0000000000
53370  11.586  -19.386  63.381 0.0000000000
53378  11.152  -19.387  62.750 0.0000000000
62882  27.472  -11.075  44.718 0.0000000000
62856  28.026  -11.487  46.269 0.0000000000
61493  27.634  -11.231  46.095 0.0000000000
64206  25.927  -9.904  45.847 0.0000000000
62871  26.549  -10.368  45.783 0.0000000000
62819  26.785  -10.658  48.241 0.0000000000
62841  26.676  -10.748  47.390 0.0000000000
62796  27.598  -10.960  49.395 0.0000000000
62729  24.895  -11.615  52.584 0.0000000000
62703  25.186  -11.124  53.430 0.0000000000
62659  26.234  -11.210  55.360 0.0000000000
64119  25.850  -11.138  54.335 0.0000000000
62681  26.277  -11.115  54.656 0.0000000000
62680  26.945  -10.815  54.479 0.0000000000
64087  27.396  -10.642  55.967 0.0000000000
64076  27.216  -10.773  56.766 0.0000000000
64037  28.369  -10.619  59.353 0.0000000000
65306  17.845  -9.624  66.190 0.0000000000
65305  18.428  -9.296  65.991 0.0000000000
66393  17.939  -9.408  66.683 0.0000000000
53344  12.620  -19.371  67.247 0.0000000000
54570  13.101  -18.628  67.105 0.0000000000
54564  12.816  -18.715  67.957 0.0000000000
54558  13.619  -18.717  69.617 0.0000000000
55603  13.549  -18.230  69.094 0.0000000000
55599  13.951  -18.139  69.539 0.0000000000
56552  13.834  -17.519  69.548 0.0000000000
55598  13.960  -18.029  69.815 0.0000000000
87701  58.332  14.476  22.820 0.0000000000
88530  58.737  15.380  24.617 0.0000000000
89300  59.066  16.185  27.150 0.0000000000
85175  55.385  11.393  23.505 0.0000000000
86004  56.111  12.399  26.921 0.0000000000
86014  56.420  12.189  26.224 0.0000000000
86822  56.511  13.052  27.187 0.0000000000
86813  56.731  13.642  27.822 0.0000000000
86807  56.374  13.649  28.658 0.0000000000
86771  54.082  13.238  31.325 0.0000000000
86780  54.834  13.255  30.600 0.0000000000
87599  54.964  13.704  31.422 0.0000000000
87598  56.001  13.977  31.822 0.0000000000
88424  56.758  14.123  31.970 0.0000000000
88445  57.090  14.673  31.257 0.0000000000
88423  57.264  14.276  31.983 0.0000000000
88444  57.599  14.801  31.143 0.0000000000
80951  48.840  6.409  23.902 0.0000000000
81775  49.395  6.646  23.890 0.0000000000
80941  49.806  6.123  24.920 0.0000000000
80040  48.388  4.787  25.476 0.0000000000
80901  49.937  6.031  27.007 0.0000000000
80913  49.749  5.800  26.125 0.0000000000
80912  50.391  6.395  26.250 0.0000000000
80900  50.574  6.634  27.132 0.0000000000
80892  50.602  6.997  27.700 0.0000000000
81728  50.081  7.009  28.746 0.0000000000
81699  49.222  7.569  30.180 0.0000000000
82549  49.738  8.185  30.074 0.0000000000
82541  49.122  8.482  30.882 0.0000000000
83381  49.778  9.172  31.088 0.0000000000
83371  49.313  9.309  31.778 0.0000000000
135433  47.275  3.275  27.762 0.0000000000
135456  47.197  3.638  28.412 0.0000000000
135509  47.196  4.151  28.656 0.0000000000
135514  46.082  4.267  29.641 0.0000000000
135538  44.296  5.065  32.004 0.0000000000
135528  43.473  4.363  31.050 0.0000000000
135442  44.722  5.466  31.277 0.0000000000
135532  46.653  6.439  31.254 0.0000000000
135542  46.749  6.675  31.833 0.0000000000
72292  40.836  -2.229  31.643 0.0000000000
70453  40.628  -3.957  35.406 0.0000000000
71414  40.438  -3.565  34.288 0.0000000000
71401  41.301  -3.376  35.305 0.0000000000
72209  41.786  -2.963  35.361 0.0000000000
72191  43.507  -2.133  36.426 0.0000000000
72156  44.400  -2.478  38.534 0.0000000000
72172  44.146  -2.110  37.318 0.0000000000
72978  45.361  -1.676  38.222 0.0000000000
66577  36.253  -7.961  43.103 0.0000000000
69340  36.361  -5.406  41.932 0.0000000000
69341  35.499  -5.234  41.737 0.0000000000
70347  35.851  -4.896  41.860 0.0000000000
70366  35.823  -4.704  41.312 0.0000000000
69359  35.975  -4.638  40.834 0.0000000000
66536  38.309  -8.682  47.973 0.0000000000
66547  38.277  -8.370  47.014 0.0000000000
66546  38.810  -7.929  47.107 0.0000000000
134995  39.604  -7.280  46.416 0.0000000000
67469  38.828  -7.689  46.435 0.0000000000
134982  39.370  -7.131  45.613 0.0000000000
134974  40.233  -6.113  44.183 0.0000000000
134978  39.382  -5.732  42.971 0.0000000000
67520  38.881  -5.592  42.402 0.0000000000
134977  39.756  -5.762  43.011 0.0000000000
69356  42.270  -4.613  40.915 0.0000000000
70363  42.014  -4.473  40.150 0.0000000000
70362  42.792  -4.352  40.247 0.0000000000
70383  42.519  -4.229  39.483 0.0000000000
69317  43.896  -4.676  42.527 0.0000000000
70326  44.464  -4.405  42.481 0.0000000000
71297  44.820  -3.943  41.900 0.0000000000
71311  44.636  -3.702  41.155 0.0000000000
71320  44.998  -3.114  40.556 0.0000000000
83576  56.802  9.370  13.901 0.0000000000
81845  51.875  7.791  17.797 0.0000000000
82689  52.072  8.448  17.406 0.0000000000
81844  52.563  7.827  17.703 0.0000000000
81013  56.364  6.452  15.316 0.0000000000
81868  56.486  7.285  14.523 0.0000000000
81012  57.470  6.296  15.394 0.0000000000
81826  58.079  7.306  18.050 0.0000000000
81838  58.447  6.832  17.188 0.0000000000
81825  59.088  7.411  17.877 0.0000000000
83532  59.477  8.476  19.005 0.0000000000
84338  59.078  10.726  20.532 0.0000000000
84361  59.562  10.048  19.925 0.0000000000
83511  60.107  9.296  19.432 0.0000000000
84360  60.738  10.078  19.940 0.0000000000
84359  61.953  10.197  19.782 0.0000000000
85219  61.825  11.696  20.756 0.0000000000
81923  60.917  7.425  10.472 0.0000000000
82806  60.751  8.205  9.605 0.0000000000
81940  61.456  7.744  9.978 0.0000000000
82704  63.338  8.311  14.684 0.0000000000
56608  13.323  -16.702  63.892 0.0000000000
56596  13.435  -16.855  65.025 0.0000000000
56582  13.398  -17.272  66.507 0.0000000000
73928  45.443  -0.263  36.645 0.0000000000
73909  46.319  -0.417  37.611 0.0000000000
62868  28.965  -11.622  45.201 0.0000000000
62867  30.170  -11.386  45.367 0.0000000000
62706  22.649  -12.313  53.853 0.0000000000
62755  22.909  -12.068  51.404 0.0000000000
63973  20.527  -10.347  63.149 0.0000000000
65345  20.996  -9.935  63.823 0.0000000000
65315  20.201  -9.241  65.064 0.0000000000
66404  20.253  -9.004  65.497 0.0000000000
86070  55.138  12.278  21.820 0.0000000000
86883  55.697  13.002  21.936 0.0000000000
86855  55.656  12.397  22.581 0.0000000000
85948  51.617  12.069  31.504 0.0000000000
86754  51.628  12.662  32.376 0.0000000000
86742  51.141  12.616  33.132 0.0000000000
86713  50.935  12.901  34.300 0.0000000000
69426  38.670  -5.299  36.320 0.0000000000
69392  40.259  -5.053  37.783 0.0000000000
65497  36.272  -9.185  45.134 0.0000000000
66557  36.732  -8.851  45.458 0.0000000000
66556  37.335  -8.448  45.843 0.0000000000
84368  52.424  9.893  19.947 0.0000000000
84342  54.887  10.501  20.578 0.0000000000
85226  54.601  11.117  21.003 0.0000000000
81029  59.423  6.703  12.935 0.0000000000
80149  60.622  5.628  13.560 0.0000000000
80148  61.287  5.669  13.924 0.0000000000
80144  60.023  5.660  14.093 0.0000000000
81010  59.571  5.955  14.902 0.0000000000
80999  59.266  6.191  16.006 0.0000000000
61249  15.479  -12.428  63.597 0.0000000000
61238  15.510  -12.343  64.589 0.0000000000
62519  15.516  -12.212  65.664 0.0000000000
62494  15.155  -11.994  67.020 0.0000000000
60025  13.383  -14.460  68.793 0.0000000000
60024  13.774  -13.879  69.075 0.0000000000
85205  51.000  11.000  21.964 0.0000000000
85179  51.354  10.311  23.031 0.0000000000
82613  51.853  8.059  24.146 0.0000000000
82612  52.549  8.088  24.732 0.0000000000
82589  52.740  8.085  26.714 0.0000000000
82576  52.955  8.646  27.640 0.0000000000
82577  52.235  8.083  27.795 0.0000000000
82563  51.570  8.364  28.586 0.0000000000
75008  44.774  0.574  28.690 0.0000000000
75029  45.040  0.492  28.063 0.0000000000
75974  45.102  0.597  29.480 0.0000000000
75850  46.074  1.113  34.271 0.0000000000
52290  10.803  -20.236  65.063 0.0000000000
52282  11.519  -20.281  65.785 0.0000000000
52283  10.707  -20.724  65.988 0.0000000000
135472  41.498  0.022  23.120 0.0000000000
135471  41.808  -0.306  24.009 0.0000000000
74117  42.469  -0.301  25.472 0.0000000000
73041  43.494  -1.230  35.121 0.0000000000
64273  32.201  -10.077  41.162 0.0000000000
62877  32.224  -11.273  44.775 0.0000000000
62876  32.967  -11.420  45.058 0.0000000000
64205  33.597  -11.030  45.044 0.0000000000
64215  34.088  -10.383  44.681 0.0000000000
64204  34.188  -10.810  45.419 0.0000000000
62723  31.596  -11.992  52.378 0.0000000000
62722  32.509  -12.159  52.286 0.0000000000
62721  33.415  -12.157  52.157 0.0000000000
62742  36.262  -11.874  51.699 0.0000000000
64054  26.673  -10.598  58.614 0.0000000000
64039  26.413  -10.475  59.551 0.0000000000
64056  24.843  -10.794  58.780 0.0000000000
62638  21.955  -12.248  56.820 0.0000000000
62615  21.796  -12.090  57.680 0.0000000000
62597  21.662  -11.899  58.576 0.0000000000
62582  21.454  -11.627  59.429 0.0000000000
62583  20.648  -11.778  59.612 0.0000000000
62584  19.822  -11.956  59.760 0.0000000000
60243  17.697  -13.714  54.362 0.0000000000
60226  15.787  -14.078  55.328 0.0000000000
60207  16.547  -13.746  56.173 0.0000000000
61317  16.924  -12.921  58.274 0.0000000000
61302  16.659  -12.823  59.251 0.0000000000
61286  16.393  -12.757  60.183 0.0000000000
61287  15.648  -13.145  60.374 0.0000000000
60145  15.178  -13.606  60.202 0.0000000000
56651  13.139  -17.186  60.489 0.0000000000
62883  26.876  -10.700  45.099 0.0000000000
64174  25.860  -10.741  47.361 0.0000000000
64148  26.090  -10.581  49.000 0.0000000000
62774  26.402  -10.833  50.314 0.0000000000
64121  24.772  -11.016  54.231 0.0000000000
64104  25.180  -11.104  54.933 0.0000000000
64088  25.708  -11.223  55.566 0.0000000000
62635  26.189  -11.238  55.890 0.0000000000
54562  12.766  -19.218  68.861 0.0000000000
54559  13.178  -19.321  69.474 0.0000000000
54555  13.137  -19.683  69.982 0.0000000000
88523  58.405  15.407  25.559 0.0000000000
89295  58.942  16.218  27.208 0.0000000000
88495  59.013  15.638  28.134 0.0000000000
88483  58.322  15.092  28.649 0.0000000000
87612  58.114  14.604  30.050 0.0000000000
84279  55.198  10.486  25.093 0.0000000000
84278  55.642  11.151  25.413 0.0000000000
85149  55.496  11.215  26.426 0.0000000000
85138  55.649  11.744  26.955 0.0000000000
86808  55.812  13.065  28.631 0.0000000000
87563  54.268  14.197  33.346 0.0000000000
87579  55.115  14.086  32.543 0.0000000000
80943  48.451  5.926  24.192 0.0000000000
80020  49.427  5.693  27.572 0.0000000000
80874  49.591  6.448  29.264 0.0000000000
81700  48.194  7.478  30.852 0.0000000000
75986  47.586  0.401  26.828 0.0000000000
76908  47.706  0.923  26.548 0.0000000000
135554  46.745  6.296  32.196 0.0000000000
72266  40.606  -2.668  31.884 0.0000000000
71446  41.021  -3.019  33.103 0.0000000000
71372  41.678  -3.690  36.564 0.0000000000
71387  41.519  -3.504  35.984 0.0000000000
71386  42.066  -3.230  36.324 0.0000000000
72192  42.694  -2.858  36.788 0.0000000000
68403  36.917  -6.705  42.835 0.0000000000
69319  36.949  -5.655  42.225 0.0000000000
69339  36.709  -5.091  41.963 0.0000000000
69358  36.648  -4.704  41.199 0.0000000000
68441  38.353  -5.320  42.139 0.0000000000
66534  39.718  -7.670  48.097 0.0000000000
135009  40.129  -7.121  46.728 0.0000000000
134975  40.324  -5.895  43.201 0.0000000000
134976  39.973  -5.741  42.858 0.0000000000
81843  53.339  7.705  17.546 0.0000000000
81003  55.139  6.690  16.530 0.0000000000
81002  56.030  6.411  16.409 0.0000000000
80991  57.683  6.585  16.942 0.0000000000
80992  56.794  6.765  17.286 0.0000000000
81827  56.984  7.221  17.973 0.0000000000
84339  57.980  10.575  20.692 0.0000000000
81939  62.151  7.871  10.087 0.0000000000
82761  62.870  8.075  11.086 0.0000000000
82783  63.312  7.838  10.480 0.0000000000
83555  63.119  8.356  16.258 0.0000000000
83554  63.717  8.827  16.407 0.0000000000
64085  28.733  -10.876  55.860 0.0000000000
62657  29.260  -11.150  55.809 0.0000000000
62633  29.186  -10.925  56.277 0.0000000000
62611  30.614  -11.053  57.589 0.0000000000
64050  30.667  -11.115  58.621 0.0000000000
60089  14.188  -14.276  64.326 0.0000000000
58862  13.727  -14.846  67.418 0.0000000000
57672  13.576  -15.583  66.649 0.0000000000
58852  13.533  -14.749  68.180 0.0000000000
58853  13.081  -15.023  68.559 0.0000000000
58846  13.071  -15.303  69.916 0.0000000000
57647  13.398  -15.942  70.052 0.0000000000
74905  44.369  0.120  32.506 0.0000000000
74863  45.033  0.152  33.846 0.0000000000
74850  45.597  0.589  35.122 0.0000000000
74849  46.100  1.010  35.761 0.0000000000
51213  9.075  -21.316  66.677 0.0000000000
51207  7.850  -21.644  67.118 0.0000000000
50060  9.021  -22.369  69.057 0.0000000000
74958  41.212  -0.008  30.664 0.0000000000
74007  41.957  -0.923  31.590 0.0000000000
62889  30.531  -11.047  43.456 0.0000000000
62866  31.278  -11.361  45.512 0.0000000000
61489  32.962  -11.931  47.493 0.0000000000
64079  24.502  -11.374  57.052 0.0000000000
62636  23.944  -11.933  56.239 0.0000000000
62637  22.989  -12.387  56.529 0.0000000000
62684  22.588  -12.468  54.952 0.0000000000
62662  22.166  -12.479  55.893 0.0000000000
59028  14.124  -14.600  57.461 0.0000000000
62820  24.032  -11.823  48.953 0.0000000000
86067  57.595  12.877  21.693 0.0000000000
86880  58.107  13.653  21.891 0.0000000000
86881  57.189  13.355  21.891 0.0000000000
87702  57.479  14.215  22.795 0.0000000000
86870  56.278  13.360  22.430 0.0000000000
87689  57.078  14.021  23.408 0.0000000000
87678  57.673  14.594  24.508 0.0000000000
87669  57.723  14.873  25.609 0.0000000000
87661  57.581  14.809  26.575 0.0000000000
87655  57.461  14.887  27.561 0.0000000000
85123  53.878  11.131  28.998 0.0000000000
85122  54.387  11.405  28.712 0.0000000000
85955  53.930  12.321  30.347 0.0000000000
85945  53.440  12.663  30.920 0.0000000000
87581  53.530  13.712  32.590 0.0000000000
86740  52.452  13.531  33.135 0.0000000000
87565  52.717  13.763  33.417 0.0000000000
87564  53.220  13.889  33.115 0.0000000000
79074  47.720  4.201  26.059 0.0000000000
80030  48.198  4.545  26.372 0.0000000000
75952  47.391  0.820  30.110 0.0000000000
70486  39.429  -3.957  33.712 0.0000000000
71415  39.853  -3.690  33.818 0.0000000000
70469  39.721  -4.197  34.479 0.0000000000
69424  40.083  -4.681  36.356 0.0000000000
70437  40.537  -4.430  36.323 0.0000000000
70436  41.153  -3.927  36.187 0.0000000000
70422  42.048  -4.022  37.790 0.0000000000
66578  35.469  -8.534  42.742 0.0000000000
82679  51.628  7.787  18.519 0.0000000000
82678  52.603  7.828  18.702 0.0000000000
82663  53.091  8.362  19.267 0.0000000000
82677  53.424  7.834  18.771 0.0000000000
82676  54.143  7.715  18.891 0.0000000000
82660  56.081  7.980  19.119 0.0000000000
84364  56.256  9.673  20.276 0.0000000000
84341  55.821  10.524  20.702 0.0000000000
84340  56.870  10.475  20.847 0.0000000000
85199  57.098  12.079  21.596 0.0000000000
81901  60.329  7.549  11.110 0.0000000000
81037  59.827  6.910  12.173 0.0000000000
81049  60.917  6.855  11.379 0.0000000000
81066  61.387  7.279  11.088 0.0000000000
81900  62.074  7.463  11.540 0.0000000000
81884  62.554  7.735  12.100 0.0000000000
82727  63.014  8.100  12.735 0.0000000000
82726  63.726  8.347  13.540 0.0000000000
82714  62.936  7.989  13.763 0.0000000000
82705  62.848  7.747  14.981 0.0000000000
81019  61.779  6.084  14.422 0.0000000000
81858  62.134  6.931  14.996 0.0000000000
82695  62.653  7.886  16.109 0.0000000000
82685  61.821  7.691  17.092 0.0000000000
82669  61.814  8.230  17.823 0.0000000000
62771  29.742  -11.509  50.718 0.0000000000
62724  30.615  -11.838  52.564 0.0000000000
62656  30.001  -11.395  55.765 0.0000000000
62655  30.925  -11.696  55.627 0.0000000000
62630  31.777  -11.687  56.557 0.0000000000
61433  20.804  -12.773  51.449 0.0000000000
63994  17.948  -10.970  63.185 0.0000000000
65331  18.211  -10.065  64.291 0.0000000000
63960  17.580  -10.680  64.560 0.0000000000
63948  17.429  -10.642  65.076 0.0000000000
65307  17.203  -10.266  65.959 0.0000000000
63950  16.478  -11.260  65.667 0.0000000000
63939  16.677  -10.507  66.387 0.0000000000
65296  16.876  -9.914  66.949 0.0000000000
65274  16.370  -10.443  68.110 0.0000000000
60056  14.398  -13.495  66.252 0.0000000000
61205  14.851  -12.710  66.522 0.0000000000
61191  14.771  -12.627  67.404 0.0000000000
61178  14.402  -12.926  68.450 0.0000000000
62481  14.730  -12.458  68.450 0.0000000000
62480  15.088  -12.016  68.108 0.0000000000
86072  53.395  11.550  22.174 0.0000000000
86054  53.321  11.410  22.605 0.0000000000
85176  54.197  11.063  23.323 0.0000000000
85161  54.332  10.585  23.639 0.0000000000
83434  54.585  9.981  26.918 0.0000000000
84307  50.336  10.332  22.695 0.0000000000
84296  51.816  9.933  23.323 0.0000000000
83456  52.845  8.996  24.208 0.0000000000
83421  54.178  9.991  27.672 0.0000000000
84251  54.013  10.315  28.197 0.0000000000
84210  53.095  10.716  29.637 0.0000000000
84199  52.642  10.941  30.111 0.0000000000
83406  52.585  9.655  28.957 0.0000000000
84211  52.491  10.346  29.663 0.0000000000
85083  51.741  11.257  30.764 0.0000000000
85068  51.234  11.408  31.494 0.0000000000
85069  50.746  10.993  31.683 0.0000000000
85057  49.871  10.832  32.494 0.0000000000
76915  46.403  0.447  26.175 0.0000000000
135490  46.641  -0.043  26.584 0.0000000000
75047  45.789  0.251  27.620 0.0000000000
75045  46.539  -0.008  27.355 0.0000000000
75025  46.910  0.034  27.328 0.0000000000
75004  47.182  0.275  27.781 0.0000000000
75988  47.298  0.534  28.482 0.0000000000
75935  45.653  0.921  30.851 0.0000000000
75869  46.031  1.139  33.415 0.0000000000
65463  37.227  -10.162  47.664 0.0000000000
65475  37.700  -8.945  47.239 0.0000000000
66537  37.953  -9.146  48.013 0.0000000000
82681  49.905  8.435  18.803 0.0000000000
82666  50.481  8.501  19.231 0.0000000000
83520  50.903  9.152  19.551 0.0000000000
84370  50.549  9.924  19.933 0.0000000000
84369  51.494  9.968  19.856 0.0000000000
82728  57.760  8.275  13.519 0.0000000000
83575  57.280  8.652  13.725 0.0000000000
54584  12.192  -18.978  64.603 0.0000000000
54583  12.860  -18.488  65.241 0.0000000000
53357  12.744  -18.990  65.775 0.0000000000
53345  12.037  -19.906  67.455 0.0000000000
53339  12.148  -19.810  68.354 0.0000000000
51212  9.509  -21.193  66.919 0.0000000000
52259  10.713  -21.207  68.827 0.0000000000
52256  11.475  -20.977  69.719 0.0000000000
52251  11.785  -21.108  70.241 0.0000000000
135493  46.209  3.762  24.719 0.0000000000
135452  44.115  2.999  25.289 0.0000000000
74104  44.407  0.386  26.830 0.0000000000
75049  44.727  0.420  27.418 0.0000000000
75030  44.323  0.523  28.132 0.0000000000
75009  44.045  0.551  28.856 0.0000000000
72977  46.261  -1.232  38.401 0.0000000000
65539  33.872  -8.890  40.175 0.0000000000
66587  33.945  -8.922  40.920 0.0000000000
65524  34.178  -9.088  42.146 0.0000000000
62908  30.880  -10.512  42.161 0.0000000000
64241  31.807  -10.501  42.366 0.0000000000
64217  32.399  -10.836  43.976 0.0000000000
64240  32.607  -10.294  42.587 0.0000000000
64252  33.195  -9.860  42.247 0.0000000000
65518  33.767  -9.523  42.373 0.0000000000
65508  35.194  -9.134  43.772 0.0000000000
64214  34.673  -10.181  45.009 0.0000000000
62815  30.354  -11.530  49.032 0.0000000000
61469  31.014  -11.619  48.447 0.0000000000
62792  31.355  -11.591  49.845 0.0000000000
61468  31.726  -11.668  48.541 0.0000000000
61479  33.036  -11.900  48.120 0.0000000000
61410  34.442  -12.509  52.935 0.0000000000
62744  34.074  -11.984  51.388 0.0000000000
62834  34.457  -11.657  47.596 0.0000000000
62848  35.916  -11.113  47.233 0.0000000000
64001  28.748  -11.090  60.899 0.0000000000
64002  27.771  -10.788  61.106 0.0000000000
64004  25.631  -10.604  61.339 0.0000000000
65366  24.605  -10.678  61.926 0.0000000000
64069  24.274  -11.182  58.010 0.0000000000
64057  24.066  -11.141  58.954 0.0000000000
64025  24.370  -10.712  60.628 0.0000000000
64006  24.095  -10.712  61.588 0.0000000000
63987  23.634  -10.738  62.216 0.0000000000
63988  22.902  -10.688  62.446 0.0000000000
63989  21.916  -10.739  62.423 0.0000000000
64009  21.384  -10.952  61.650 0.0000000000
63990  20.952  -10.715  62.408 0.0000000000
63991  20.042  -10.715  62.497 0.0000000000
63992  19.264  -10.860  62.685 0.0000000000
61399  20.222  -13.081  52.838 0.0000000000
59072  17.411  -13.860  54.155 0.0000000000
61366  18.030  -13.421  55.384 0.0000000000
60206  17.147  -13.628  55.792 0.0000000000
61330  19.445  -12.831  57.359 0.0000000000
62600  19.301  -12.234  58.973 0.0000000000
62585  18.956  -12.068  59.857 0.0000000000
62546  17.624  -11.344  62.816 0.0000000000
62538  15.998  -11.906  63.090 0.0000000000
62559  16.452  -12.177  61.653 0.0000000000
62548  15.950  -12.257  62.135 0.0000000000
61261  14.945  -13.050  63.048 0.0000000000
60182  14.872  -13.984  58.922 0.0000000000
60164  14.795  -14.024  59.693 0.0000000000
60146  14.894  -13.868  60.621 0.0000000000
60165  14.553  -14.362  60.131 0.0000000000
60101  14.238  -14.561  63.510 0.0000000000
57713  13.726  -15.970  63.415 0.0000000000
56620  12.955  -17.500  63.264 0.0000000000
55640  12.769  -18.014  63.862 0.0000000000
54605  12.310  -18.601  62.799 0.0000000000
54594  12.440  -18.590  63.524 0.0000000000
54589  12.080  -19.010  63.861 0.0000000000
52307  10.397  -20.129  63.846 0.0000000000
52297  10.623  -20.204  64.330 0.0000000000
52298  10.023  -20.392  64.214 0.0000000000
62901  29.213  -11.121  42.956 0.0000000000
62891  28.806  -11.320  43.659 0.0000000000
62892  28.090  -10.932  43.833 0.0000000000
62881  28.371  -11.413  44.489 0.0000000000
62857  27.298  -10.993  46.582 0.0000000000
62700  28.156  -11.081  53.906 0.0000000000
64118  27.755  -10.852  54.488 0.0000000000
61430  25.055  -11.984  51.958 0.0000000000
61429  25.372  -11.922  52.038 0.0000000000
62728  25.684  -11.531  52.450 0.0000000000
64101  28.228  -10.770  55.181 0.0000000000
64086  28.160  -10.576  55.932 0.0000000000
64065  27.931  -10.411  57.656 0.0000000000
64052  28.671  -10.413  58.518 0.0000000000
65317  18.607  -9.503  65.352 0.0000000000
66405  19.209  -8.950  65.722 0.0000000000
54577  13.147  -18.479  66.206 0.0000000000
55615  13.291  -17.795  66.873 0.0000000000
55607  13.069  -18.606  68.831 0.0000000000
55606  13.109  -17.956  68.523 0.0000000000
56556  13.617  -17.011  69.507 0.0000000000
87687  59.032  14.885  23.602 0.0000000000
86053  54.241  11.789  22.510 0.0000000000
86039  56.144  12.105  23.457 0.0000000000
86025  56.403  12.347  24.206 0.0000000000
85159  55.963  11.568  24.786 0.0000000000
85158  56.474  12.121  25.316 0.0000000000
86821  56.920  13.502  26.769 0.0000000000
87656  57.091  14.334  27.684 0.0000000000
88498  57.217  14.985  28.874 0.0000000000
85972  54.985  12.545  29.268 0.0000000000
86793  55.413  13.121  29.614 0.0000000000
87632  55.853  13.753  29.963 0.0000000000
87614  56.021  14.090  30.754 0.0000000000
87631  56.468  14.140  29.654 0.0000000000
88467  56.812  14.532  30.507 0.0000000000
88486  57.080  14.712  29.593 0.0000000000
88485  57.545  14.894  29.433 0.0000000000
82624  48.357  7.874  22.826 0.0000000000
81783  49.752  7.250  23.458 0.0000000000
81762  50.812  6.707  25.380 0.0000000000
80070  48.632  5.524  24.629 0.0000000000
80929  49.534  5.747  25.334 0.0000000000
81738  51.133  7.176  27.291 0.0000000000
81726  51.630  7.830  28.121 0.0000000000
82564  50.852  8.270  28.940 0.0000000000
81710  49.973  7.519  29.375 0.0000000000
82548  50.416  8.415  29.618 0.0000000000
83388  50.745  9.190  30.164 0.0000000000
83380  50.388  9.451  30.880 0.0000000000
84194  49.804  10.068  31.946 0.0000000000
77913  45.131  3.737  30.666 0.0000000000
135512  44.752  4.152  30.374 0.0000000000
135513  45.558  4.146  29.795 0.0000000000
135515  45.797  4.668  29.837 0.0000000000
80859  47.397  6.291  30.425 0.0000000000
81701  47.529  7.003  30.985 0.0000000000
81687  47.889  7.963  31.358 0.0000000000
135555  47.269  7.210  32.191 0.0000000000
82518  47.969  8.261  32.437 0.0000000000
83372  48.727  8.967  32.033 0.0000000000
84182  49.112  9.350  32.731 0.0000000000
84166  49.478  10.180  33.433 0.0000000000
84154  49.755  10.465  34.131 0.0000000000
74008  41.081  -0.875  31.144 0.0000000000
73118  42.114  -1.454  32.045 0.0000000000
71430  41.066  -3.119  33.944 0.0000000000
72245  41.738  -2.498  33.558 0.0000000000
72244  42.464  -1.929  33.441 0.0000000000
73059  42.884  -1.677  33.819 0.0000000000
72223  43.155  -1.674  34.796 0.0000000000
73023  43.623  -1.467  35.777 0.0000000000
72190  44.107  -1.743  36.759 0.0000000000
73001  44.611  -1.576  36.955 0.0000000000
66594  36.157  -7.453  41.249 0.0000000000
67509  36.133  -6.981  41.182 0.0000000000
68425  36.141  -5.887  41.698 0.0000000000
68426  35.546  -5.580  41.577 0.0000000000
66555  37.837  -8.303  46.308 0.0000000000
67475  37.921  -7.963  45.750 0.0000000000
135008  40.469  -6.910  46.438 0.0000000000
134998  41.253  -6.617  45.541 0.0000000000
134984  40.254  -6.659  45.559 0.0000000000
134983  39.656  -6.765  45.255 0.0000000000
67508  38.597  -5.718  42.646 0.0000000000
70385  40.866  -4.831  38.865 0.0000000000
134987  41.479  -4.602  40.169 0.0000000000
70364  41.433  -4.609  39.658 0.0000000000
70403  42.937  -3.872  39.077 0.0000000000
70328  43.356  -4.550  42.084 0.0000000000
70343  43.649  -4.225  41.427 0.0000000000
70342  44.231  -4.074  41.688 0.0000000000
70361  43.534  -4.088  40.512 0.0000000000
71322  43.740  -3.724  39.819 0.0000000000
71336  43.501  -3.599  39.187 0.0000000000
71335  44.154  -3.214  39.395 0.0000000000
72144  44.556  -2.743  39.379 0.0000000000
72143  45.099  -2.350  39.689 0.0000000000
72131  45.943  -2.598  40.833 0.0000000000
82715  57.368  7.934  13.852 0.0000000000
81867  57.203  7.272  14.178 0.0000000000
81022  57.740  6.597  14.519 0.0000000000
80990  58.114  6.564  16.856 0.0000000000
81850  59.044  6.663  16.723 0.0000000000
82686  60.632  7.418  17.750 0.0000000000
82670  61.213  7.975  18.174 0.0000000000
82659  57.068  8.381  19.101 0.0000000000
82658  57.563  8.422  19.146 0.0000000000
83533  58.401  8.442  19.142 0.0000000000
83531  60.646  8.650  18.718 0.0000000000
52306  10.774  -20.087  64.039 0.0000000000
53377  11.589  -19.203  62.912 0.0000000000
54554  13.560  -19.025  70.114 0.0000000000
54561  12.883  -18.732  68.536 0.0000000000
54565  12.653  -19.212  68.358 0.0000000000
54576  13.296  -18.067  65.795 0.0000000000
55597  13.976  -18.297  70.010 0.0000000000
55631  13.218  -17.691  65.143 0.0000000000
55649  12.656  -18.175  63.193 0.0000000000
56567  13.434  -16.143  66.915 0.0000000000
56597  13.161  -17.456  64.755 0.0000000000
59043  14.088  -14.490  56.921 0.0000000000
60030  13.440  -14.562  68.491 0.0000000000
60055  14.716  -12.991  66.003 0.0000000000
60072  14.588  -13.175  65.482 0.0000000000
61177  14.646  -12.681  67.940 0.0000000000
61223  15.433  -12.337  65.283 0.0000000000
61272  15.511  -13.062  61.513 0.0000000000
61378  34.238  -12.617  54.361 0.0000000000
61380  32.806  -12.565  53.965 0.0000000000
61395  33.204  -12.600  53.472 0.0000000000
61396  32.590  -12.444  53.397 0.0000000000
61413  32.502  -12.357  52.882 0.0000000000
61414  25.352  -11.813  52.306 0.0000000000
61416  22.323  -12.247  52.436 0.0000000000
61466  33.099  -11.873  48.762 0.0000000000
61470  30.403  -11.605  48.375 0.0000000000
61490  32.424  -11.864  47.244 0.0000000000
61492  27.834  -11.383  46.035 0.0000000000
61500  27.919  -11.458  45.827 0.0000000000
61501  27.711  -11.313  45.829 0.0000000000
62472  14.726  -12.477  68.702 0.0000000000
62505  15.427  -12.132  66.166 0.0000000000
62517  16.630  -11.438  65.225 0.0000000000
62594  30.777  -11.166  58.228 0.0000000000
62612  30.018  -10.803  57.260 0.0000000000
62658  26.825  -10.901  55.265 0.0000000000
62675  32.836  -12.543  54.455 0.0000000000
62768  32.728  -11.794  50.455 0.0000000000
63902  15.488  -11.558  68.513 0.0000000000
63927  16.561  -10.320  66.804 0.0000000000
63940  16.285  -11.013  66.046 0.0000000000
63959  17.878  -10.554  63.999 0.0000000000
63976  18.229  -10.671  63.578 0.0000000000
63977  17.628  -11.005  63.668 0.0000000000
63978  17.334  -11.081  64.112 0.0000000000
63993  18.410  -11.061  62.772 0.0000000000
64073  29.710  -10.708  57.084 0.0000000000
64103  25.728  -11.183  54.825 0.0000000000
64116  28.910  -11.144  54.681 0.0000000000
64219  27.007  -10.599  44.649 0.0000000000
64229  32.583  -10.487  43.275 0.0000000000
64242  31.222  -10.474  42.108 0.0000000000
64254  31.686  -10.341  41.670 0.0000000000
64255  30.833  -10.375  41.690 0.0000000000
65284  16.381  -10.313  67.553 0.0000000000
65297  16.470  -10.258  67.196 0.0000000000
65318  17.612  -10.220  65.205 0.0000000000
65319  17.293  -10.497  65.545 0.0000000000
65328  21.387  -9.447  64.301 0.0000000000
65329  20.408  -9.583  64.643 0.0000000000
65330  19.333  -9.771  64.516 0.0000000000
65348  18.610  -10.388  63.758 0.0000000000
65461  37.897  -8.962  47.710 0.0000000000
65559  33.649  -8.738  39.840 0.0000000000
66406  18.689  -9.134  65.885 0.0000000000
66417  20.460  -9.189  65.015 0.0000000000
66426  22.151  -9.376  64.101 0.0000000000
66593  36.127  -7.226  41.162 0.0000000000
66597  33.945  -8.909  40.590 0.0000000000
66604  35.955  -7.076  41.060 0.0000000000
66606  35.200  -7.459  40.442 0.0000000000
67464  39.104  -7.761  47.165 0.0000000000
67510  36.062  -6.554  41.304 0.0000000000
67511  34.846  -7.681  40.302 0.0000000000
67521  35.966  -6.821  41.122 0.0000000000
69316  44.158  -4.839  42.810 0.0000000000
69320  36.785  -5.840  42.170 0.0000000000
70345  42.499  -4.505  40.598 0.0000000000
70346  36.241  -4.971  41.981 0.0000000000
70386  35.562  -4.634  40.740 0.0000000000
71402  40.765  -3.619  34.877 0.0000000000
72999  45.850  -1.120  37.725 0.0000000000
73078  43.149  -1.336  33.626 0.0000000000
73100  41.921  -1.886  32.305 0.0000000000
73943  43.814  -0.694  35.261 0.0000000000
74103  46.365  -0.172  26.964 0.0000000000
74135  39.730  -0.339  22.729 0.0000000000
74981  45.814  0.598  29.004 0.0000000000
74982  45.207  0.607  29.112 0.0000000000
75003  47.354  0.199  27.158 0.0000000000
75024  46.984  -0.051  26.899 0.0000000000
75026  46.614  0.176  27.714 0.0000000000
75027  46.152  0.285  27.951 0.0000000000
75028  45.631  0.390  28.048 0.0000000000
75044  46.604  -0.114  26.943 0.0000000000
75046  46.193  0.085  27.474 0.0000000000
75048  45.359  0.337  27.573 0.0000000000
75996  47.156  0.117  26.589 0.0000000000
79030  44.331  3.858  31.278 0.0000000000
79031  44.047  3.849  31.304 0.0000000000
80136  61.163  5.727  15.013 0.0000000000
80138  60.328  5.744  14.712 0.0000000000
80142  61.241  5.706  14.659 0.0000000000
80143  60.709  5.598  14.328 0.0000000000
80150  59.921  5.879  13.220 0.0000000000
80844  47.197  6.823  31.054 0.0000000000
80986  56.738  6.982  17.670 0.0000000000
80997  60.898  6.037  15.726 0.0000000000
81009  60.536  5.814  15.264 0.0000000000
81028  61.750  6.143  13.485 0.0000000000
81050  60.274  7.047  11.654 0.0000000000
81065  61.731  7.366  11.246 0.0000000000
81709  50.492  7.948  29.050 0.0000000000
81760  52.314  7.564  25.525 0.0000000000
81821  55.517  7.614  18.883 0.0000000000
81824  59.581  7.501  17.813 0.0000000000
81832  52.313  7.531  18.123 0.0000000000
81840  57.080  6.977  17.590 0.0000000000
81851  58.564  6.627  16.766 0.0000000000
81921  62.538  7.949  10.639 0.0000000000
82531  47.959  8.409  31.880 0.0000000000
82542  48.324  8.251  31.312 0.0000000000
82575  53.507  9.104  27.661 0.0000000000
82675  56.237  7.652  18.773 0.0000000000
82687  60.061  7.525  17.758 0.0000000000
82706  62.490  7.280  15.327 0.0000000000
82713  63.298  8.254  14.254 0.0000000000
82743  62.953  8.154  11.781 0.0000000000
82762  59.881  8.197  11.175 0.0000000000
82784  62.938  8.037  10.548 0.0000000000
83357  49.055  9.263  32.418 0.0000000000
83358  48.615  8.853  32.624 0.0000000000
83369  50.580  10.000  31.254 0.0000000000
83370  50.041  9.751  31.458 0.0000000000
83405  53.194  9.860  28.659 0.0000000000
83454  54.655  9.739  24.921 0.0000000000
83534  57.827  8.438  19.152 0.0000000000
83565  63.561  8.427  15.280 0.0000000000
83574  63.725  8.520  14.308 0.0000000000
84167  49.142  9.451  32.998 0.0000000000
84180  49.961  10.615  32.198 0.0000000000
84200  52.082  10.843  30.260 0.0000000000
84212  51.889  10.290  29.961 0.0000000000
84233  54.086  10.779  28.526 0.0000000000
84234  53.551  10.499  28.832 0.0000000000
84269  55.462  11.009  25.833 0.0000000000
85024  50.081  11.841  33.661 0.0000000000
85040  49.718  11.071  32.937 0.0000000000
85055  50.987  11.728  31.975 0.0000000000
85056  50.498  11.453  32.282 0.0000000000
85067  51.786  11.755  31.069 0.0000000000
85080  53.599  11.702  30.081 0.0000000000
85081  53.102  11.377  30.268 0.0000000000
85082  52.322  11.519  30.599 0.0000000000
85102  53.989  11.650  29.546 0.0000000000
85130  55.306  11.772  27.529 0.0000000000
85147  56.370  11.952  25.638 0.0000000000
85187  50.241  10.433  22.486 0.0000000000
85898  50.088  11.845  34.033 0.0000000000
85911  51.223  12.440  32.687 0.0000000000
85912  50.881  12.269  32.935 0.0000000000
85928  51.772  12.429  31.707 0.0000000000
85929  51.290  12.222  32.209 0.0000000000
85946  52.871  12.491  31.021 0.0000000000
85973  54.493  12.220  29.535 0.0000000000
85987  55.318  12.530  28.671 0.0000000000
85988  54.807  12.075  28.650 0.0000000000
85995  55.627  12.390  27.780 0.0000000000
86013  56.730  12.573  25.890 0.0000000000
86024  56.669  12.526  25.025 0.0000000000
86042  53.687  11.340  22.975 0.0000000000
86055  52.676  11.293  22.503 0.0000000000
86089  56.287  12.055  21.440 0.0000000000
86725  52.222  13.600  33.697 0.0000000000
86727  51.061  12.736  33.530 0.0000000000
86739  52.963  13.689  32.847 0.0000000000
86741  51.474  12.810  32.879 0.0000000000
86751  53.812  13.511  31.979 0.0000000000
86752  53.262  13.484  32.317 0.0000000000
86753  52.139  12.884  32.039 0.0000000000
86770  54.642  13.404  31.134 0.0000000000
86794  54.844  12.782  29.874 0.0000000000
86814  56.158  13.060  27.809 0.0000000000
86820  57.233  14.043  26.312 0.0000000000
86841  57.447  14.277  25.025 0.0000000000
87530  52.018  13.700  34.512 0.0000000000
87546  52.470  13.808  33.948 0.0000000000
87600  54.388  13.575  31.696 0.0000000000
87630  58.023  14.839  29.442 0.0000000000
87647  57.237  14.846  28.251 0.0000000000
87690  56.553  13.618  22.918 0.0000000000
88465  57.709  14.809  30.112 0.0000000000
88503  59.524  15.617  27.165 0.0000000000
88504  59.229  15.931  27.401 0.0000000000
88512  59.235  15.921  26.595 0.0000000000
88513  58.840  15.941  26.590 0.0000000000
89289  58.939  15.956  27.732 0.0000000000
89290  58.911  16.064  27.519 0.0000000000
89294  59.009  16.147  27.451 0.0000000000
89301  59.043  16.299  27.005 0.0000000000
134996  39.794  -6.879  45.598 0.0000000000
135432  46.919  3.515  28.090 0.0000000000
135445  44.837  0.356  26.714 0.0000000000
135462  45.808  0.124  27.297 0.0000000000
135463  45.585  0.229  27.359 0.0000000000
135465  44.636  0.384  26.802 0.0000000000
135480  46.099  -0.065  27.055 0.0000000000
135481  46.364  -0.088  27.185 0.0000000000
135489  46.430  -0.104  26.706 0.0000000000
135520  44.090  3.826  31.034 0.0000000000
135521  44.039  4.627  30.567 0.0000000000
135522  44.988  4.505  30.153 0.0000000000
135523  45.017  4.846  30.196 0.0000000000
135524  45.329  5.164  30.375 0.0000000000
135529  43.986  4.070  31.429 0.0000000000
135531  44.852  5.478  30.954 0.0000000000
135533  45.463  5.619  31.468 0.0000000000
135539  43.471  5.028  30.805 0.0000000000
135540  44.127  5.388  31.196 0.0000000000
135543  45.702  5.560  31.957 0.0000000000
135550  45.376  5.272  32.101 0.0000000000
135552  43.512  5.050  31.300 0.0000000000
135553  47.207  7.933  32.056 0.0000000000
