#!ascii label  , from subject la02 vox2ras=TkReg
1073
69382  31.065  -5.358  39.983 0.0000000000
83488  44.997  8.733  21.544 0.0000000000
75036  37.354  0.292  26.601 0.0000000000
62686  12.754  -11.983  54.210 0.0000000000
69288  26.740  -5.222  44.335 0.0000000000
80935  39.851  6.638  25.580 0.0000000000
64166  18.813  -9.864  48.971 0.0000000000
60263  17.180  -13.442  52.805 0.0000000000
66550  22.338  -9.016  46.017 0.0000000000
84323  49.277  10.462  21.519 0.0000000000
73049  33.441  -2.528  36.121 0.0000000000
69480  35.478  -5.574  33.562 0.0000000000
70407  34.641  -4.613  39.686 0.0000000000
86099  46.127  12.632  18.896 0.0000000000
83547  50.301  9.121  17.201 0.0000000000
82602  43.604  9.042  25.547 0.0000000000
80072  47.331  5.241  23.861 0.0000000000
79111  42.769  5.029  24.400 0.0000000000
74119  40.100  -0.389  24.007 0.0000000000
64256  29.731  -10.615  41.784 0.0000000000
56688  11.988  -16.516  57.635 0.0000000000
56643  9.560  -16.628  61.480 0.0000000000
56583  7.884  -15.213  65.246 0.0000000000
68427  29.175  -5.835  41.408 0.0000000000
65511  25.810  -9.471  43.257 0.0000000000
74033  37.226  -0.635  30.218 0.0000000000
71432  39.548  -3.689  33.055 0.0000000000
85258  53.737  11.351  15.233 0.0000000000
84325  47.076  9.731  21.491 0.0000000000
83473  47.952  8.539  22.629 0.0000000000
71374  32.036  -3.269  37.913 0.0000000000
70440  33.476  -4.487  37.011 0.0000000000
70390  32.477  -4.748  39.836 0.0000000000
85188  43.165  11.306  22.599 0.0000000000
86885  45.306  13.872  21.634 0.0000000000
84376  44.741  10.685  19.939 0.0000000000
83538  46.946  9.916  19.024 0.0000000000
52286  7.544  -20.715  66.334 0.0000000000
80946  43.895  6.508  24.319 0.0000000000
80916  42.156  7.212  25.658 0.0000000000
76925  37.587  1.936  25.210 0.0000000000
76940  38.897  2.225  24.870 0.0000000000
75054  38.033  0.031  25.338 0.0000000000
74987  40.443  0.375  29.602 0.0000000000
61402  14.618  -12.914  53.286 0.0000000000
60226  15.787  -14.078  55.328 0.0000000000
60228  13.698  -14.314  55.383 0.0000000000
59017  13.925  -15.002  58.270 0.0000000000
60211  12.164  -14.217  56.002 0.0000000000
60148  9.868  -13.761  59.976 0.0000000000
56610  9.047  -16.238  64.150 0.0000000000
69324  27.835  -5.732  42.635 0.0000000000
67515  26.473  -7.543  40.623 0.0000000000
67505  24.696  -7.235  42.026 0.0000000000
62823  21.310  -11.775  48.184 0.0000000000
64176  23.984  -10.699  47.143 0.0000000000
69445  36.807  -5.665  35.511 0.0000000000
70506  37.453  -4.721  32.580 0.0000000000
81742  41.099  7.964  26.005 0.0000000000
80041  37.252  5.715  26.061 0.0000000000
76926  36.311  1.849  25.811 0.0000000000
61471  19.995  -12.075  48.995 0.0000000000
60261  18.995  -13.690  52.504 0.0000000000
61448  17.606  -12.153  50.453 0.0000000000
62758  15.809  -10.717  51.897 0.0000000000
65414  14.917  -9.521  53.327 0.0000000000
69308  22.940  -6.282  43.816 0.0000000000
68392  21.326  -6.019  45.802 0.0000000000
65465  20.841  -9.175  47.147 0.0000000000
73064  35.020  -1.859  34.328 0.0000000000
72269  34.476  -2.811  32.053 0.0000000000
71416  34.016  -3.792  34.514 0.0000000000
69429  35.379  -5.382  36.701 0.0000000000
86912  49.190  12.995  16.258 0.0000000000
85248  47.816  11.111  16.991 0.0000000000
83522  48.931  9.360  19.428 0.0000000000
82641  43.039  8.269  22.739 0.0000000000
81786  47.197  6.887  22.159 0.0000000000
80103  45.169  6.131  22.937 0.0000000000
78005  45.197  4.412  24.190 0.0000000000
135470  44.445  3.452  24.869 0.0000000000
80078  41.322  5.369  24.929 0.0000000000
76011  41.896  2.936  25.182 0.0000000000
67543  31.118  -7.478  39.155 0.0000000000
67540  33.358  -7.297  39.620 0.0000000000
84282  44.325  11.378  25.241 0.0000000000
64082  11.351  -10.932  56.655 0.0000000000
60183  10.240  -13.829  58.161 0.0000000000
56652  10.297  -16.845  59.764 0.0000000000
54607  10.738  -18.995  61.901 0.0000000000
54596  8.867  -18.776  63.311 0.0000000000
54585  7.981  -18.694  65.187 0.0000000000
55625  6.880  -17.756  66.302 0.0000000000
54566  6.076  -18.456  67.442 0.0000000000
68447  30.029  -5.712  40.241 0.0000000000
66628  28.581  -8.065  39.193 0.0000000000
64258  27.448  -10.191  41.625 0.0000000000
65503  24.266  -9.024  44.863 0.0000000000
75015  36.908  0.391  27.669 0.0000000000
71474  36.698  -3.535  31.026 0.0000000000
71491  38.433  -2.807  30.670 0.0000000000
73141  39.569  -1.596  30.624 0.0000000000
68444  34.418  -5.674  41.166 0.0000000000
83577  55.715  9.488  14.452 0.0000000000
85251  51.696  11.450  15.718 0.0000000000
81861  54.302  7.831  16.050 0.0000000000
83500  46.364  9.164  21.396 0.0000000000
84310  47.698  9.387  22.091 0.0000000000
83486  47.188  8.850  22.051 0.0000000000
70411  31.221  -4.138  39.059 0.0000000000
70410  32.142  -4.276  38.906 0.0000000000
69381  31.920  -5.300  40.119 0.0000000000
83503  44.007  9.977  21.676 0.0000000000
85232  43.725  11.226  20.821 0.0000000000
84327  45.009  9.774  20.846 0.0000000000
84352  45.439  9.872  20.361 0.0000000000
52276  7.115  -20.695  66.841 0.0000000000
80915  42.512  7.589  25.782 0.0000000000
81740  41.801  8.410  25.901 0.0000000000
76004  36.771  0.807  24.757 0.0000000000
76003  37.709  0.826  24.447 0.0000000000
75035  38.918  0.323  27.045 0.0000000000
75013  39.693  0.432  28.436 0.0000000000
61403  13.768  -12.453  53.542 0.0000000000
61384  14.250  -13.597  54.007 0.0000000000
61367  12.958  -13.731  54.915 0.0000000000
60229  12.676  -14.169  55.475 0.0000000000
61368  12.343  -12.981  55.093 0.0000000000
69303  27.332  -5.466  43.454 0.0000000000
68418  25.692  -6.364  41.971 0.0000000000
69327  25.151  -5.944  42.638 0.0000000000
62779  21.840  -12.061  49.951 0.0000000000
73123  36.281  -1.732  31.225 0.0000000000
69444  37.896  -5.631  35.418 0.0000000000
79085  37.034  4.124  26.541 0.0000000000
77981  36.802  3.478  26.808 0.0000000000
61473  18.781  -11.347  48.941 0.0000000000
61460  18.418  -12.008  49.582 0.0000000000
62803  18.249  -11.093  49.455 0.0000000000
64144  16.797  -9.843  51.086 0.0000000000
65427  16.298  -9.548  51.851 0.0000000000
64132  15.383  -10.188  52.308 0.0000000000
69275  22.382  -5.644  45.177 0.0000000000
66529  19.878  -8.284  48.652 0.0000000000
66539  20.611  -8.316  47.490 0.0000000000
64181  19.660  -9.639  47.685 0.0000000000
62824  20.249  -11.635  48.163 0.0000000000
72228  34.326  -2.864  33.990 0.0000000000
72212  33.548  -3.011  35.827 0.0000000000
70425  33.652  -4.748  38.135 0.0000000000
69431  33.615  -4.970  36.450 0.0000000000
69414  34.365  -4.922  37.963 0.0000000000
69413  35.239  -5.142  37.878 0.0000000000
69397  34.959  -4.734  38.978 0.0000000000
86092  45.758  13.048  19.704 0.0000000000
86906  47.964  13.168  17.285 0.0000000000
86104  46.567  12.129  18.182 0.0000000000
84373  47.739  9.868  19.968 0.0000000000
83523  48.067  9.637  19.320 0.0000000000
84372  48.661  9.955  20.028 0.0000000000
81777  43.136  7.998  23.883 0.0000000000
80972  43.752  7.038  22.862 0.0000000000
80956  43.851  6.786  23.496 0.0000000000
80075  43.746  5.832  24.829 0.0000000000
80074  44.870  5.479  23.733 0.0000000000
78006  44.315  4.427  24.370 0.0000000000
77990  44.942  3.827  24.557 0.0000000000
77992  43.240  3.921  24.760 0.0000000000
81766  40.421  7.012  25.703 0.0000000000
80934  40.862  6.645  25.617 0.0000000000
80057  40.641  5.880  25.297 0.0000000000
76012  39.153  1.801  23.859 0.0000000000
76939  40.301  2.715  25.430 0.0000000000
135473  39.163  -0.140  22.748 0.0000000000
135460  41.703  1.507  24.133 0.0000000000
65562  30.743  -9.307  39.543 0.0000000000
65561  31.782  -9.120  39.575 0.0000000000
82601  44.430  9.940  26.220 0.0000000000
83447  43.609  9.718  25.016 0.0000000000
83458  42.995  9.354  23.838 0.0000000000
60262  17.942  -13.821  52.667 0.0000000000
59087  17.474  -13.842  53.890 0.0000000000
57789  13.460  -15.890  57.977 0.0000000000
57770  13.928  -15.531  59.113 0.0000000000
56659  13.508  -16.274  59.348 0.0000000000
55701  12.433  -17.267  59.101 0.0000000000
64071  11.164  -10.772  57.686 0.0000000000
61334  10.581  -12.714  57.326 0.0000000000
61304  10.621  -12.279  58.903 0.0000000000
57743  9.606  -15.711  61.102 0.0000000000
57758  9.671  -15.832  60.069 0.0000000000
56642  9.900  -16.691  60.710 0.0000000000
55670  10.383  -17.670  60.623 0.0000000000
55658  10.115  -18.209  61.414 0.0000000000
54608  9.606  -18.829  62.270 0.0000000000
55650  9.060  -17.686  62.734 0.0000000000
56598  8.345  -15.543  64.663 0.0000000000
55642  8.263  -17.695  64.189 0.0000000000
55623  7.852  -16.429  64.924 0.0000000000
54578  7.591  -18.889  65.756 0.0000000000
56584  7.486  -15.910  65.592 0.0000000000
70351  29.962  -4.655  41.750 0.0000000000
71313  29.836  -4.166  41.273 0.0000000000
68448  29.428  -6.023  40.597 0.0000000000
68468  29.306  -6.784  39.522 0.0000000000
68449  28.324  -6.799  40.229 0.0000000000
65529  25.640  -8.781  41.915 0.0000000000
65547  26.577  -8.745  40.878 0.0000000000
65519  26.334  -9.596  42.454 0.0000000000
66567  22.993  -7.945  44.919 0.0000000000
67485  23.295  -7.892  44.358 0.0000000000
65492  23.232  -9.159  45.702 0.0000000000
64175  24.975  -10.639  47.308 0.0000000000
80953  47.177  5.935  23.078 0.0000000000
80952  48.206  6.346  23.533 0.0000000000
80943  48.451  5.926  24.192 0.0000000000
75016  35.631  0.510  27.465 0.0000000000
75997  34.925  0.434  25.416 0.0000000000
74990  36.648  0.419  28.658 0.0000000000
70509  34.805  -4.611  32.523 0.0000000000
71476  34.897  -3.545  31.823 0.0000000000
70508  35.489  -4.781  32.139 0.0000000000
70487  38.747  -4.417  33.421 0.0000000000
70525  38.104  -3.672  31.555 0.0000000000
71449  38.585  -3.577  31.936 0.0000000000
72317  38.939  -2.128  30.586 0.0000000000
71471  39.690  -2.918  31.617 0.0000000000
72266  40.606  -2.668  31.884 0.0000000000
68463  34.171  -6.283  40.707 0.0000000000
84408  54.958  10.854  14.633 0.0000000000
85253  49.684  11.227  16.213 0.0000000000
85252  50.557  11.289  15.958 0.0000000000
83559  50.938  9.637  16.780 0.0000000000
81853  53.277  8.210  17.084 0.0000000000
80994  54.889  6.882  17.203 0.0000000000
66518  19.375  -8.325  49.318 0.0000000000
65444  18.414  -9.572  50.086 0.0000000000
84324  48.285  10.124  21.554 0.0000000000
84308  49.446  10.162  22.549 0.0000000000
83484  48.782  9.579  22.583 0.0000000000
72175  32.927  -2.390  36.991 0.0000000000
72193  33.125  -2.905  36.551 0.0000000000
71373  32.419  -3.775  37.803 0.0000000000
70426  32.732  -4.310  37.970 0.0000000000
70389  33.345  -4.652  39.926 0.0000000000
86873  45.322  13.805  22.852 0.0000000000
86886  44.341  13.315  22.152 0.0000000000
86094  44.154  12.196  20.471 0.0000000000
86100  45.371  12.151  19.281 0.0000000000
85245  45.785  10.952  18.554 0.0000000000
84375  45.458  10.335  19.578 0.0000000000
84351  46.288  9.648  20.339 0.0000000000
52285  8.180  -20.907  65.897 0.0000000000
82603  43.253  8.594  25.731 0.0000000000
81763  43.120  7.832  25.363 0.0000000000
81751  43.020  7.535  25.786 0.0000000000
80053  43.306  6.330  25.607 0.0000000000
80054  43.055  6.002  25.690 0.0000000000
79097  38.464  4.158  25.908 0.0000000000
79096  39.673  4.451  25.292 0.0000000000
77978  38.714  2.715  25.636 0.0000000000
76013  38.420  1.131  23.787 0.0000000000
75064  39.733  -0.351  24.976 0.0000000000
75034  40.418  0.327  27.540 0.0000000000
74958  41.212  -0.008  30.664 0.0000000000
62901  29.213  -11.121  42.956 0.0000000000
61401  15.906  -13.233  53.089 0.0000000000
60255  16.409  -13.765  53.685 0.0000000000
60256  15.577  -13.676  53.710 0.0000000000
60227  14.795  -14.272  55.419 0.0000000000
60209  14.498  -14.328  56.662 0.0000000000
59029  13.348  -15.117  57.213 0.0000000000
57810  12.122  -15.989  57.140 0.0000000000
62588  10.461  -12.110  59.818 0.0000000000
60116  9.738  -13.487  62.085 0.0000000000
58952  9.417  -15.182  62.335 0.0000000000
57730  9.339  -15.710  62.729 0.0000000000
57714  9.263  -15.441  63.546 0.0000000000
57700  8.852  -15.020  64.241 0.0000000000
57687  8.488  -14.576  64.789 0.0000000000
69323  28.541  -5.769  42.341 0.0000000000
68450  27.273  -7.051  40.419 0.0000000000
68430  26.399  -6.915  41.099 0.0000000000
68431  25.395  -6.985  41.624 0.0000000000
66580  25.170  -8.655  42.598 0.0000000000
64178  22.110  -10.770  46.907 0.0000000000
64193  22.842  -10.121  46.498 0.0000000000
64164  22.562  -11.183  47.498 0.0000000000
79093  46.894  4.214  24.543 0.0000000000
73144  37.016  -1.562  30.672 0.0000000000
69462  36.040  -5.742  34.508 0.0000000000
69479  36.432  -5.508  33.622 0.0000000000
69461  37.114  -5.551  34.507 0.0000000000
69460  38.110  -5.437  34.454 0.0000000000
86925  52.477  12.900  15.644 0.0000000000
52268  5.689  -20.431  67.703 0.0000000000
82595  40.268  8.287  26.123 0.0000000000
80919  39.413  7.270  25.826 0.0000000000
80937  38.196  5.761  25.774 0.0000000000
79084  37.891  3.709  26.385 0.0000000000
77980  37.204  2.868  26.496 0.0000000000
75055  36.480  0.117  25.392 0.0000000000
61445  20.612  -12.680  50.547 0.0000000000
61419  20.127  -12.978  52.044 0.0000000000
61446  19.642  -12.849  50.392 0.0000000000
61435  18.137  -13.222  51.292 0.0000000000
61436  17.442  -12.775  51.434 0.0000000000
62804  17.873  -10.723  50.141 0.0000000000
62756  16.911  -12.004  51.031 0.0000000000
62733  16.161  -12.022  52.040 0.0000000000
61423  14.991  -11.938  52.639 0.0000000000
62707  14.469  -11.603  52.897 0.0000000000
64107  13.356  -10.374  53.680 0.0000000000
69306  24.266  -5.899  43.292 0.0000000000
69291  23.457  -5.652  44.279 0.0000000000
68397  22.295  -6.595  44.490 0.0000000000
67478  21.796  -7.616  45.639 0.0000000000
68388  21.185  -6.488  46.363 0.0000000000
66538  21.210  -8.435  46.761 0.0000000000
65464  21.486  -9.234  46.673 0.0000000000
62843  21.125  -11.235  47.333 0.0000000000
62802  20.679  -11.981  48.817 0.0000000000
73083  36.011  -1.697  32.893 0.0000000000
72268  34.992  -2.160  32.140 0.0000000000
72247  35.109  -2.049  32.900 0.0000000000
71434  34.188  -3.741  33.482 0.0000000000
70471  34.168  -4.802  34.185 0.0000000000
70456  33.395  -4.775  35.896 0.0000000000
70455  33.846  -4.556  35.092 0.0000000000
69463  34.930  -5.645  34.435 0.0000000000
69446  35.628  -5.677  35.550 0.0000000000
69428  36.559  -5.598  36.632 0.0000000000
86905  48.708  13.612  16.972 0.0000000000
86107  48.454  12.567  16.593 0.0000000000
84390  48.586  10.367  17.062 0.0000000000
84382  47.131  10.601  18.134 0.0000000000
83549  48.150  9.894  17.943 0.0000000000
83489  43.706  9.249  21.996 0.0000000000
82638  45.636  7.879  21.710 0.0000000000
81800  45.124  7.155  22.032 0.0000000000
80970  45.664  6.373  22.447 0.0000000000
80088  45.957  5.290  23.278 0.0000000000
80073  45.534  5.203  23.595 0.0000000000
79107  46.587  4.693  24.006 0.0000000000
77988  46.180  4.114  24.366 0.0000000000
135492  45.179  3.142  25.065 0.0000000000
80904  41.568  7.525  25.683 0.0000000000
80055  42.328  6.017  25.434 0.0000000000
80077  42.161  5.429  24.967 0.0000000000
79095  40.724  4.285  25.132 0.0000000000
78010  41.424  4.281  24.885 0.0000000000
78008  42.623  4.380  24.562 0.0000000000
135450  42.503  2.866  25.264 0.0000000000
67527  31.358  -6.737  39.416 0.0000000000
67526  32.227  -6.635  39.640 0.0000000000
67542  31.982  -7.356  39.273 0.0000000000
65559  33.649  -8.738  39.840 0.0000000000
85180  43.446  11.567  23.772 0.0000000000
84299  42.998  10.335  23.126 0.0000000000
65405  12.863  -9.801  54.390 0.0000000000
64080  12.624  -9.564  55.777 0.0000000000
62641  11.695  -11.131  55.690 0.0000000000
61369  11.559  -12.910  55.833 0.0000000000
60196  10.932  -14.211  56.710 0.0000000000
59032  10.663  -15.132  57.551 0.0000000000
60166  9.992  -13.845  58.940 0.0000000000
59018  10.215  -14.894  58.312 0.0000000000
56661  11.298  -17.025  58.739 0.0000000000
55682  11.910  -18.230  60.362 0.0000000000
54618  11.626  -18.668  61.505 0.0000000000
52299  9.339  -20.483  64.430 0.0000000000
55641  8.612  -17.590  63.671 0.0000000000
54591  8.220  -18.683  64.102 0.0000000000
53360  8.248  -19.787  64.979 0.0000000000
53353  7.814  -19.645  65.554 0.0000000000
53346  6.964  -19.490  66.605 0.0000000000
53347  6.499  -19.642  67.048 0.0000000000
56585  7.029  -16.493  66.354 0.0000000000
54572  6.286  -18.516  67.152 0.0000000000
53340  6.134  -19.289  67.382 0.0000000000
70412  30.618  -3.798  39.274 0.0000000000
71337  30.124  -3.597  40.048 0.0000000000
70392  30.501  -4.585  39.892 0.0000000000
68467  30.430  -6.172  39.751 0.0000000000
66626  29.826  -8.201  38.888 0.0000000000
64293  29.077  -9.781  39.955 0.0000000000
67514  27.238  -7.781  40.094 0.0000000000
65565  27.906  -9.360  40.000 0.0000000000
64257  28.495  -10.575  41.583 0.0000000000
68404  23.838  -6.809  43.151 0.0000000000
67492  23.994  -7.765  43.200 0.0000000000
65502  24.857  -9.091  44.476 0.0000000000
64192  23.713  -10.197  46.430 0.0000000000
65477  24.878  -9.571  45.570 0.0000000000
64221  25.766  -9.529  44.889 0.0000000000
82625  47.590  7.854  22.375 0.0000000000
76916  36.250  2.448  26.498 0.0000000000
75056  35.628  0.054  25.276 0.0000000000
73124  35.728  -2.408  31.460 0.0000000000
72296  36.026  -2.827  31.298 0.0000000000
70527  36.590  -4.298  31.770 0.0000000000
71493  37.258  -3.053  30.565 0.0000000000
73143  37.779  -1.543  30.443 0.0000000000
74032  38.069  -0.727  30.114 0.0000000000
74050  38.303  -0.105  29.674 0.0000000000
74988  39.149  0.124  29.412 0.0000000000
74030  39.921  -0.801  30.458 0.0000000000
69380  32.574  -5.193  40.541 0.0000000000
69363  33.127  -5.040  41.082 0.0000000000
70368  34.474  -4.720  40.997 0.0000000000
69341  35.499  -5.234  41.737 0.0000000000
70387  34.990  -4.617  40.370 0.0000000000
84406  56.353  10.360  14.108 0.0000000000
86110  51.642  12.682  15.669 0.0000000000
85259  52.858  11.350  15.533 0.0000000000
82699  52.208  8.975  17.176 0.0000000000
83557  53.156  9.550  16.261 0.0000000000
83569  53.904  9.707  15.691 0.0000000000
82708  54.845  8.412  15.386 0.0000000000
81859  55.674  7.275  14.933 0.0000000000
83501  45.480  9.190  21.216 0.0000000000
83487  46.091  8.594  21.518 0.0000000000
70391  31.536  -4.706  39.651 0.0000000000
83502  44.553  9.557  21.386 0.0000000000
84328  44.100  10.479  21.136 0.0000000000
52277  6.568  -20.463  67.171 0.0000000000
75014  38.292  0.562  28.041 0.0000000000
62685  13.301  -11.698  53.637 0.0000000000
61385  13.375  -13.074  54.229 0.0000000000
61386  12.602  -12.451  54.529 0.0000000000
69304  26.334  -5.412  43.453 0.0000000000
69305  25.323  -5.557  43.442 0.0000000000
61444  21.568  -12.429  50.749 0.0000000000
61443  22.222  -12.315  51.272 0.0000000000
73102  35.870  -1.615  31.990 0.0000000000
62826  18.744  -10.603  48.859 0.0000000000
65454  19.447  -8.996  48.129 0.0000000000
64165  19.154  -9.978  48.245 0.0000000000
62825  19.385  -10.988  48.217 0.0000000000
72211  34.150  -2.840  35.022 0.0000000000
69398  34.239  -4.804  38.549 0.0000000000
86892  46.022  14.008  20.043 0.0000000000
86898  46.408  13.640  19.224 0.0000000000
86902  46.811  13.194  18.438 0.0000000000
84349  48.416  10.240  20.751 0.0000000000
84348  49.369  10.409  20.700 0.0000000000
52291  9.893  -20.675  65.140 0.0000000000
82614  43.183  8.688  24.468 0.0000000000
81787  43.308  7.404  23.443 0.0000000000
81776  43.316  7.679  24.407 0.0000000000
79110  43.608  5.069  24.316 0.0000000000
78007  43.431  4.441  24.452 0.0000000000
80058  39.757  5.466  25.214 0.0000000000
75066  38.884  -0.262  23.121 0.0000000000
76020  39.400  1.278  23.070 0.0000000000
74126  39.234  -0.396  22.980 0.0000000000
65543  30.153  -9.725  40.072 0.0000000000
65542  31.147  -9.714  40.210 0.0000000000
64275  30.409  -10.039  40.905 0.0000000000
83446  44.360  10.142  25.761 0.0000000000
60254  17.227  -13.808  53.526 0.0000000000
57790  12.776  -16.227  57.585 0.0000000000
56672  13.448  -16.136  58.699 0.0000000000
56673  12.733  -16.681  58.367 0.0000000000
56660  13.041  -16.954  59.548 0.0000000000
62601  10.774  -11.536  58.292 0.0000000000
55671  9.884  -17.372  61.168 0.0000000000
55659  9.446  -17.619  61.785 0.0000000000
55624  7.475  -17.566  65.612 0.0000000000
69345  29.091  -5.836  41.923 0.0000000000
69343  29.991  -4.980  42.167 0.0000000000
69344  29.686  -5.385  41.639 0.0000000000
65520  25.734  -9.162  42.466 0.0000000000
65510  26.447  -9.786  43.098 0.0000000000
64232  26.879  -10.081  43.507 0.0000000000
65500  26.233  -9.779  43.765 0.0000000000
66559  22.752  -8.554  45.598 0.0000000000
65480  22.691  -9.409  46.108 0.0000000000
80944  47.852  5.749  23.835 0.0000000000
74052  36.517  0.171  29.564 0.0000000000
74991  35.520  0.541  28.563 0.0000000000
69500  34.706  -4.971  32.937 0.0000000000
69499  35.097  -5.232  32.815 0.0000000000
71433  38.823  -3.762  32.584 0.0000000000
71448  39.267  -3.378  32.114 0.0000000000
71447  40.306  -3.148  32.372 0.0000000000
86119  53.973  12.219  15.030 0.0000000000
85257  54.558  11.387  14.733 0.0000000000
84388  50.101  9.640  16.772 0.0000000000
84396  50.212  10.225  16.443 0.0000000000
83560  50.383  9.621  16.759 0.0000000000
67451  19.339  -7.569  49.763 0.0000000000
66519  18.834  -8.385  49.942 0.0000000000
67459  19.902  -7.830  49.204 0.0000000000
84309  48.264  9.689  22.150 0.0000000000
83485  48.197  9.199  22.595 0.0000000000
72176  32.396  -2.509  37.484 0.0000000000
71389  32.450  -3.073  37.397 0.0000000000
70409  33.016  -4.708  38.960 0.0000000000
86056  43.530  12.375  22.698 0.0000000000
86874  44.439  13.192  23.372 0.0000000000
85231  44.160  11.121  20.351 0.0000000000
86093  44.946  12.635  20.073 0.0000000000
86101  44.703  11.694  19.758 0.0000000000
85238  45.160  11.169  18.994 0.0000000000
85239  44.714  10.956  19.615 0.0000000000
84326  45.921  9.443  20.862 0.0000000000
84350  47.359  10.057  20.647 0.0000000000
52275  7.772  -21.232  66.598 0.0000000000
82593  43.395  8.980  26.169 0.0000000000
81764  43.106  8.424  25.800 0.0000000000
81752  42.806  8.218  25.870 0.0000000000
80914  42.886  7.468  25.982 0.0000000000
80931  42.869  6.711  25.911 0.0000000000
77979  38.317  2.918  26.116 0.0000000000
77997  38.624  3.485  26.083 0.0000000000
76924  38.359  2.474  25.483 0.0000000000
75065  38.475  -0.207  23.886 0.0000000000
75053  39.889  0.031  26.233 0.0000000000
60247  14.159  -14.042  54.562 0.0000000000
60210  13.933  -14.449  56.143 0.0000000000
59045  12.787  -14.845  56.191 0.0000000000
59030  12.418  -15.332  56.666 0.0000000000
59046  11.981  -14.649  56.341 0.0000000000
58951  9.508  -14.645  61.774 0.0000000000
58934  9.546  -14.132  62.371 0.0000000000
58935  9.456  -14.623  62.860 0.0000000000
69302  28.389  -5.427  43.328 0.0000000000
69322  29.170  -5.438  42.593 0.0000000000
68415  28.133  -5.960  42.116 0.0000000000
68416  27.600  -6.085  41.989 0.0000000000
68432  24.946  -7.065  41.877 0.0000000000
66589  25.183  -8.192  41.825 0.0000000000
66590  24.747  -7.685  42.098 0.0000000000
62842  21.932  -11.435  47.568 0.0000000000
62822  22.335  -11.586  48.331 0.0000000000
74034  36.381  -0.421  30.496 0.0000000000
69443  38.845  -5.373  35.252 0.0000000000
82596  39.670  8.202  26.134 0.0000000000
80060  37.658  5.241  25.751 0.0000000000
61458  20.415  -12.362  49.623 0.0000000000
61447  18.493  -12.812  50.572 0.0000000000
65434  18.552  -9.012  50.225 0.0000000000
64152  18.076  -10.040  50.305 0.0000000000
64143  17.360  -10.141  50.661 0.0000000000
64135  16.417  -10.087  51.414 0.0000000000
62781  16.761  -10.519  51.013 0.0000000000
62757  16.375  -11.167  51.507 0.0000000000
61437  16.667  -12.217  51.651 0.0000000000
62734  15.513  -11.334  52.175 0.0000000000
64122  15.084  -9.781  52.847 0.0000000000
64123  14.720  -10.486  52.849 0.0000000000
64124  13.921  -10.985  53.164 0.0000000000
64106  14.236  -9.965  53.520 0.0000000000
69290  24.579  -5.343  44.381 0.0000000000
69273  25.077  -4.829  45.594 0.0000000000
69276  21.621  -5.848  45.561 0.0000000000
68391  21.605  -6.505  45.412 0.0000000000
67471  21.649  -7.247  45.616 0.0000000000
67465  20.996  -7.497  47.024 0.0000000000
64179  21.220  -10.086  46.962 0.0000000000
72226  35.466  -1.843  33.282 0.0000000000
72227  34.884  -2.034  33.677 0.0000000000
71404  33.265  -3.801  36.287 0.0000000000
69430  34.230  -5.035  36.868 0.0000000000
69448  33.752  -5.177  36.166 0.0000000000
69447  34.280  -5.332  35.577 0.0000000000
69412  36.376  -5.438  37.822 0.0000000000
87713  45.757  14.199  22.328 0.0000000000
87737  49.022  14.596  17.411 0.0000000000
87731  48.524  15.172  17.986 0.0000000000
86108  47.749  12.070  16.983 0.0000000000
85247  48.450  11.424  16.561 0.0000000000
84383  46.379  10.351  18.747 0.0000000000
85244  46.410  11.153  18.201 0.0000000000
83537  47.490  9.932  18.614 0.0000000000
83536  48.456  9.377  18.623 0.0000000000
83535  49.213  8.824  18.778 0.0000000000
82640  43.623  8.221  22.342 0.0000000000
82639  44.563  8.100  21.973 0.0000000000
80971  44.591  6.630  22.711 0.0000000000
80954  46.237  5.892  22.752 0.0000000000
80102  45.662  5.833  22.901 0.0000000000
79109  44.546  4.965  24.005 0.0000000000
79108  45.685  4.912  23.780 0.0000000000
79125  46.006  5.072  23.597 0.0000000000
78004  45.888  4.417  24.127 0.0000000000
81741  41.421  8.127  25.886 0.0000000000
81753  41.249  7.544  25.912 0.0000000000
80056  41.507  5.994  25.321 0.0000000000
80933  41.663  6.658  25.565 0.0000000000
77996  39.234  3.246  25.771 0.0000000000
77995  40.474  3.594  25.475 0.0000000000
76938  41.334  3.104  25.413 0.0000000000
77994  41.462  3.833  25.077 0.0000000000
78009  41.848  4.291  24.730 0.0000000000
76937  42.220  3.269  25.175 0.0000000000
77993  42.501  3.791  24.896 0.0000000000
66624  31.696  -8.213  39.178 0.0000000000
65541  32.279  -9.638  40.426 0.0000000000
65560  32.827  -8.998  39.799 0.0000000000
85163  44.019  11.775  24.834 0.0000000000
84283  43.664  10.733  24.744 0.0000000000
83475  42.833  8.791  23.042 0.0000000000
83474  42.952  9.312  22.833 0.0000000000
60267  19.425  -13.343  51.833 0.0000000000
61399  20.222  -13.081  52.838 0.0000000000
60260  19.693  -13.339  52.459 0.0000000000
60245  16.075  -13.969  54.431 0.0000000000
58994  14.377  -14.653  59.288 0.0000000000
65404  13.754  -9.428  54.187 0.0000000000
64070  11.861  -10.130  57.193 0.0000000000
65389  12.589  -9.581  56.737 0.0000000000
64081  12.016  -10.213  56.190 0.0000000000
62665  11.726  -12.124  55.464 0.0000000000
62642  11.170  -11.925  56.134 0.0000000000
61335  10.432  -13.245  57.769 0.0000000000
61352  10.530  -13.333  57.104 0.0000000000
60197  10.481  -14.190  57.322 0.0000000000
61289  10.288  -12.875  60.438 0.0000000000
61305  10.384  -12.999  59.448 0.0000000000
57771  10.108  -15.850  59.080 0.0000000000
57792  10.658  -15.942  58.312 0.0000000000
56662  10.655  -16.604  58.893 0.0000000000
55692  11.739  -17.623  59.306 0.0000000000
55683  10.944  -17.770  59.868 0.0000000000
54619  10.816  -18.500  61.043 0.0000000000
54630  11.447  -18.456  60.882 0.0000000000
53372  9.757  -19.825  63.269 0.0000000000
53365  9.350  -20.104  63.915 0.0000000000
53373  9.039  -19.631  63.636 0.0000000000
56621  9.125  -16.561  63.213 0.0000000000
54579  7.131  -18.702  66.159 0.0000000000
54571  6.666  -18.590  66.691 0.0000000000
56571  6.829  -16.210  67.226 0.0000000000
55616  6.470  -17.412  66.880 0.0000000000
55617  6.186  -17.703  67.266 0.0000000000
72159  31.018  -2.740  39.063 0.0000000000
70372  30.030  -4.698  40.813 0.0000000000
71324  29.779  -4.021  40.605 0.0000000000
70371  30.277  -5.030  40.418 0.0000000000
69364  30.446  -5.405  40.228 0.0000000000
67529  28.850  -7.200  39.319 0.0000000000
68480  29.682  -7.117  39.121 0.0000000000
66627  29.029  -8.291  39.158 0.0000000000
65583  29.526  -8.769  39.220 0.0000000000
66610  28.873  -8.677  39.366 0.0000000000
68451  26.801  -7.307  40.492 0.0000000000
65527  27.015  -9.686  41.309 0.0000000000
65546  27.165  -9.276  40.698 0.0000000000
64278  27.385  -9.900  40.879 0.0000000000
64277  28.000  -10.232  40.568 0.0000000000
64244  28.872  -10.821  42.441 0.0000000000
64245  27.844  -10.489  42.842 0.0000000000
69307  23.301  -6.143  43.599 0.0000000000
68405  23.138  -6.618  43.709 0.0000000000
66566  23.683  -8.596  44.729 0.0000000000
66574  23.711  -8.123  43.897 0.0000000000
66565  24.345  -8.862  44.435 0.0000000000
66573  24.545  -8.622  43.643 0.0000000000
64177  23.054  -10.702  47.034 0.0000000000
64191  24.884  -9.971  46.339 0.0000000000
64207  25.548  -9.637  45.432 0.0000000000
81799  46.199  6.976  21.852 0.0000000000
82637  46.716  7.837  21.816 0.0000000000
76917  35.584  2.333  26.541 0.0000000000
76927  34.859  1.640  25.581 0.0000000000
75037  35.785  0.230  26.293 0.0000000000
73103  35.540  -2.144  31.624 0.0000000000
72297  35.121  -2.834  31.590 0.0000000000
71475  35.686  -3.838  31.619 0.0000000000
72320  36.698  -2.549  30.717 0.0000000000
69497  36.714  -5.221  32.927 0.0000000000
70507  36.349  -4.890  32.283 0.0000000000
71473  37.690  -3.496  30.956 0.0000000000
71492  37.979  -2.960  30.549 0.0000000000
72319  37.489  -2.359  30.562 0.0000000000
72318  38.273  -2.302  30.549 0.0000000000
73142  38.609  -1.528  30.369 0.0000000000
74031  39.032  -0.705  30.097 0.0000000000
74960  39.539  -0.318  30.097 0.0000000000
72292  40.836  -2.229  31.643 0.0000000000
67525  32.991  -6.740  39.972 0.0000000000
68465  32.485  -5.971  40.276 0.0000000000
68445  33.588  -5.689  41.094 0.0000000000
69362  33.931  -5.077  41.287 0.0000000000
70369  33.627  -4.706  40.728 0.0000000000
70367  35.183  -4.719  41.086 0.0000000000
69378  35.829  -4.665  40.108 0.0000000000
84407  55.438  10.416  14.556 0.0000000000
85266  56.108  11.141  14.409 0.0000000000
82717  56.020  8.328  14.477 0.0000000000
86904  49.450  14.013  16.655 0.0000000000
84395  51.290  10.352  16.157 0.0000000000
86111  50.754  12.417  15.786 0.0000000000
85260  52.313  11.476  15.607 0.0000000000
85250  52.416  11.094  15.679 0.0000000000
81852  53.732  7.665  16.839 0.0000000000
82697  53.602  8.583  16.467 0.0000000000
83570  53.380  9.963  15.867 0.0000000000
82709  54.215  8.854  15.794 0.0000000000
83568  54.909  9.452  15.139 0.0000000000
71354  31.742  -3.784  38.526 0.0000000000
70427  32.203  -3.889  38.201 0.0000000000
84311  43.418  10.493  21.884 0.0000000000
86076  43.292  11.829  21.677 0.0000000000
84329  43.596  10.750  21.468 0.0000000000
84353  44.787  10.360  20.344 0.0000000000
81739  42.157  8.697  26.044 0.0000000000
80902  42.084  8.159  25.743 0.0000000000
80903  41.935  7.861  25.702 0.0000000000
60230  12.048  -13.616  55.753 0.0000000000
60103  9.488  -13.622  63.399 0.0000000000
69325  26.960  -5.714  42.634 0.0000000000
69326  25.997  -5.757  42.605 0.0000000000
68419  24.722  -6.655  42.298 0.0000000000
62801  21.466  -11.959  49.200 0.0000000000
62800  22.458  -11.825  49.374 0.0000000000
69427  37.672  -5.501  36.509 0.0000000000
79099  37.124  4.662  26.154 0.0000000000
80042  36.779  5.174  26.120 0.0000000000
77971  36.546  2.581  26.472 0.0000000000
61472  19.353  -11.765  48.900 0.0000000000
61459  19.358  -12.381  49.632 0.0000000000
61461  17.850  -11.468  50.047 0.0000000000
65436  17.142  -9.243  51.006 0.0000000000
65426  16.730  -9.270  51.625 0.0000000000
64136  15.980  -10.166  51.783 0.0000000000
69260  21.634  -5.573  46.131 0.0000000000
66528  20.368  -8.033  48.167 0.0000000000
67466  20.634  -7.455  47.872 0.0000000000
65466  20.073  -9.046  47.499 0.0000000000
64180  20.258  -9.852  47.319 0.0000000000
62844  20.280  -10.742  47.514 0.0000000000
62845  19.694  -10.286  47.704 0.0000000000
72210  34.623  -2.248  34.432 0.0000000000
71403  33.681  -3.831  35.425 0.0000000000
70439  33.909  -4.844  37.471 0.0000000000
69396  36.169  -5.003  38.967 0.0000000000
86893  45.445  13.433  20.580 0.0000000000
87719  46.452  14.769  20.561 0.0000000000
86900  48.241  14.210  17.648 0.0000000000
86901  47.501  13.748  17.991 0.0000000000
86103  47.295  12.630  17.736 0.0000000000
85243  47.204  11.444  17.634 0.0000000000
84374  46.719  9.848  19.615 0.0000000000
83524  47.362  9.809  19.289 0.0000000000
84371  49.599  9.900  20.022 0.0000000000
82626  42.908  8.349  23.168 0.0000000000
81802  43.314  7.668  22.777 0.0000000000
77991  44.013  3.872  24.732 0.0000000000
81754  40.931  7.575  25.912 0.0000000000
80918  41.115  6.990  25.808 0.0000000000
81765  40.724  7.162  25.790 0.0000000000
80079  40.547  5.228  24.974 0.0000000000
76952  39.564  2.062  24.308 0.0000000000
76019  40.173  1.775  23.872 0.0000000000
135469  40.907  2.038  24.415 0.0000000000
76950  41.522  2.486  25.003 0.0000000000
76026  40.509  1.319  23.087 0.0000000000
66625  30.719  -8.165  39.031 0.0000000000
65581  31.068  -8.746  39.241 0.0000000000
64274  31.424  -10.069  40.994 0.0000000000
84274  44.116  10.432  25.394 0.0000000000
83459  42.892  8.735  23.423 0.0000000000
60268  18.564  -13.505  51.741 0.0000000000
60252  18.671  -13.785  53.398 0.0000000000
60253  17.852  -13.782  53.736 0.0000000000
57757  14.021  -15.693  60.168 0.0000000000
56650  13.573  -16.463  60.322 0.0000000000
55691  12.592  -17.652  59.842 0.0000000000
62618  10.771  -11.824  57.206 0.0000000000
61319  10.623  -12.445  58.036 0.0000000000
61320  10.440  -13.092  58.563 0.0000000000
58974  9.613  -14.721  60.571 0.0000000000
53379  10.408  -19.435  62.708 0.0000000000
55633  8.377  -16.863  64.369 0.0000000000
55634  8.005  -17.657  64.720 0.0000000000
54567  5.844  -18.477  67.351 0.0000000000
69365  30.002  -5.401  40.656 0.0000000000
68469  28.651  -7.024  39.530 0.0000000000
66588  25.945  -8.480  41.269 0.0000000000
66599  26.428  -8.144  40.626 0.0000000000
65528  26.356  -9.225  41.565 0.0000000000
64259  26.815  -9.744  41.890 0.0000000000
64246  26.983  -9.955  42.568 0.0000000000
67486  22.802  -7.362  44.455 0.0000000000
67493  23.357  -7.342  43.811 0.0000000000
65491  23.825  -9.212  45.392 0.0000000000
64162  24.203  -11.164  48.159 0.0000000000
80969  46.533  6.379  22.412 0.0000000000
76944  33.030  1.119  26.139 0.0000000000
135978  33.918  0.959  25.752 0.0000000000
135977  34.614  0.392  26.176 0.0000000000
74051  37.441  0.026  29.597 0.0000000000
71451  34.501  -3.677  32.411 0.0000000000
72298  34.586  -3.201  31.848 0.0000000000
71450  34.992  -4.141  32.008 0.0000000000
70528  36.008  -4.529  31.855 0.0000000000
70488  37.986  -4.913  33.319 0.0000000000
70505  38.177  -4.028  32.272 0.0000000000
71472  38.676  -3.157  31.165 0.0000000000
72295  38.762  -2.609  30.726 0.0000000000
72294  39.416  -2.444  30.972 0.0000000000
73121  39.932  -2.054  30.992 0.0000000000
72293  40.199  -2.439  31.383 0.0000000000
66607  33.870  -7.913  39.457 0.0000000000
67524  33.939  -6.895  39.899 0.0000000000
67512  34.498  -7.589  39.859 0.0000000000
67523  34.971  -6.904  40.235 0.0000000000
67522  35.604  -6.688  40.910 0.0000000000
85267  55.334  11.289  14.556 0.0000000000
83578  55.276  9.831  14.700 0.0000000000
86112  49.870  12.201  16.025 0.0000000000
81004  54.390  7.071  16.665 0.0000000000
81003  55.139  6.690  16.530 0.0000000000
65442  19.299  -8.790  48.861 0.0000000000
65443  18.836  -9.178  49.473 0.0000000000
68385  20.631  -6.692  48.250 0.0000000000
67458  20.333  -7.491  48.682 0.0000000000
83471  49.281  9.136  23.022 0.0000000000
73031  33.350  -2.112  36.476 0.0000000000
71388  32.777  -3.573  37.241 0.0000000000
70408  33.992  -4.701  39.192 0.0000000000
86075  43.752  12.544  21.423 0.0000000000
86074  44.687  12.963  21.077 0.0000000000
86105  45.839  11.689  18.601 0.0000000000
84384  45.635  10.660  18.900 0.0000000000
80930  43.295  6.927  25.613 0.0000000000
80076  43.000  5.487  25.012 0.0000000000
80059  38.667  5.205  25.374 0.0000000000
76941  37.976  1.526  24.473 0.0000000000
75012  41.007  0.479  28.725 0.0000000000
62909  30.492  -10.631  42.187 0.0000000000
62900  30.019  -10.987  42.680 0.0000000000
61400  16.682  -13.418  53.125 0.0000000000
60246  15.006  -14.035  54.278 0.0000000000
59028  14.124  -14.600  57.461 0.0000000000
59060  13.305  -14.626  55.849 0.0000000000
59044  13.733  -14.632  56.567 0.0000000000
57809  12.904  -15.751  57.211 0.0000000000
60131  9.916  -13.688  61.056 0.0000000000
57744  9.395  -15.753  61.941 0.0000000000
56631  9.280  -16.653  62.315 0.0000000000
58919  9.239  -14.374  63.793 0.0000000000
57673  8.289  -14.614  65.347 0.0000000000
68428  28.487  -6.123  41.470 0.0000000000
68429  27.443  -6.496  41.136 0.0000000000
68417  26.666  -6.186  41.864 0.0000000000
67503  25.782  -7.657  41.172 0.0000000000
66572  25.312  -9.001  43.147 0.0000000000
64194  22.109  -9.903  46.589 0.0000000000
64163  23.209  -11.050  47.854 0.0000000000
62821  23.258  -11.597  48.687 0.0000000000
79106  47.398  4.699  24.279 0.0000000000
80071  48.097  5.144  24.274 0.0000000000
69478  37.440  -5.243  33.583 0.0000000000
69477  38.246  -5.050  33.812 0.0000000000
70470  39.190  -4.630  34.172 0.0000000000
86120  53.109  12.142  15.409 0.0000000000
82691  50.052  8.495  18.044 0.0000000000
52267  6.221  -20.440  67.520 0.0000000000
82583  41.027  8.628  26.276 0.0000000000
82594  40.877  8.282  26.137 0.0000000000
81755  40.069  7.544  25.792 0.0000000000
80920  38.801  6.957  25.898 0.0000000000
80936  38.824  6.077  25.705 0.0000000000
79083  38.367  3.585  26.216 0.0000000000
79098  37.567  4.458  26.105 0.0000000000
61433  20.804  -12.773  51.449 0.0000000000
61434  19.955  -13.024  51.225 0.0000000000
60276  19.106  -13.269  51.082 0.0000000000
60269  17.839  -13.457  51.813 0.0000000000
61420  17.394  -13.297  52.231 0.0000000000
64151  18.412  -10.168  49.606 0.0000000000
62780  17.174  -11.207  50.630 0.0000000000
61421  16.638  -12.866  52.377 0.0000000000
61422  15.584  -12.463  52.490 0.0000000000
64133  15.130  -10.808  52.462 0.0000000000
62735  14.940  -11.233  52.585 0.0000000000
62708  13.965  -11.963  53.230 0.0000000000
64108  12.586  -10.902  54.127 0.0000000000
69274  23.746  -5.089  45.376 0.0000000000
69292  22.690  -5.996  44.060 0.0000000000
67477  22.215  -7.481  45.219 0.0000000000
66551  21.837  -8.660  46.099 0.0000000000
68387  21.406  -6.960  45.848 0.0000000000
67472  21.420  -7.648  46.084 0.0000000000
65481  22.022  -9.344  46.326 0.0000000000
64195  21.716  -9.656  46.644 0.0000000000
61457  21.183  -12.278  50.007 0.0000000000
72267  35.449  -1.827  32.542 0.0000000000
72248  34.525  -2.716  32.915 0.0000000000
70489  34.459  -4.548  33.134 0.0000000000
69481  34.726  -5.229  33.465 0.0000000000
86113  49.081  11.940  16.208 0.0000000000
84397  49.331  10.594  16.582 0.0000000000
84389  49.591  9.809  16.948 0.0000000000
83550  47.653  10.277  18.090 0.0000000000
84391  47.736  10.582  17.618 0.0000000000
83548  49.142  9.154  17.787 0.0000000000
81801  44.185  7.462  22.451 0.0000000000
80087  46.704  5.208  23.565 0.0000000000
80955  44.593  6.234  23.397 0.0000000000
80945  44.685  5.961  23.693 0.0000000000
80089  45.197  5.790  23.320 0.0000000000
79124  46.254  5.013  23.660 0.0000000000
135493  46.209  3.762  24.719 0.0000000000
77989  45.604  4.074  24.347 0.0000000000
135478  45.654  3.767  24.610 0.0000000000
80917  41.558  7.119  25.712 0.0000000000
80932  42.338  6.645  25.702 0.0000000000
79115  39.934  4.966  25.011 0.0000000000
79114  40.350  4.800  24.993 0.0000000000
79113  41.157  4.677  24.812 0.0000000000
79094  41.194  4.275  24.970 0.0000000000
79112  41.979  4.865  24.686 0.0000000000
76936  43.595  3.285  25.252 0.0000000000
135451  43.292  2.424  25.166 0.0000000000
135452  44.115  2.999  25.289 0.0000000000
68466  31.588  -6.026  39.861 0.0000000000
67541  32.731  -7.268  39.504 0.0000000000
66609  32.414  -8.535  39.428 0.0000000000
66608  33.100  -8.322  39.496 0.0000000000
66622  33.151  -7.735  39.415 0.0000000000
86044  44.231  12.529  24.192 0.0000000000
60251  19.560  -13.551  53.166 0.0000000000
59073  17.262  -13.937  53.975 0.0000000000
64091  12.618  -9.511  55.215 0.0000000000
64092  12.173  -10.169  55.043 0.0000000000
62664  12.146  -11.674  54.802 0.0000000000
61351  10.829  -12.878  56.538 0.0000000000
60212  11.450  -13.880  56.305 0.0000000000
59031  11.293  -14.998  56.789 0.0000000000
57811  11.198  -15.921  57.643 0.0000000000
58995  9.775  -14.816  59.447 0.0000000000
57812  10.643  -15.480  57.950 0.0000000000
57791  11.110  -16.264  58.123 0.0000000000
56674  11.589  -16.695  58.141 0.0000000000
55702  11.978  -17.157  58.650 0.0000000000
54631  11.033  -18.246  60.481 0.0000000000
55669  11.883  -18.425  61.048 0.0000000000
55668  12.443  -18.143  61.475 0.0000000000
52292  8.876  -20.747  65.018 0.0000000000
54590  8.472  -18.361  63.616 0.0000000000
54597  8.646  -19.283  63.763 0.0000000000
53366  8.692  -19.921  64.176 0.0000000000
53354  7.381  -19.888  66.099 0.0000000000
56570  7.765  -15.196  65.652 0.0000000000
73063  35.834  -1.697  34.052 0.0000000000
71355  31.255  -3.297  38.700 0.0000000000
67528  30.642  -6.924  39.267 0.0000000000
68479  30.049  -6.856  39.260 0.0000000000
67544  30.187  -7.454  39.031 0.0000000000
65582  30.308  -8.815  39.105 0.0000000000
65563  29.868  -9.302  39.500 0.0000000000
64276  29.247  -10.158  40.539 0.0000000000
67513  27.766  -7.300  40.003 0.0000000000
67531  27.838  -8.106  39.648 0.0000000000
66598  27.073  -8.574  40.385 0.0000000000
66612  27.619  -8.556  39.917 0.0000000000
66611  28.368  -8.493  39.473 0.0000000000
64294  28.625  -9.811  40.061 0.0000000000
67499  24.334  -7.378  42.473 0.0000000000
66581  24.608  -8.097  42.602 0.0000000000
65512  25.246  -9.126  43.763 0.0000000000
65479  23.417  -9.654  45.990 0.0000000000
65478  24.206  -9.680  45.814 0.0000000000
65490  24.556  -9.308  45.210 0.0000000000
65489  25.228  -9.382  44.999 0.0000000000
65501  25.658  -9.472  44.273 0.0000000000
64220  26.428  -9.995  44.746 0.0000000000
82624  48.357  7.874  22.826 0.0000000000
81785  47.884  7.028  22.928 0.0000000000
77972  36.379  2.998  27.039 0.0000000000
76005  35.698  0.769  24.912 0.0000000000
69498  35.905  -5.372  32.793 0.0000000000
70526  37.438  -3.986  31.645 0.0000000000
74989  37.796  0.327  28.883 0.0000000000
74959  40.126  -0.121  30.195 0.0000000000
73140  40.115  -1.287  30.736 0.0000000000
74009  40.443  -1.039  30.819 0.0000000000
74029  40.564  -0.551  30.664 0.0000000000
68464  33.295  -6.264  40.594 0.0000000000
68446  32.931  -5.647  40.840 0.0000000000
70370  32.985  -4.787  40.479 0.0000000000
70388  34.156  -4.586  40.177 0.0000000000
68461  35.525  -6.167  41.173 0.0000000000
69360  35.236  -5.382  41.551 0.0000000000
70349  34.962  -4.883  41.377 0.0000000000
69379  35.111  -4.641  39.771 0.0000000000
86909  51.812  13.730  15.818 0.0000000000
83546  51.397  8.980  17.202 0.0000000000
83545  51.922  8.988  17.194 0.0000000000
83558  52.021  9.439  16.686 0.0000000000
82698  52.812  8.893  17.118 0.0000000000
84394  52.466  10.385  15.907 0.0000000000
84393  53.101  10.105  15.926 0.0000000000
84402  53.355  10.526  15.628 0.0000000000
84401  54.488  10.447  15.007 0.0000000000
83567  55.348  8.752  14.860 0.0000000000
81860  54.981  7.480  15.451 0.0000000000
82707  55.320  8.038  14.955 0.0000000000
52266  6.737  -21.063  67.326 0.0000000000
55693  10.919  -17.239  59.257 0.0000000000
56569  7.909  -14.896  65.653 0.0000000000
56675  11.034  -16.520  58.415 0.0000000000
56687  12.420  -16.400  57.638 0.0000000000
57674  7.602  -15.338  65.846 0.0000000000
59059  13.680  -14.498  55.977 0.0000000000
59086  17.627  -13.777  54.067 0.0000000000
60213  10.766  -13.707  56.699 0.0000000000
60244  17.060  -14.050  54.324 0.0000000000
60277  18.553  -13.249  51.137 0.0000000000
64243  29.457  -10.894  42.459 0.0000000000
65455  19.075  -9.354  48.727 0.0000000000
65544  29.467  -9.669  39.895 0.0000000000
65545  27.614  -9.706  40.518 0.0000000000
65564  28.978  -9.199  39.606 0.0000000000
65566  27.423  -8.959  40.209 0.0000000000
65584  29.115  -8.730  39.326 0.0000000000
66540  20.054  -8.501  47.958 0.0000000000
66558  23.393  -8.897  45.385 0.0000000000
66560  21.969  -8.032  45.682 0.0000000000
66623  32.550  -7.914  39.281 0.0000000000
67494  22.851  -6.843  44.076 0.0000000000
67504  25.121  -7.459  41.758 0.0000000000
67530  28.324  -7.595  39.478 0.0000000000
67545  29.220  -7.534  39.075 0.0000000000
67546  28.753  -7.864  39.099 0.0000000000
68406  22.778  -6.434  44.014 0.0000000000
68442  35.727  -5.944  41.433 0.0000000000
68443  35.169  -5.688  41.329 0.0000000000
68462  34.994  -6.157  40.855 0.0000000000
69342  35.086  -4.974  41.627 0.0000000000
69361  34.804  -5.185  41.446 0.0000000000
70348  35.365  -4.861  41.561 0.0000000000
70350  30.104  -4.544  42.490 0.0000000000
70393  29.927  -4.219  40.256 0.0000000000
71338  29.822  -3.948  40.253 0.0000000000
71470  40.218  -2.825  31.792 0.0000000000
72194  32.697  -2.900  37.088 0.0000000000
72246  35.502  -1.844  32.901 0.0000000000
73120  40.463  -1.661  31.116 0.0000000000
74120  39.307  -0.423  23.402 0.0000000000
74127  38.965  -0.347  22.934 0.0000000000
74136  39.072  -0.554  22.999 0.0000000000
75038  35.022  0.553  26.676 0.0000000000
76951  40.216  2.245  24.682 0.0000000000
80061  37.222  4.878  25.915 0.0000000000
80080  40.148  5.115  25.032 0.0000000000
81788  43.032  7.931  23.303 0.0000000000
81803  42.970  8.003  22.952 0.0000000000
82584  40.349  8.933  26.527 0.0000000000
82615  43.008  8.489  23.678 0.0000000000
82688  52.830  8.227  17.409 0.0000000000
83490  43.114  8.752  22.494 0.0000000000
83556  53.727  9.166  16.058 0.0000000000
84312  43.432  10.903  21.610 0.0000000000
84398  48.846  10.874  16.605 0.0000000000
84400  55.045  10.021  14.818 0.0000000000
84403  52.781  10.842  15.697 0.0000000000
85189  43.258  11.227  21.853 0.0000000000
85207  43.789  10.962  20.838 0.0000000000
85208  43.500  11.115  21.245 0.0000000000
85254  49.074  11.202  16.391 0.0000000000
86057  43.180  11.715  22.201 0.0000000000
86095  43.621  11.701  20.916 0.0000000000
86121  52.321  12.004  15.523 0.0000000000
135458  40.239  0.601  22.325 0.0000000000
135459  41.179  1.239  22.823 0.0000000000
135474  38.836  0.399  22.956 0.0000000000
135479  39.196  -0.366  22.838 0.0000000000
