#!ascii label  , from subject la02 vox2ras=TkReg
1220
99761  44.989  30.089  16.202 0.0000000000
96955  48.890  25.248  7.902 0.0000000000
102281  51.318  32.106  -0.242 0.0000000000
90317  48.332  18.127  -3.371 0.0000000000
96209  44.213  24.381  11.800 0.0000000000
103705  54.651  35.303  7.324 0.0000000000
95549  46.221  23.518  0.717 0.0000000000
97040  39.010  26.349  -0.842 0.0000000000
101427  50.478  31.528  10.272 0.0000000000
98331  47.112  27.715  10.316 0.0000000000
93972  46.692  21.319  8.631 0.0000000000
103082  46.190  33.769  -3.138 0.0000000000
97714  43.500  26.688  -2.055 0.0000000000
98382  53.039  27.678  3.954 0.0000000000
97062  47.736  26.317  -3.642 0.0000000000
99939  40.555  29.691  0.789 0.0000000000
101406  47.445  31.406  11.765 0.0000000000
99835  45.199  29.846  11.478 0.0000000000
94738  45.266  22.669  10.399 0.0000000000
103753  52.631  35.321  0.309 0.0000000000
103041  48.896  34.563  -0.060 0.0000000000
102322  49.546  32.918  -2.629 0.0000000000
99929  43.957  29.401  1.712 0.0000000000
100695  46.434  30.066  1.995 0.0000000000
98314  53.458  27.880  10.746 0.0000000000
99867  51.659  29.371  7.323 0.0000000000
98355  50.654  27.285  6.672 0.0000000000
94059  46.558  20.815  -2.437 0.0000000000
97038  47.578  25.124  -1.159 0.0000000000
94082  46.789  21.561  -5.172 0.0000000000
94099  45.316  21.802  -7.182 0.0000000000
90328  46.019  18.017  -3.349 0.0000000000
88806  45.052  15.412  -0.548 0.0000000000
99058  41.581  27.941  15.683 0.0000000000
99095  42.440  28.670  12.000 0.0000000000
103003  54.950  34.347  2.181 0.0000000000
95517  44.870  22.910  5.610 0.0000000000
96264  46.118  25.200  3.699 0.0000000000
94025  45.196  21.369  2.185 0.0000000000
92170  46.939  18.899  -0.703 0.0000000000
103631  51.820  34.251  13.178 0.0000000000
102135  49.647  32.532  13.211 0.0000000000
99833  49.863  30.189  11.123 0.0000000000
96927  50.003  25.484  11.152 0.0000000000
97600  45.566  26.237  11.110 0.0000000000
96218  47.336  24.171  10.584 0.0000000000
95489  47.576  23.346  8.551 0.0000000000
93101  45.887  20.408  6.531 0.0000000000
99779  39.536  29.099  16.044 0.0000000000
103044  45.578  34.104  -0.073 0.0000000000
102329  42.383  33.259  -2.797 0.0000000000
100719  42.456  30.531  0.396 0.0000000000
97717  40.802  26.060  -2.465 0.0000000000
96309  43.529  23.891  -1.761 0.0000000000
102926  51.266  33.438  8.321 0.0000000000
101454  52.225  31.850  4.892 0.0000000000
100701  52.224  30.116  1.918 0.0000000000
97676  48.057  26.482  2.659 0.0000000000
97694  49.410  26.651  0.749 0.0000000000
99181  48.169  28.070  1.504 0.0000000000
98468  46.323  27.254  -3.802 0.0000000000
95596  44.467  23.149  -4.412 0.0000000000
99940  39.976  29.979  1.094 0.0000000000
101519  40.268  31.599  0.042 0.0000000000
100606  45.517  30.515  12.978 0.0000000000
99803  44.607  29.715  13.940 0.0000000000
103069  53.180  34.269  -1.548 0.0000000000
103813  51.164  33.962  -1.973 0.0000000000
102295  50.505  32.271  -1.459 0.0000000000
101512  48.405  31.724  -0.044 0.0000000000
101499  48.596  31.318  1.027 0.0000000000
96939  51.405  25.797  10.019 0.0000000000
98344  52.205  27.182  8.701 0.0000000000
97628  49.928  26.513  7.717 0.0000000000
93182  48.090  19.431  -3.392 0.0000000000
94067  46.827  20.757  -3.404 0.0000000000
92202  47.898  19.411  -4.314 0.0000000000
92204  46.601  19.448  -5.077 0.0000000000
90327  46.885  17.990  -3.564 0.0000000000
89490  46.530  16.712  -2.025 0.0000000000
89489  47.727  16.705  -1.901 0.0000000000
98312  40.641  27.444  13.466 0.0000000000
104466  54.313  35.253  4.142 0.0000000000
103728  54.568  35.001  4.574 0.0000000000
94008  44.795  21.318  4.686 0.0000000000
94797  44.616  22.322  3.208 0.0000000000
93146  45.437  20.521  2.839 0.0000000000
91197  47.044  18.622  1.354 0.0000000000
91206  48.645  18.118  0.017 0.0000000000
91225  48.492  18.556  -1.467 0.0000000000
99850  47.603  29.673  10.439 0.0000000000
100623  48.638  30.825  11.125 0.0000000000
99104  49.009  28.507  10.632 0.0000000000
99102  50.871  28.251  10.974 0.0000000000
97610  49.337  26.731  11.254 0.0000000000
97603  42.663  26.648  10.835 0.0000000000
97616  43.508  27.076  10.424 0.0000000000
96932  44.880  25.388  11.355 0.0000000000
94744  45.544  22.155  9.923 0.0000000000
96219  46.477  24.063  10.893 0.0000000000
95487  47.038  23.231  9.720 0.0000000000
95486  47.608  23.358  9.355 0.0000000000
94747  46.894  22.168  8.862 0.0000000000
94751  46.209  22.169  7.394 0.0000000000
93976  46.571  21.267  7.791 0.0000000000
91121  47.577  18.526  6.358 0.0000000000
103816  47.851  34.596  -2.015 0.0000000000
103022  47.179  34.334  0.714 0.0000000000
103818  45.773  34.586  -1.863 0.0000000000
103834  43.978  34.368  -2.321 0.0000000000
102327  44.281  33.395  -2.812 0.0000000000
101533  42.436  31.354  -1.312 0.0000000000
101532  43.448  31.644  -1.104 0.0000000000
98414  43.652  27.877  1.105 0.0000000000
98415  42.843  28.001  0.999 0.0000000000
97715  42.510  26.392  -2.150 0.0000000000
96320  41.375  24.975  -2.745 0.0000000000
97065  42.191  25.469  -3.713 0.0000000000
102156  50.670  32.754  11.910 0.0000000000
103664  51.140  34.678  10.942 0.0000000000
102170  50.195  32.271  9.630 0.0000000000
99134  53.029  28.296  5.683 0.0000000000
100659  50.675  30.303  6.068 0.0000000000
99904  52.063  29.846  3.769 0.0000000000
101479  52.583  31.428  3.046 0.0000000000
99177  53.270  27.837  1.463 0.0000000000
96280  46.294  24.586  1.807 0.0000000000
96997  47.213  26.196  3.617 0.0000000000
97018  47.187  25.280  1.064 0.0000000000
97056  47.334  25.562  -3.190 0.0000000000
97036  49.332  25.848  -0.100 0.0000000000
98435  49.703  26.821  -0.390 0.0000000000
99180  48.751  27.743  1.611 0.0000000000
98451  49.043  27.470  -1.599 0.0000000000
98438  47.266  27.660  -0.924 0.0000000000
97734  47.537  26.941  -3.964 0.0000000000
93200  44.821  20.277  -4.991 0.0000000000
95607  44.594  23.460  -6.355 0.0000000000
94083  44.525  21.202  -4.544 0.0000000000
94835  44.671  22.307  -2.792 0.0000000000
136381  54.519  36.229  9.350 0.0000000000
99200  38.926  28.185  0.195 0.0000000000
99198  39.549  28.268  0.076 0.0000000000
101388  47.320  31.942  12.668 0.0000000000
101389  46.509  31.782  12.947 0.0000000000
100625  46.195  30.742  11.843 0.0000000000
99107  45.750  28.770  10.433 0.0000000000
95473  44.688  23.621  11.757 0.0000000000
103755  50.945  34.539  1.016 0.0000000000
103815  48.958  34.445  -1.962 0.0000000000
102324  47.540  33.020  -2.973 0.0000000000
101530  45.164  31.619  -0.654 0.0000000000
102285  46.423  31.568  -0.637 0.0000000000
99928  44.881  29.468  1.636 0.0000000000
98425  45.277  27.492  0.114 0.0000000000
101415  53.616  31.149  11.625 0.0000000000
100647  51.492  30.368  9.309 0.0000000000
99855  53.317  28.875  9.246 0.0000000000
98353  52.902  27.947  6.515 0.0000000000
98364  51.733  27.415  5.500 0.0000000000
94049  46.249  20.943  -1.167 0.0000000000
96301  46.740  24.318  -0.655 0.0000000000
95571  46.468  23.278  -2.314 0.0000000000
95579  46.125  23.418  -3.512 0.0000000000
95595  46.063  24.107  -4.584 0.0000000000
96344  46.181  24.881  -5.574 0.0000000000
94089  46.557  21.808  -6.119 0.0000000000
92205  45.629  19.446  -5.089 0.0000000000
90321  44.996  17.670  -3.090 0.0000000000
88805  45.941  15.674  -0.280 0.0000000000
99776  43.253  29.463  15.817 0.0000000000
99804  43.666  29.304  14.377 0.0000000000
99069  42.113  28.699  14.245 0.0000000000
97604  41.646  26.631  11.376 0.0000000000
96935  41.935  25.617  11.231 0.0000000000
104468  53.363  35.312  2.850 0.0000000000
104500  54.546  35.385  1.416 0.0000000000
102279  53.409  33.209  -0.073 0.0000000000
96241  46.808  24.339  6.606 0.0000000000
96972  47.567  25.734  6.401 0.0000000000
96256  45.909  24.494  5.782 0.0000000000
95533  45.337  23.700  3.133 0.0000000000
94804  45.528  22.424  1.349 0.0000000000
92155  45.941  19.606  1.881 0.0000000000
93162  45.778  20.120  0.826 0.0000000000
94050  45.862  21.042  -0.233 0.0000000000
93177  46.819  19.674  -1.779 0.0000000000
92177  48.503  18.837  -2.283 0.0000000000
91232  48.809  18.586  -2.944 0.0000000000
89488  48.800  16.577  -1.588 0.0000000000
102134  50.552  32.639  13.112 0.0000000000
102157  50.005  32.090  12.298 0.0000000000
101387  48.151  31.934  12.577 0.0000000000
101404  49.510  31.589  11.473 0.0000000000
101403  50.409  31.192  11.148 0.0000000000
99831  51.900  29.492  11.919 0.0000000000
97594  52.039  26.038  11.278 0.0000000000
96947  49.858  25.128  9.565 0.0000000000
99094  43.482  29.062  11.452 0.0000000000
98333  45.021  27.829  10.435 0.0000000000
97613  46.322  26.934  10.666 0.0000000000
96208  45.218  24.592  11.427 0.0000000000
96930  46.847  25.496  11.364 0.0000000000
97598  47.586  26.214  11.415 0.0000000000
96928  48.909  25.398  11.161 0.0000000000
96216  49.011  24.578  10.226 0.0000000000
96226  48.639  24.532  8.430 0.0000000000
95492  46.439  23.203  7.208 0.0000000000
93990  45.141  21.786  6.088 0.0000000000
93113  45.952  20.165  5.238 0.0000000000
92076  46.406  19.576  6.570 0.0000000000
92092  47.179  19.179  5.471 0.0000000000
99764  42.047  29.372  16.206 0.0000000000
99032  41.167  28.302  16.634 0.0000000000
99045  38.591  28.028  16.202 0.0000000000
102257  46.319  32.662  2.460 0.0000000000
103780  43.984  34.318  -0.348 0.0000000000
100733  41.055  31.057  -1.646 0.0000000000
100720  41.380  30.414  0.253 0.0000000000
98444  39.977  27.622  -0.332 0.0000000000
100711  42.971  30.176  1.006 0.0000000000
99192  41.434  28.454  1.042 0.0000000000
97705  40.311  26.481  -1.376 0.0000000000
103695  53.655  34.908  8.103 0.0000000000
101429  50.195  30.976  7.987 0.0000000000
102948  51.728  32.798  7.071 0.0000000000
102964  54.318  34.040  6.263 0.0000000000
102221  53.511  33.130  4.216 0.0000000000
101494  53.146  31.974  1.694 0.0000000000
101496  51.444  31.277  1.266 0.0000000000
97643  47.769  26.484  5.744 0.0000000000
98366  49.608  26.995  4.577 0.0000000000
98376  50.475  27.123  3.843 0.0000000000
97027  48.333  25.594  0.446 0.0000000000
97687  49.033  26.662  1.498 0.0000000000
98396  50.653  27.144  1.758 0.0000000000
99911  50.835  28.297  1.621 0.0000000000
100690  50.584  29.135  1.916 0.0000000000
100704  49.764  30.516  1.931 0.0000000000
99168  47.143  28.839  1.987 0.0000000000
98439  46.129  27.266  -0.967 0.0000000000
98455  44.944  27.089  -2.352 0.0000000000
97077  45.513  25.782  -6.307 0.0000000000
97754  44.331  25.680  -5.933 0.0000000000
97738  43.198  25.893  -4.174 0.0000000000
96317  44.285  23.664  -2.959 0.0000000000
88795  44.167  15.646  0.177 0.0000000000
101535  40.410  32.018  -0.932 0.0000000000
100543  46.169  31.250  17.298 0.0000000000
100578  46.087  30.621  15.017 0.0000000000
99774  45.518  29.873  15.649 0.0000000000
102293  52.552  33.355  -1.394 0.0000000000
103058  51.622  33.226  -1.923 0.0000000000
102294  51.792  32.817  -1.419 0.0000000000
101526  50.087  31.577  -0.545 0.0000000000
101510  50.349  31.558  0.283 0.0000000000
96951  49.862  25.677  8.553 0.0000000000
97624  50.879  26.616  8.694 0.0000000000
96954  49.435  25.828  7.924 0.0000000000
91240  48.449  18.691  -3.599 0.0000000000
93191  47.875  19.708  -3.833 0.0000000000
91241  47.972  18.766  -4.249 0.0000000000
91246  47.642  19.187  -4.530 0.0000000000
90326  47.707  18.203  -3.757 0.0000000000
90318  47.600  17.482  -3.045 0.0000000000
90309  47.897  17.152  -2.522 0.0000000000
104441  54.584  36.525  7.570 0.0000000000
103716  54.722  35.316  6.171 0.0000000000
104453  54.412  35.766  5.669 0.0000000000
93138  45.411  20.451  3.850 0.0000000000
92129  45.812  20.186  3.307 0.0000000000
91205  49.173  17.970  0.280 0.0000000000
90279  49.468  17.869  0.303 0.0000000000
90290  49.067  18.182  -0.515 0.0000000000
99105  47.933  28.655  10.338 0.0000000000
98329  49.187  27.496  10.856 0.0000000000
98330  48.177  27.626  10.562 0.0000000000
96933  43.908  25.379  11.319 0.0000000000
97602  43.634  26.267  10.765 0.0000000000
93966  46.376  21.602  9.243 0.0000000000
94743  46.370  22.568  9.662 0.0000000000
94742  47.036  23.013  9.428 0.0000000000
103831  47.038  34.226  -2.865 0.0000000000
103817  46.782  34.796  -2.055 0.0000000000
103832  45.979  34.224  -2.686 0.0000000000
103083  45.100  33.932  -3.187 0.0000000000
102326  45.256  33.269  -3.115 0.0000000000
102313  44.331  32.789  -2.506 0.0000000000
101541  44.336  32.323  -1.709 0.0000000000
98441  43.454  27.101  -0.556 0.0000000000
97703  42.872  26.761  -1.274 0.0000000000
97727  42.257  26.127  -3.039 0.0000000000
102171  50.181  31.873  10.337 0.0000000000
102161  50.168  32.633  10.679 0.0000000000
99143  53.351  28.005  4.606 0.0000000000
99894  53.082  28.593  4.477 0.0000000000
99151  53.376  27.945  3.628 0.0000000000
99903  52.972  28.968  3.475 0.0000000000
99161  53.930  26.972  2.135 0.0000000000
95541  46.140  23.829  1.351 0.0000000000
96287  46.587  24.422  0.836 0.0000000000
97055  48.510  26.020  -2.753 0.0000000000
97054  49.361  26.015  -2.114 0.0000000000
97723  49.356  26.689  -2.475 0.0000000000
98458  49.463  27.146  -2.030 0.0000000000
98459  48.901  27.410  -2.578 0.0000000000
98460  47.785  27.435  -3.030 0.0000000000
92199  44.986  19.352  -3.992 0.0000000000
93193  44.755  20.264  -3.791 0.0000000000
93184  44.575  20.352  -2.622 0.0000000000
99194  39.450  28.949  0.748 0.0000000000
99199  39.147  28.267  0.124 0.0000000000
101390  46.184  31.948  13.221 0.0000000000
100605  46.142  30.919  12.606 0.0000000000
100626  45.482  30.269  12.116 0.0000000000
100642  45.679  30.314  11.408 0.0000000000
99852  45.493  29.718  10.816 0.0000000000
103005  51.764  34.879  2.000 0.0000000000
103743  51.045  34.424  1.615 0.0000000000
103754  51.762  34.824  0.650 0.0000000000
103828  50.101  33.642  -2.514 0.0000000000
103814  50.074  34.362  -2.071 0.0000000000
103829  49.160  33.838  -2.598 0.0000000000
103080  48.354  33.490  -2.981 0.0000000000
102323  48.636  33.007  -2.725 0.0000000000
102299  46.509  31.716  -1.209 0.0000000000
102298  47.354  31.915  -1.568 0.0000000000
100707  46.893  30.572  1.484 0.0000000000
101501  46.582  31.071  0.818 0.0000000000
99927  45.828  29.448  1.857 0.0000000000
98413  44.651  27.832  1.130 0.0000000000
98412  45.758  27.859  1.092 0.0000000000
99828  54.195  29.470  11.805 0.0000000000
99845  53.127  29.979  10.321 0.0000000000
99100  53.866  28.675  10.625 0.0000000000
98350  51.395  27.356  7.834 0.0000000000
98349  52.961  27.711  7.434 0.0000000000
98354  52.123  27.701  6.583 0.0000000000
94826  46.424  22.062  -1.768 0.0000000000
94075  46.802  21.196  -4.183 0.0000000000
94834  46.585  21.974  -3.148 0.0000000000
94843  46.589  22.384  -4.368 0.0000000000
95580  45.833  24.008  -3.709 0.0000000000
95587  46.274  23.416  -4.561 0.0000000000
94851  46.543  22.817  -5.463 0.0000000000
91248  46.461  18.846  -4.706 0.0000000000
92210  46.185  20.039  -5.585 0.0000000000
91249  45.929  18.738  -4.490 0.0000000000
91244  45.489  18.509  -3.797 0.0000000000
90329  45.476  17.935  -3.265 0.0000000000
90320  45.598  17.507  -2.885 0.0000000000
89477  46.785  16.236  -0.997 0.0000000000
99042  41.962  28.580  15.890 0.0000000000
99057  42.174  28.788  15.218 0.0000000000
99070  41.451  27.967  14.762 0.0000000000
98321  40.765  27.258  12.531 0.0000000000
97605  40.800  26.617  11.912 0.0000000000
103740  54.949  35.094  3.019 0.0000000000
104491  54.642  35.485  2.188 0.0000000000
103752  54.904  35.031  1.770 0.0000000000
103036  54.352  34.497  0.538 0.0000000000
103018  54.332  33.583  1.391 0.0000000000
96242  46.073  23.974  6.393 0.0000000000
95516  45.278  23.749  5.216 0.0000000000
94026  44.738  21.659  2.816 0.0000000000
95534  44.800  23.088  3.668 0.0000000000
94796  45.025  22.397  2.353 0.0000000000
95542  45.623  23.436  2.089 0.0000000000
94034  45.508  21.219  1.185 0.0000000000
92145  46.889  19.296  2.652 0.0000000000
91179  46.939  18.871  2.005 0.0000000000
91207  47.394  18.383  0.272 0.0000000000
92163  46.377  19.218  0.587 0.0000000000
93161  46.039  19.755  0.384 0.0000000000
93169  45.829  20.558  0.185 0.0000000000
93168  46.142  19.990  -0.262 0.0000000000
91214  49.710  18.441  -1.756 0.0000000000
92178  47.931  18.789  -1.862 0.0000000000
91224  48.940  18.688  -2.064 0.0000000000
91233  49.048  18.706  -2.581 0.0000000000
91223  49.643  18.380  -2.394 0.0000000000
90307  49.955  17.338  -1.795 0.0000000000
102116  49.343  33.042  13.806 0.0000000000
102115  50.250  33.239  13.933 0.0000000000
99834  49.240  30.424  11.055 0.0000000000
100622  49.714  30.874  11.149 0.0000000000
100621  50.700  30.709  11.458 0.0000000000
100620  51.926  30.589  12.100 0.0000000000
99832  50.892  29.944  11.375 0.0000000000
98318  50.103  26.715  11.401 0.0000000000
98327  51.157  27.618  11.123 0.0000000000
97595  50.934  26.085  11.418 0.0000000000
96926  50.940  25.430  11.025 0.0000000000
96941  49.890  25.173  10.436 0.0000000000
99838  42.873  29.172  12.923 0.0000000000
99837  43.460  29.470  12.354 0.0000000000
99110  42.854  28.503  10.971 0.0000000000
97615  44.337  26.976  10.389 0.0000000000
98334  44.045  27.824  10.460 0.0000000000
97614  45.306  26.941  10.504 0.0000000000
98332  46.045  27.811  10.408 0.0000000000
95483  45.186  23.287  11.098 0.0000000000
95472  45.640  23.926  11.286 0.0000000000
96207  46.185  24.731  11.256 0.0000000000
96206  47.112  24.784  11.069 0.0000000000
96929  47.850  25.439  11.348 0.0000000000
96205  48.028  24.757  10.955 0.0000000000
96224  48.366  23.891  9.757 0.0000000000
96227  48.300  23.816  8.837 0.0000000000
96223  49.006  24.468  9.384 0.0000000000
96231  47.081  23.746  7.346 0.0000000000
95491  47.200  23.248  7.875 0.0000000000
93977  45.984  21.355  7.178 0.0000000000
94763  45.658  22.197  6.858 0.0000000000
93989  45.485  21.369  6.476 0.0000000000
94000  45.035  21.333  5.663 0.0000000000
93114  45.618  20.419  5.592 0.0000000000
91122  47.002  18.810  6.774 0.0000000000
92075  46.852  19.130  6.137 0.0000000000
101348  41.602  30.694  15.743 0.0000000000
100570  39.984  29.522  15.801 0.0000000000
99766  40.579  28.936  16.380 0.0000000000
99767  40.042  28.536  16.399 0.0000000000
98275  40.077  27.537  16.482 0.0000000000
99034  39.531  28.132  16.436 0.0000000000
103043  46.386  34.389  0.178 0.0000000000
102270  47.177  33.643  1.451 0.0000000000
103024  45.471  33.451  0.893 0.0000000000
102272  45.492  32.907  1.817 0.0000000000
103046  43.877  33.684  0.701 0.0000000000
103045  44.498  33.744  0.033 0.0000000000
103085  43.206  33.884  -2.580 0.0000000000
101550  41.513  32.760  -2.503 0.0000000000
100734  40.739  31.587  -1.620 0.0000000000
101544  41.384  31.801  -2.252 0.0000000000
100727  42.042  30.843  -0.409 0.0000000000
99938  41.460  29.537  0.882 0.0000000000
99193  40.391  28.578  0.600 0.0000000000
100717  44.417  30.843  0.895 0.0000000000
101516  44.340  31.424  0.129 0.0000000000
100710  43.685  30.238  1.353 0.0000000000
97704  41.733  26.537  -1.262 0.0000000000
98428  41.950  27.613  0.641 0.0000000000
98443  41.138  27.120  -0.369 0.0000000000
97050  40.457  25.706  -2.113 0.0000000000
96319  42.468  24.699  -2.609 0.0000000000
104365  52.085  35.101  13.782 0.0000000000
103669  51.287  34.484  9.940 0.0000000000
104400  51.590  35.248  10.355 0.0000000000
103678  51.696  34.189  8.998 0.0000000000
136392  52.385  35.417  9.181 0.0000000000
102935  52.452  34.073  8.077 0.0000000000
99863  51.910  29.637  8.385 0.0000000000
100649  50.850  30.166  8.281 0.0000000000
100651  50.669  30.239  7.063 0.0000000000
101455  51.274  31.355  4.947 0.0000000000
101439  50.938  31.731  5.801 0.0000000000
102206  51.780  32.106  5.653 0.0000000000
102965  53.158  33.341  6.307 0.0000000000
102205  52.642  32.630  5.525 0.0000000000
102204  53.413  33.333  5.302 0.0000000000
102222  52.900  32.487  4.639 0.0000000000
100689  52.446  30.052  2.363 0.0000000000
101486  53.157  31.996  2.403 0.0000000000
101487  52.840  31.073  2.075 0.0000000000
101495  52.439  31.361  1.433 0.0000000000
100702  51.727  30.190  1.658 0.0000000000
96973  46.878  25.580  5.867 0.0000000000
97644  47.027  26.228  5.045 0.0000000000
97664  47.888  26.536  3.131 0.0000000000
97653  48.621  26.868  4.557 0.0000000000
97663  48.530  26.850  3.418 0.0000000000
98377  49.483  27.063  3.579 0.0000000000
97028  47.294  25.036  -0.004 0.0000000000
97693  49.687  26.335  0.338 0.0000000000
97026  49.233  26.113  0.813 0.0000000000
98397  49.276  27.091  1.937 0.0000000000
99152  50.093  27.342  2.140 0.0000000000
99153  49.705  27.357  1.993 0.0000000000
99163  51.124  27.439  1.291 0.0000000000
99164  50.253  27.679  1.781 0.0000000000
99166  48.616  28.421  1.901 0.0000000000
99912  50.049  28.543  2.029 0.0000000000
99913  49.216  28.915  2.155 0.0000000000
100691  49.921  29.551  2.210 0.0000000000
99914  48.381  29.240  2.141 0.0000000000
100693  48.122  30.042  2.161 0.0000000000
99167  47.856  28.722  1.877 0.0000000000
98453  46.996  27.619  -2.036 0.0000000000
98424  46.470  27.532  0.122 0.0000000000
98454  45.873  27.264  -2.098 0.0000000000
98469  45.437  27.090  -3.734 0.0000000000
95605  45.803  23.670  -6.744 0.0000000000
97076  46.179  25.727  -6.019 0.0000000000
95606  45.260  23.506  -7.182 0.0000000000
95601  44.400  23.263  -5.458 0.0000000000
96353  44.073  25.139  -6.285 0.0000000000
96346  43.667  24.915  -6.024 0.0000000000
97747  43.850  25.740  -5.464 0.0000000000
96338  43.379  24.681  -5.061 0.0000000000
97064  43.048  25.224  -4.165 0.0000000000
96327  44.199  23.911  -3.635 0.0000000000
93178  44.288  20.475  -1.388 0.0000000000
94068  44.698  21.402  -2.104 0.0000000000
89479  44.865  15.796  -1.252 0.0000000000
88807  44.581  15.712  -0.599 0.0000000000
100712  39.530  30.368  1.676 0.0000000000
100721  40.637  30.694  0.238 0.0000000000
100588  45.957  31.209  13.237 0.0000000000
100589  45.414  30.571  13.888 0.0000000000
100627  45.019  30.002  12.642 0.0000000000
104507  53.214  35.339  -1.060 0.0000000000
103773  51.902  34.971  -0.499 0.0000000000
103812  52.352  34.334  -1.878 0.0000000000
103072  50.790  33.242  -2.109 0.0000000000
102308  49.846  32.445  -2.289 0.0000000000
102297  48.358  31.997  -1.727 0.0000000000
101527  49.414  31.722  -0.821 0.0000000000
100706  47.855  30.670  1.598 0.0000000000
97593  52.527  26.580  10.720 0.0000000000
98339  52.800  27.293  9.473 0.0000000000
97620  51.774  26.505  9.515 0.0000000000
98345  51.489  27.037  8.562 0.0000000000
98351  50.588  27.112  7.587 0.0000000000
93183  47.489  19.881  -3.035 0.0000000000
93192  47.332  20.322  -3.971 0.0000000000
93199  47.044  20.462  -4.809 0.0000000000
92209  46.750  20.039  -5.231 0.0000000000
92203  47.271  19.606  -4.732 0.0000000000
91242  47.118  18.495  -4.232 0.0000000000
90319  46.483  17.408  -2.825 0.0000000000
89498  47.005  17.126  -2.596 0.0000000000
89497  47.369  17.018  -2.425 0.0000000000
89476  47.836  15.996  -1.002 0.0000000000
98282  41.181  27.284  16.056 0.0000000000
99071  41.084  27.599  14.639 0.0000000000
98304  40.711  27.272  14.593 0.0000000000
104454  53.748  35.831  5.048 0.0000000000
102990  54.740  34.450  3.361 0.0000000000
94780  44.746  22.166  5.114 0.0000000000
95526  44.824  23.033  4.653 0.0000000000
94788  44.688  22.221  4.167 0.0000000000
94017  44.985  20.988  3.035 0.0000000000
91196  48.048  18.222  1.212 0.0000000000
91216  48.004  18.356  -0.840 0.0000000000
91215  48.987  18.325  -1.074 0.0000000000
102136  48.747  32.439  13.237 0.0000000000
101419  46.943  31.068  11.228 0.0000000000
100624  47.978  31.136  11.392 0.0000000000
100640  47.434  30.688  10.895 0.0000000000
99849  48.791  29.747  10.738 0.0000000000
99848  49.907  29.308  10.910 0.0000000000
99847  50.864  29.061  11.078 0.0000000000
99103  49.989  28.310  10.914 0.0000000000
98328  50.131  27.309  11.199 0.0000000000
97596  49.814  26.193  11.517 0.0000000000
98319  42.232  27.696  11.110 0.0000000000
98335  43.077  27.761  10.530 0.0000000000
97601  44.589  26.198  10.911 0.0000000000
95482  45.863  23.412  10.690 0.0000000000
94737  46.015  23.052  10.212 0.0000000000
95481  46.651  23.478  10.223 0.0000000000
95480  47.558  23.683  10.032 0.0000000000
94746  47.169  22.825  9.068 0.0000000000
94749  47.161  22.767  8.470 0.0000000000
94750  46.906  22.243  7.969 0.0000000000
93085  45.891  20.859  6.915 0.0000000000
91138  48.812  18.430  5.475 0.0000000000
103798  48.707  35.003  -0.958 0.0000000000
103756  47.801  34.500  0.254 0.0000000000
103799  47.536  35.086  -1.101 0.0000000000
103800  46.527  35.035  -1.063 0.0000000000
103801  45.585  34.673  -0.827 0.0000000000
103802  44.542  34.497  -0.770 0.0000000000
103819  44.757  34.629  -1.710 0.0000000000
103084  44.143  33.930  -2.799 0.0000000000
102328  43.352  33.368  -2.658 0.0000000000
101543  42.462  31.941  -2.323 0.0000000000
102314  43.403  32.778  -2.476 0.0000000000
101518  42.738  31.164  -0.502 0.0000000000
99186  43.308  28.605  1.388 0.0000000000
98427  43.035  27.562  0.350 0.0000000000
98442  42.333  27.069  -0.366 0.0000000000
97728  41.350  25.898  -2.959 0.0000000000
96330  41.638  25.283  -3.305 0.0000000000
102155  51.115  33.190  12.361 0.0000000000
103651  51.356  34.353  11.993 0.0000000000
102913  50.426  33.544  10.970 0.0000000000
102919  50.317  33.191  9.928 0.0000000000
102927  50.471  32.878  8.930 0.0000000000
99874  52.589  28.767  6.443 0.0000000000
99875  51.492  29.391  6.254 0.0000000000
99886  52.582  28.956  5.404 0.0000000000
99896  51.230  30.016  4.702 0.0000000000
100675  51.410  30.489  4.395 0.0000000000
101480  52.247  31.267  3.770 0.0000000000
100683  52.384  29.937  3.062 0.0000000000
99910  52.971  28.926  2.373 0.0000000000
99924  52.550  28.936  1.756 0.0000000000
96272  46.183  25.028  2.786 0.0000000000
96986  47.065  26.155  4.144 0.0000000000
96998  46.729  25.754  3.174 0.0000000000
97008  46.918  25.610  2.060 0.0000000000
97007  47.781  26.233  2.481 0.0000000000
97049  47.626  25.241  -2.230 0.0000000000
97037  48.524  25.500  -0.624 0.0000000000
97048  48.671  25.532  -1.745 0.0000000000
97700  49.935  26.423  -0.130 0.0000000000
98420  49.778  26.673  0.230 0.0000000000
98408  49.050  27.161  1.349 0.0000000000
98421  49.255  27.066  0.375 0.0000000000
98409  48.598  27.481  1.034 0.0000000000
98422  48.486  27.485  0.195 0.0000000000
98410  47.823  27.714  0.968 0.0000000000
98437  48.314  27.596  -0.805 0.0000000000
98467  47.108  27.304  -3.740 0.0000000000
94100  44.767  21.740  -6.818 0.0000000000
94872  44.828  22.792  -6.847 0.0000000000
94090  44.540  21.330  -5.732 0.0000000000
94852  44.263  22.206  -5.091 0.0000000000
94844  44.532  22.186  -3.957 0.0000000000
94076  44.759  21.262  -3.344 0.0000000000
136378  55.020  35.862  8.625 0.0000000000
99188  39.075  29.012  1.234 0.0000000000
98445  39.093  27.992  -0.491 0.0000000000
97706  39.131  27.214  -0.869 0.0000000000
101407  46.696  31.363  12.229 0.0000000000
101420  46.713  31.069  11.606 0.0000000000
100641  46.352  30.610  11.045 0.0000000000
99851  46.529  29.775  10.435 0.0000000000
99106  46.814  28.734  10.235 0.0000000000
94739  44.625  22.705  11.427 0.0000000000
93961  44.988  21.869  10.075 0.0000000000
93967  45.592  21.494  9.675 0.0000000000
93069  45.973  20.622  9.257 0.0000000000
93077  46.448  20.383  8.465 0.0000000000
103007  50.351  34.094  1.802 0.0000000000
103020  49.447  34.331  0.756 0.0000000000
103796  51.019  34.637  -1.255 0.0000000000
103775  50.080  34.920  -0.286 0.0000000000
103060  49.329  34.884  -0.644 0.0000000000
103081  47.296  33.655  -3.349 0.0000000000
102325  46.383  33.198  -2.958 0.0000000000
102312  45.347  32.673  -2.450 0.0000000000
102311  46.525  32.304  -2.167 0.0000000000
101529  45.927  31.498  -0.608 0.0000000000
101515  45.297  31.227  0.241 0.0000000000
101513  47.243  31.711  0.083 0.0000000000
101502  45.812  30.972  0.741 0.0000000000
100709  44.615  30.209  1.433 0.0000000000
99185  44.202  28.591  1.574 0.0000000000
98426  44.104  27.420  0.234 0.0000000000
97701  44.229  26.908  -1.413 0.0000000000
101417  51.063  31.110  10.470 0.0000000000
100638  51.972  30.857  10.178 0.0000000000
99857  52.180  29.854  9.033 0.0000000000
99862  52.788  29.222  8.425 0.0000000000
98338  53.325  27.997  9.066 0.0000000000
99118  53.554  28.368  7.956 0.0000000000
99866  52.954  28.974  7.424 0.0000000000
99124  53.264  28.260  6.599 0.0000000000
98362  53.264  27.897  5.262 0.0000000000
98374  52.540  27.512  4.619 0.0000000000
94818  46.025  22.124  -0.445 0.0000000000
95557  46.356  23.352  -0.134 0.0000000000
95564  46.492  23.261  -1.150 0.0000000000
96308  46.786  24.402  -1.682 0.0000000000
96315  46.508  24.585  -2.747 0.0000000000
96325  46.426  25.014  -3.629 0.0000000000
97063  46.923  25.772  -4.068 0.0000000000
97069  47.205  26.416  -4.306 0.0000000000
95594  46.241  23.985  -5.178 0.0000000000
95600  46.298  23.818  -6.055 0.0000000000
94098  45.971  21.866  -6.770 0.0000000000
93204  46.581  20.769  -5.747 0.0000000000
93205  45.879  20.606  -6.154 0.0000000000
93206  45.143  20.600  -6.202 0.0000000000
89491  45.391  16.394  -1.904 0.0000000000
90310  45.777  17.037  -2.363 0.0000000000
89478  45.753  16.026  -1.147 0.0000000000
99762  43.900  29.696  16.350 0.0000000000
99775  44.328  29.426  15.833 0.0000000000
99789  43.366  29.266  15.280 0.0000000000
99820  42.846  29.168  13.819 0.0000000000
99080  42.198  28.726  13.201 0.0000000000
99081  41.365  28.198  13.623 0.0000000000
99096  41.666  28.264  12.681 0.0000000000
96934  42.940  25.525  11.237 0.0000000000
96210  43.271  24.471  11.754 0.0000000000
103730  52.511  35.009  3.122 0.0000000000
103741  52.487  35.243  1.768 0.0000000000
104467  53.895  35.459  3.628 0.0000000000
104482  53.600  35.599  1.909 0.0000000000
104493  53.435  35.609  0.983 0.0000000000
104506  53.638  35.063  -0.392 0.0000000000
103057  53.230  33.539  -0.930 0.0000000000
102280  52.685  32.914  -0.431 0.0000000000
96956  48.318  24.850  7.640 0.0000000000
96958  48.613  25.772  7.420 0.0000000000
96960  47.391  25.119  6.568 0.0000000000
96974  46.274  25.266  5.491 0.0000000000
96265  45.742  24.722  4.572 0.0000000000
95525  45.285  23.792  4.122 0.0000000000
96273  45.722  24.460  3.489 0.0000000000
96281  45.849  24.230  2.664 0.0000000000
95550  45.883  23.236  1.289 0.0000000000
94803  45.923  22.966  0.971 0.0000000000
92146  45.919  19.893  2.768 0.0000000000
93154  45.535  20.425  1.944 0.0000000000
92154  46.476  19.135  1.649 0.0000000000
92164  46.054  19.473  1.234 0.0000000000
94812  45.635  21.876  0.480 0.0000000000
92189  47.653  19.288  -2.427 0.0000000000
92188  48.476  19.063  -2.803 0.0000000000
92187  48.778  18.906  -2.971 0.0000000000
90308  48.698  17.539  -2.536 0.0000000000
89487  49.627  16.053  -1.234 0.0000000000
102882  51.795  33.456  13.698 0.0000000000
102162  50.062  32.096  11.249 0.0000000000
101418  50.193  31.560  10.819 0.0000000000
102137  47.929  32.450  13.204 0.0000000000
101386  49.079  31.949  12.498 0.0000000000
101405  48.446  31.532  11.789 0.0000000000
101402  51.548  31.082  11.483 0.0000000000
100602  53.586  30.504  12.704 0.0000000000
99091  52.845  28.356  11.565 0.0000000000
99101  51.549  28.426  11.339 0.0000000000
99092  52.147  28.424  11.637 0.0000000000
98315  52.856  27.319  11.146 0.0000000000
96925  51.527  25.590  10.686 0.0000000000
96940  50.767  25.391  10.250 0.0000000000
99788  44.530  29.419  14.986 0.0000000000
99818  44.335  29.828  12.901 0.0000000000
99836  44.479  29.658  11.879 0.0000000000
99109  43.705  28.537  10.792 0.0000000000
99093  44.222  29.109  11.160 0.0000000000
99853  44.830  29.381  11.219 0.0000000000
96931  45.863  25.467  11.342 0.0000000000
97599  46.567  26.267  11.290 0.0000000000
97612  47.357  26.885  10.830 0.0000000000
97611  48.389  26.789  11.017 0.0000000000
97597  48.638  26.120  11.460 0.0000000000
96217  48.187  24.265  10.410 0.0000000000
96204  48.700  24.784  10.736 0.0000000000
96942  49.302  25.089  10.755 0.0000000000
96215  49.457  24.770  9.872 0.0000000000
96948  49.382  24.819  9.376 0.0000000000
96229  48.439  24.680  7.899 0.0000000000
96230  47.816  24.240  7.716 0.0000000000
95504  46.193  23.703  6.668 0.0000000000
95505  45.525  23.261  6.416 0.0000000000
95493  45.907  22.730  7.023 0.0000000000
95506  45.034  22.682  6.105 0.0000000000
93127  45.180  20.661  4.718 0.0000000000
93137  46.119  20.162  4.423 0.0000000000
93084  46.311  20.363  7.450 0.0000000000
93100  46.276  19.923  7.007 0.0000000000
92094  46.012  19.913  5.977 0.0000000000
92093  46.342  19.785  5.595 0.0000000000
92111  46.733  19.864  4.814 0.0000000000
100553  44.378  30.358  16.453 0.0000000000
100554  43.353  30.176  16.326 0.0000000000
99777  42.321  29.193  16.005 0.0000000000
99031  41.725  28.661  16.233 0.0000000000
100556  41.522  29.667  16.272 0.0000000000
99765  41.385  29.006  16.404 0.0000000000
99043  41.544  27.926  16.345 0.0000000000
98274  40.883  27.569  16.602 0.0000000000
99044  39.045  28.528  16.224 0.0000000000
98277  38.989  27.650  16.316 0.0000000000
97557  39.004  26.878  15.560 0.0000000000
103781  43.376  34.256  0.183 0.0000000000
103820  43.802  34.599  -1.537 0.0000000000
103803  43.560  34.613  -0.729 0.0000000000
103804  42.709  34.751  -0.525 0.0000000000
100729  40.651  31.133  -0.885 0.0000000000
101534  41.707  31.316  -1.735 0.0000000000
100728  41.367  30.745  -0.889 0.0000000000
101531  44.326  31.745  -0.839 0.0000000000
101517  43.440  31.317  -0.150 0.0000000000
99937  42.341  29.793  1.051 0.0000000000
99187  42.389  28.498  1.210 0.0000000000
99931  42.083  29.134  1.169 0.0000000000
98429  40.902  27.806  0.386 0.0000000000
97039  39.771  25.544  -1.189 0.0000000000
96312  40.616  25.052  -1.928 0.0000000000
104395  51.509  35.314  11.395 0.0000000000
105162  53.264  36.675  10.126 0.0000000000
136376  54.166  35.637  9.068 0.0000000000
102945  54.371  34.676  7.327 0.0000000000
101426  50.499  31.251  9.361 0.0000000000
102177  50.319  31.914  8.588 0.0000000000
102176  50.774  32.497  8.059 0.0000000000
101431  50.152  31.051  6.877 0.0000000000
102179  51.064  32.263  7.268 0.0000000000
102936  51.812  33.388  7.569 0.0000000000
102947  52.548  33.326  7.130 0.0000000000
102946  53.578  33.918  7.274 0.0000000000
102963  54.613  34.714  6.831 0.0000000000
103717  54.563  34.677  5.453 0.0000000000
102991  54.001  33.933  3.649 0.0000000000
103004  54.367  33.628  2.576 0.0000000000
102236  53.436  32.684  3.032 0.0000000000
102252  53.667  32.795  1.956 0.0000000000
102266  53.326  32.700  0.772 0.0000000000
102268  51.469  31.795  0.572 0.0000000000
97632  48.623  26.412  6.923 0.0000000000
97631  49.592  26.923  6.648 0.0000000000
97641  49.913  27.110  6.073 0.0000000000
97654  47.464  26.448  4.309 0.0000000000
98365  50.408  27.210  5.231 0.0000000000
98375  51.530  27.291  4.251 0.0000000000
98384  51.517  27.150  2.935 0.0000000000
96294  46.625  24.146  0.161 0.0000000000
97017  48.037  25.860  1.452 0.0000000000
97016  48.490  26.347  1.781 0.0000000000
97675  48.514  26.670  2.387 0.0000000000
98386  49.408  27.161  2.572 0.0000000000
98385  50.446  27.157  2.587 0.0000000000
98394  52.507  26.684  2.260 0.0000000000
97686  52.456  26.657  0.957 0.0000000000
99178  52.457  28.051  0.963 0.0000000000
99925  52.004  29.050  1.499 0.0000000000
99165  49.365  27.836  1.948 0.0000000000
99926  51.293  29.138  1.673 0.0000000000
100703  50.791  30.194  1.926 0.0000000000
101509  51.021  31.577  0.644 0.0000000000
101498  49.559  31.268  1.200 0.0000000000
99916  46.722  29.403  2.079 0.0000000000
98411  46.866  27.803  1.041 0.0000000000
98440  44.673  27.054  -1.105 0.0000000000
97725  44.240  26.913  -2.764 0.0000000000
97743  47.002  26.677  -4.681 0.0000000000
97744  46.284  26.478  -5.135 0.0000000000
97752  45.742  26.188  -5.855 0.0000000000
96358  44.817  23.855  -7.083 0.0000000000
97753  45.024  25.985  -5.995 0.0000000000
97745  45.369  26.365  -5.136 0.0000000000
97737  44.642  26.699  -3.971 0.0000000000
97726  43.376  26.441  -3.034 0.0000000000
96328  43.300  24.598  -3.759 0.0000000000
96318  43.698  24.132  -2.521 0.0000000000
95589  44.523  23.108  -3.364 0.0000000000
95581  44.315  23.260  -2.385 0.0000000000
90289  49.405  17.953  -0.301 0.0000000000
90300  49.568  18.036  -1.123 0.0000000000
90301  49.239  18.135  -0.746 0.0000000000
90325  48.111  18.464  -3.789 0.0000000000
91178  47.606  18.729  2.106 0.0000000000
91243  46.304  18.430  -4.046 0.0000000000
91247  47.228  19.008  -4.689 0.0000000000
92077  45.948  20.063  6.167 0.0000000000
92190  44.537  19.377  -2.985 0.0000000000
92197  48.675  18.917  -3.241 0.0000000000
92198  48.420  19.216  -3.724 0.0000000000
92211  45.665  20.196  -5.766 0.0000000000
93115  45.034  20.866  5.178 0.0000000000
93125  46.185  20.116  4.980 0.0000000000
93126  45.730  20.337  4.795 0.0000000000
93139  44.888  20.860  4.222 0.0000000000
93198  47.524  19.876  -4.351 0.0000000000
93211  46.144  21.206  -6.374 0.0000000000
93212  45.554  21.196  -6.646 0.0000000000
93213  45.128  21.222  -6.912 0.0000000000
93999  45.422  20.843  6.087 0.0000000000
94018  44.745  21.357  3.693 0.0000000000
94042  45.682  21.069  0.411 0.0000000000
94764  45.247  22.256  6.325 0.0000000000
94774  44.938  22.190  5.841 0.0000000000
94811  45.928  22.723  0.487 0.0000000000
94819  45.775  21.545  0.050 0.0000000000
94861  46.228  22.771  -6.450 0.0000000000
94862  44.547  22.432  -6.112 0.0000000000
94870  45.599  22.704  -7.007 0.0000000000
94871  45.022  22.731  -7.286 0.0000000000
94878  45.065  23.226  -7.264 0.0000000000
94879  44.997  23.027  -7.132 0.0000000000
95543  44.903  23.069  2.814 0.0000000000
95588  45.893  23.919  -4.118 0.0000000000
95611  44.945  23.452  -7.338 0.0000000000
95612  44.844  23.476  -7.016 0.0000000000
96222  49.425  24.775  9.615 0.0000000000
96240  47.572  24.711  6.946 0.0000000000
96255  46.412  24.960  5.979 0.0000000000
96316  46.012  24.332  -3.420 0.0000000000
96321  40.857  25.393  -2.525 0.0000000000
96326  45.944  24.457  -3.942 0.0000000000
96329  42.216  24.966  -3.482 0.0000000000
96335  46.145  24.900  -4.551 0.0000000000
96336  46.004  24.345  -4.299 0.0000000000
96337  44.024  24.041  -4.732 0.0000000000
96345  44.100  24.206  -5.784 0.0000000000
96350  45.955  24.687  -6.410 0.0000000000
96351  45.333  24.502  -6.998 0.0000000000
96352  44.493  24.479  -6.711 0.0000000000
96357  44.968  24.002  -7.216 0.0000000000
96945  51.262  26.061  9.593 0.0000000000
96946  50.701  25.839  9.373 0.0000000000
96950  50.408  26.075  8.776 0.0000000000
96952  49.278  24.951  8.871 0.0000000000
96959  48.078  25.338  7.114 0.0000000000
96987  46.554  25.832  4.521 0.0000000000
96988  45.949  25.190  5.130 0.0000000000
97006  48.282  26.393  2.208 0.0000000000
97025  49.623  26.146  0.421 0.0000000000
97035  49.748  26.149  0.189 0.0000000000
97046  49.789  26.180  -0.410 0.0000000000
97047  49.488  25.921  -1.152 0.0000000000
97057  41.224  25.485  -2.958 0.0000000000
97058  40.887  25.772  -2.683 0.0000000000
97066  41.607  25.619  -3.306 0.0000000000
97070  46.534  25.945  -4.925 0.0000000000
97071  43.385  25.373  -5.245 0.0000000000
97078  44.246  25.503  -6.045 0.0000000000
97079  44.005  25.450  -5.964 0.0000000000
97083  45.575  25.269  -6.521 0.0000000000
97084  44.966  25.453  -6.714 0.0000000000
97085  44.371  25.389  -6.264 0.0000000000
97086  44.138  25.338  -6.156 0.0000000000
97607  52.509  26.638  10.061 0.0000000000
97608  52.086  26.018  10.436 0.0000000000
97609  49.845  26.701  11.381 0.0000000000
97619  52.385  26.791  9.610 0.0000000000
97621  51.151  26.236  9.315 0.0000000000
97623  51.581  26.839  8.890 0.0000000000
97625  50.259  26.204  8.433 0.0000000000
97627  50.614  27.014  8.023 0.0000000000
97629  49.028  26.006  7.639 0.0000000000
97633  47.969  26.012  6.563 0.0000000000
97642  49.176  26.888  5.688 0.0000000000
97655  46.994  26.183  4.623 0.0000000000
97671  54.045  26.347  1.952 0.0000000000
97672  53.786  26.446  1.914 0.0000000000
97673  53.245  26.415  1.760 0.0000000000
97674  52.612  26.465  1.438 0.0000000000
97683  53.998  26.373  1.799 0.0000000000
97684  53.740  26.357  1.481 0.0000000000
97685  53.157  26.429  1.062 0.0000000000
97702  43.817  26.861  -1.349 0.0000000000
97711  49.833  26.506  -1.011 0.0000000000
97712  49.648  26.401  -1.754 0.0000000000
97713  44.215  26.949  -1.830 0.0000000000
97716  41.424  26.238  -2.266 0.0000000000
97722  49.710  26.785  -1.781 0.0000000000
97724  48.479  26.868  -3.244 0.0000000000
97729  41.037  25.962  -2.712 0.0000000000
97735  46.817  27.129  -4.471 0.0000000000
97736  45.870  26.920  -4.450 0.0000000000
97739  41.976  25.811  -3.438 0.0000000000
97740  41.583  25.857  -3.256 0.0000000000
97746  44.357  26.149  -5.196 0.0000000000
97755  44.073  25.622  -5.815 0.0000000000
97758  44.692  25.626  -6.240 0.0000000000
97759  44.481  25.554  -6.127 0.0000000000
98276  39.379  27.564  16.363 0.0000000000
98285  38.816  27.315  16.108 0.0000000000
98295  41.156  27.421  15.291 0.0000000000
98303  41.118  27.527  14.862 0.0000000000
98311  41.008  27.924  12.781 0.0000000000
98316  51.828  27.259  11.270 0.0000000000
98317  50.668  26.798  11.308 0.0000000000
98320  41.472  27.601  11.989 0.0000000000
98324  53.449  27.885  10.006 0.0000000000
98325  53.023  27.187  10.404 0.0000000000
98326  51.725  27.908  11.296 0.0000000000
98340  52.306  26.921  9.345 0.0000000000
98342  53.587  28.001  8.270 0.0000000000
98343  53.125  27.748  8.439 0.0000000000
98347  53.691  28.162  7.999 0.0000000000
98348  53.596  28.026  7.864 0.0000000000
98363  52.891  27.973  5.596 0.0000000000
98373  53.157  27.899  4.927 0.0000000000
98383  52.453  27.293  3.397 0.0000000000
98392  53.972  26.565  2.047 0.0000000000
98393  53.470  26.896  2.695 0.0000000000
98395  51.596  26.747  1.601 0.0000000000
98404  54.029  26.660  1.682 0.0000000000
98405  53.676  26.874  1.151 0.0000000000
98406  52.931  27.097  0.689 0.0000000000
98407  51.956  27.210  0.720 0.0000000000
98423  47.536  27.640  0.113 0.0000000000
98436  49.168  27.321  -0.597 0.0000000000
98450  49.584  27.027  -1.291 0.0000000000
98452  48.121  27.607  -1.891 0.0000000000
98461  46.678  27.453  -3.019 0.0000000000
98462  45.712  27.270  -3.064 0.0000000000
98463  44.982  27.081  -3.273 0.0000000000
98470  45.014  27.005  -3.676 0.0000000000
99033  40.411  28.119  16.631 0.0000000000
99035  39.136  27.830  16.406 0.0000000000
99041  42.562  29.213  15.599 0.0000000000
99056  42.680  29.211  15.381 0.0000000000
99082  41.003  27.733  14.235 0.0000000000
99089  54.177  29.117  11.226 0.0000000000
99090  53.606  28.592  11.329 0.0000000000
99099  54.134  29.276  10.888 0.0000000000
99108  44.718  28.727  10.736 0.0000000000
99112  53.509  28.570  9.683 0.0000000000
99114  53.439  28.403  8.709 0.0000000000
99115  53.479  28.479  8.323 0.0000000000
99117  53.631  28.297  8.225 0.0000000000
99119  53.557  28.343  7.424 0.0000000000
99133  53.460  27.970  5.219 0.0000000000
99162  53.497  27.778  2.470 0.0000000000
99169  44.743  28.864  1.569 0.0000000000
99170  44.543  28.862  1.606 0.0000000000
99176  53.868  27.213  1.717 0.0000000000
99179  51.608  28.154  1.126 0.0000000000
99182  47.350  28.265  1.574 0.0000000000
99183  46.360  28.591  1.694 0.0000000000
99184  45.048  28.729  1.577 0.0000000000
99195  38.846  28.304  0.501 0.0000000000
99760  46.078  30.089  16.375 0.0000000000
99763  42.893  29.692  16.115 0.0000000000
99773  46.252  29.920  15.990 0.0000000000
99778  40.200  29.340  16.039 0.0000000000
99787  45.240  29.988  14.619 0.0000000000
99790  42.798  29.179  15.091 0.0000000000
99802  45.124  30.033  14.070 0.0000000000
99805  42.810  29.143  14.712 0.0000000000
99814  54.021  29.762  12.281 0.0000000000
99815  53.532  29.838  12.412 0.0000000000
99816  52.855  29.996  12.483 0.0000000000
99817  52.455  30.141  12.398 0.0000000000
99819  43.614  29.498  13.382 0.0000000000
99829  53.609  29.152  12.061 0.0000000000
99830  52.849  29.220  12.085 0.0000000000
99843  54.177  29.686  11.301 0.0000000000
99844  53.685  29.559  10.438 0.0000000000
99846  51.322  28.825  11.288 0.0000000000
99856  52.856  29.522  9.547 0.0000000000
99858  51.810  29.953  8.891 0.0000000000
99860  53.348  28.660  8.682 0.0000000000
99861  53.281  28.904  8.519 0.0000000000
99865  53.358  28.741  7.866 0.0000000000
99885  53.203  28.287  5.110 0.0000000000
99887  51.352  29.633  5.295 0.0000000000
99895  52.105  29.467  4.488 0.0000000000
99915  47.553  29.391  2.129 0.0000000000
99917  44.677  29.035  1.628 0.0000000000
99918  44.424  29.075  1.666 0.0000000000
99930  42.954  29.409  1.275 0.0000000000
100540  48.347  31.210  17.386 0.0000000000
100541  47.472  31.045  17.561 0.0000000000
100542  46.579  31.114  17.406 0.0000000000
100549  48.423  31.218  16.482 0.0000000000
100550  47.721  30.791  16.759 0.0000000000
100551  46.782  30.670  16.890 0.0000000000
100552  45.715  30.739  16.862 0.0000000000
100557  41.048  29.373  16.362 0.0000000000
100563  48.405  31.408  15.721 0.0000000000
100564  47.909  30.930  15.871 0.0000000000
100565  46.851  30.412  16.006 0.0000000000
100566  46.250  30.066  15.717 0.0000000000
100567  41.995  30.564  16.113 0.0000000000
100568  41.538  30.260  16.078 0.0000000000
100575  48.458  31.555  15.403 0.0000000000
100576  48.147  31.389  15.219 0.0000000000
100577  47.249  31.029  15.123 0.0000000000
100590  45.094  30.047  13.812 0.0000000000
100601  53.977  30.195  12.424 0.0000000000
100603  52.676  30.681  12.742 0.0000000000
100604  52.285  30.262  12.336 0.0000000000
100607  45.037  30.076  13.357 0.0000000000
100617  54.241  30.134  12.069 0.0000000000
100618  54.109  30.532  12.190 0.0000000000
100619  52.467  30.894  12.508 0.0000000000
100634  54.291  30.003  11.719 0.0000000000
100635  54.067  30.442  11.512 0.0000000000
100636  53.284  30.627  10.769 0.0000000000
100637  52.578  30.728  10.403 0.0000000000
100639  48.107  30.250  10.772 0.0000000000
100645  52.803  30.253  10.206 0.0000000000
100646  52.323  30.343  9.744 0.0000000000
100652  50.363  30.653  6.593 0.0000000000
100660  50.313  30.801  6.313 0.0000000000
100668  51.084  30.848  4.732 0.0000000000
100669  50.890  30.594  5.085 0.0000000000
100676  51.131  30.367  4.706 0.0000000000
100684  52.065  30.702  3.704 0.0000000000
100692  49.023  29.890  2.353 0.0000000000
100694  47.231  30.080  2.046 0.0000000000
100705  48.806  30.625  1.739 0.0000000000
100708  45.748  30.357  1.470 0.0000000000
100716  45.161  30.755  1.018 0.0000000000
100718  43.536  30.773  0.645 0.0000000000
101320  48.493  31.672  17.535 0.0000000000
101321  48.065  31.781  17.912 0.0000000000
101322  46.995  31.707  17.570 0.0000000000
101323  46.379  31.456  17.482 0.0000000000
101328  48.726  31.773  17.016 0.0000000000
101329  48.492  31.880  17.510 0.0000000000
101330  46.679  32.062  17.345 0.0000000000
101331  45.981  31.732  16.974 0.0000000000
101333  43.585  30.706  16.276 0.0000000000
101334  42.971  30.459  16.210 0.0000000000
101341  48.706  31.762  16.040 0.0000000000
101342  48.599  32.072  15.739 0.0000000000
101343  47.015  32.320  15.604 0.0000000000
101353  48.600  31.658  15.601 0.0000000000
101354  48.493  31.918  15.281 0.0000000000
101366  46.052  31.785  13.182 0.0000000000
101384  53.575  30.972  12.577 0.0000000000
101385  53.247  31.103  12.896 0.0000000000
101400  53.770  30.570  12.106 0.0000000000
101401  52.837  31.198  12.259 0.0000000000
101414  54.047  30.805  11.887 0.0000000000
101416  52.440  31.139  11.058 0.0000000000
101432  50.231  30.893  6.572 0.0000000000
101440  50.329  31.128  5.982 0.0000000000
101441  50.238  31.053  6.405 0.0000000000
101456  50.751  31.268  5.389 0.0000000000
101467  52.469  31.758  4.066 0.0000000000
101468  51.870  31.272  4.251 0.0000000000
101478  53.058  32.048  2.795 0.0000000000
101497  50.491  31.181  1.341 0.0000000000
101500  47.574  31.293  0.915 0.0000000000
101511  49.408  31.444  0.159 0.0000000000
101514  46.312  31.398  -0.000 0.0000000000
101528  48.678  31.874  -1.055 0.0000000000
101539  45.872  31.794  -1.283 0.0000000000
101540  45.262  32.145  -1.520 0.0000000000
101542  43.391  32.136  -1.955 0.0000000000
101549  42.068  32.445  -2.647 0.0000000000
102083  47.820  32.202  17.672 0.0000000000
102084  47.557  32.041  17.715 0.0000000000
102092  48.641  32.109  16.758 0.0000000000
102093  48.274  32.303  17.217 0.0000000000
102094  47.259  32.300  17.309 0.0000000000
102095  46.624  32.200  17.128 0.0000000000
102101  48.729  31.992  16.525 0.0000000000
102102  48.452  32.221  16.204 0.0000000000
102103  47.645  32.531  16.408 0.0000000000
102104  46.720  32.314  16.590 0.0000000000
102110  48.453  32.197  15.630 0.0000000000
102111  48.019  32.408  15.511 0.0000000000
102114  51.089  33.193  14.020 0.0000000000
102133  51.248  32.992  12.958 0.0000000000
102180  50.499  31.707  7.582 0.0000000000
102187  52.206  32.764  6.340 0.0000000000
102188  51.385  32.232  6.465 0.0000000000
102189  50.666  31.707  6.661 0.0000000000
102237  52.957  32.325  3.788 0.0000000000
102267  52.112  32.100  0.593 0.0000000000
102271  46.363  33.193  1.587 0.0000000000
102273  44.908  32.801  2.106 0.0000000000
102282  50.590  31.794  -0.537 0.0000000000
102283  47.829  31.827  -0.855 0.0000000000
102284  46.943  31.670  -0.713 0.0000000000
102296  49.326  31.934  -1.744 0.0000000000
102305  52.484  33.570  -1.674 0.0000000000
102306  52.196  33.404  -1.784 0.0000000000
102307  50.333  32.703  -2.200 0.0000000000
102309  48.966  32.398  -2.356 0.0000000000
102310  47.919  32.446  -2.326 0.0000000000
102315  42.714  32.762  -2.605 0.0000000000
102321  50.150  32.911  -2.492 0.0000000000
102901  51.480  33.573  12.664 0.0000000000
102902  50.979  33.570  11.873 0.0000000000
102918  50.879  33.717  9.342 0.0000000000
102937  51.318  32.867  7.657 0.0000000000
102978  53.920  34.143  4.875 0.0000000000
103006  51.320  34.476  2.057 0.0000000000
103017  54.606  34.399  1.116 0.0000000000
103019  50.198  34.668  0.604 0.0000000000
103021  48.275  34.242  0.872 0.0000000000
103023  46.361  33.871  0.805 0.0000000000
103037  54.071  33.778  -0.068 0.0000000000
103038  53.410  33.354  -0.428 0.0000000000
103039  50.152  34.900  0.047 0.0000000000
103040  49.629  34.842  -0.111 0.0000000000
103042  46.806  34.521  0.106 0.0000000000
103056  53.482  34.079  -1.141 0.0000000000
103059  51.199  33.016  -1.730 0.0000000000
103061  49.167  34.802  -0.473 0.0000000000
103062  45.188  34.342  -0.608 0.0000000000
103063  44.970  34.090  -0.459 0.0000000000
103070  52.752  33.856  -1.670 0.0000000000
103071  51.880  33.641  -2.042 0.0000000000
103078  50.126  33.256  -2.653 0.0000000000
103079  49.345  33.355  -2.785 0.0000000000
103622  52.316  34.064  14.229 0.0000000000
103652  50.802  34.129  11.329 0.0000000000
103665  50.756  34.203  10.660 0.0000000000
103670  50.634  33.881  10.147 0.0000000000
103706  54.696  34.797  6.420 0.0000000000
103729  54.373  34.593  4.342 0.0000000000
103742  51.563  34.712  1.531 0.0000000000
103757  47.623  34.433  0.442 0.0000000000
103770  54.541  34.966  0.908 0.0000000000
103771  54.109  34.735  0.129 0.0000000000
103772  52.698  35.432  -0.772 0.0000000000
103774  50.736  34.759  -0.110 0.0000000000
103776  48.073  34.681  -0.199 0.0000000000
103777  47.247  34.668  -0.147 0.0000000000
103778  46.419  34.680  -0.333 0.0000000000
103779  45.982  34.560  -0.240 0.0000000000
103793  53.760  34.552  -0.721 0.0000000000
103794  52.790  35.338  -1.307 0.0000000000
103795  52.230  34.983  -1.524 0.0000000000
103797  49.817  34.817  -0.967 0.0000000000
103810  53.395  34.579  -1.378 0.0000000000
103811  53.005  34.520  -1.769 0.0000000000
103821  42.918  34.601  -1.359 0.0000000000
103827  50.561  33.520  -2.463 0.0000000000
103830  48.101  33.975  -2.722 0.0000000000
103833  44.934  34.438  -2.621 0.0000000000
104375  51.590  35.075  12.539 0.0000000000
104480  54.411  35.355  3.026 0.0000000000
104481  54.135  35.729  2.511 0.0000000000
104492  54.202  35.788  1.558 0.0000000000
104501  54.074  35.416  0.595 0.0000000000
104502  53.317  35.425  -0.095 0.0000000000
104508  52.892  35.219  -1.562 0.0000000000
104512  53.506  34.961  -1.104 0.0000000000
104513  53.224  35.009  -1.585 0.0000000000
104514  52.795  34.905  -1.829 0.0000000000
136377  54.499  35.376  8.079 0.0000000000
136386  54.676  36.781  9.315 0.0000000000
136398  54.179  36.951  9.931 0.0000000000
