#!ascii label  , from subject la02 vox2ras=TkReg
990
65362  29.054  -11.118  60.842 0.0000000000
73862  47.163  -0.808  39.406 0.0000000000
75866  48.526  1.505  34.209 0.0000000000
135031  45.268  -7.975  45.113 0.0000000000
61360  34.512  -12.506  55.115 0.0000000000
60156  33.410  -13.468  59.232 0.0000000000
76770  48.652  2.320  38.017 0.0000000000
74673  52.625  0.441  45.964 0.0000000000
135038  42.324  -6.810  49.342 0.0000000000
62740  38.231  -11.354  51.536 0.0000000000
86692  54.575  13.445  35.991 0.0000000000
78985  47.328  4.617  32.827 0.0000000000
135025  42.950  -6.537  43.799 0.0000000000
71277  47.468  -3.831  44.053 0.0000000000
62610  31.582  -11.538  57.575 0.0000000000
64017  31.656  -12.384  59.923 0.0000000000
74787  47.987  0.862  39.407 0.0000000000
76681  51.555  2.963  43.315 0.0000000000
73791  50.324  -0.076  43.728 0.0000000000
64185  38.841  -10.564  46.892 0.0000000000
60171  38.198  -13.399  57.017 0.0000000000
62693  37.118  -11.884  53.818 0.0000000000
60249  40.974  -12.607  53.664 0.0000000000
86695  51.633  13.015  35.957 0.0000000000
135650  52.509  10.856  34.999 0.0000000000
135619  51.569  8.973  36.481 0.0000000000
75913  47.652  1.370  31.992 0.0000000000
77957  48.323  2.655  28.583 0.0000000000
75932  48.513  0.922  31.170 0.0000000000
77892  49.137  3.479  31.381 0.0000000000
75911  48.936  0.633  32.624 0.0000000000
135010  44.667  -7.253  46.548 0.0000000000
135007  41.902  -6.773  46.204 0.0000000000
135033  44.049  -6.223  44.757 0.0000000000
70311  45.110  -4.537  43.724 0.0000000000
70295  46.355  -5.320  44.615 0.0000000000
69265  48.146  -5.129  45.391 0.0000000000
68395  46.263  -6.623  44.353 0.0000000000
62607  34.753  -11.943  57.592 0.0000000000
75868  46.816  1.414  33.751 0.0000000000
76838  48.740  2.269  35.807 0.0000000000
76746  52.862  2.917  39.405 0.0000000000
75727  54.676  1.543  43.464 0.0000000000
65452  37.853  -10.063  48.122 0.0000000000
65450  39.775  -9.468  49.090 0.0000000000
65458  42.329  -9.212  47.243 0.0000000000
66544  43.417  -9.265  45.028 0.0000000000
135043  44.098  -8.281  43.373 0.0000000000
62809  36.582  -11.398  48.712 0.0000000000
62785  38.281  -12.172  49.454 0.0000000000
85896  57.551  12.196  33.295 0.0000000000
135575  49.105  8.105  33.655 0.0000000000
78922  50.499  5.447  35.903 0.0000000000
79027  50.059  4.047  31.585 0.0000000000
72112  47.713  -2.274  42.121 0.0000000000
72048  49.890  -2.736  46.652 0.0000000000
70272  51.691  -4.437  46.329 0.0000000000
62544  29.779  -12.163  61.405 0.0000000000
63999  30.488  -12.061  60.498 0.0000000000
62542  30.700  -12.966  60.705 0.0000000000
73861  47.682  -0.249  39.695 0.0000000000
74737  49.589  0.790  42.001 0.0000000000
73823  48.744  -0.553  41.300 0.0000000000
60200  40.715  -12.645  55.896 0.0000000000
85884  50.712  12.156  34.799 0.0000000000
85004  51.267  11.008  35.472 0.0000000000
135603  50.646  10.350  35.149 0.0000000000
75951  48.368  0.886  30.155 0.0000000000
75912  48.473  1.122  32.264 0.0000000000
75950  49.349  1.135  30.165 0.0000000000
135022  45.315  -7.259  45.849 0.0000000000
135032  45.015  -6.755  45.340 0.0000000000
70296  45.153  -5.505  44.648 0.0000000000
69283  46.007  -6.485  45.164 0.0000000000
135048  46.395  -6.471  44.903 0.0000000000
135042  46.001  -7.327  44.934 0.0000000000
62591  33.323  -11.671  58.276 0.0000000000
61313  34.585  -12.625  58.208 0.0000000000
60173  35.768  -13.477  58.169 0.0000000000
75810  46.813  1.211  36.875 0.0000000000
75850  46.074  1.113  34.271 0.0000000000
75827  47.417  1.712  36.548 0.0000000000
75848  47.847  1.829  35.321 0.0000000000
76787  49.044  2.419  37.287 0.0000000000
76767  51.492  2.810  38.238 0.0000000000
76748  50.629  2.900  39.120 0.0000000000
76642  52.112  2.437  45.224 0.0000000000
77668  53.984  2.951  44.330 0.0000000000
75692  53.820  1.401  45.035 0.0000000000
73790  53.244  -0.253  43.851 0.0000000000
72874  53.368  -1.114  45.176 0.0000000000
64157  38.164  -10.827  48.186 0.0000000000
65451  38.749  -9.793  48.455 0.0000000000
64170  39.102  -10.206  48.214 0.0000000000
65473  40.411  -9.779  47.410 0.0000000000
66533  43.843  -9.238  46.553 0.0000000000
62717  37.525  -11.411  52.436 0.0000000000
62765  35.941  -11.812  50.638 0.0000000000
62787  36.735  -11.581  49.730 0.0000000000
62808  37.456  -11.489  48.869 0.0000000000
61454  38.239  -12.020  49.967 0.0000000000
87528  53.815  14.090  35.205 0.0000000000
85863  55.876  13.395  35.219 0.0000000000
82485  52.703  8.530  35.634 0.0000000000
77895  46.626  3.935  31.587 0.0000000000
135537  44.611  4.259  31.666 0.0000000000
135561  46.534  5.741  32.561 0.0000000000
135564  47.500  7.156  32.559 0.0000000000
135431  48.448  6.504  33.342 0.0000000000
135599  50.347  6.924  35.415 0.0000000000
79926  49.132  5.301  34.169 0.0000000000
76878  50.054  1.890  29.685 0.0000000000
77909  49.756  3.407  30.775 0.0000000000
67448  40.348  -7.473  49.989 0.0000000000
67455  40.866  -6.860  47.469 0.0000000000
135014  42.344  -6.408  43.915 0.0000000000
134998  41.253  -6.617  45.541 0.0000000000
71279  45.796  -4.133  43.643 0.0000000000
71296  45.348  -4.000  42.685 0.0000000000
71295  46.351  -3.673  42.913 0.0000000000
72113  46.729  -2.817  41.817 0.0000000000
71293  47.736  -3.453  43.313 0.0000000000
72890  49.216  -2.344  44.704 0.0000000000
71263  48.023  -3.566  44.676 0.0000000000
69280  48.563  -5.326  44.992 0.0000000000
69250  49.221  -5.213  47.320 0.0000000000
69295  49.198  -5.260  44.515 0.0000000000
70322  50.380  -4.625  43.414 0.0000000000
62580  31.586  -11.554  59.071 0.0000000000
61299  32.571  -12.653  59.706 0.0000000000
60138  32.444  -13.363  60.390 0.0000000000
61267  32.603  -12.880  60.980 0.0000000000
75779  48.736  1.742  39.538 0.0000000000
76712  51.226  2.828  41.431 0.0000000000
75755  49.834  1.766  41.602 0.0000000000
75728  51.079  1.835  43.854 0.0000000000
74688  51.621  0.740  45.616 0.0000000000
61343  36.896  -12.556  56.488 0.0000000000
61376  35.769  -12.777  54.715 0.0000000000
62648  39.048  -11.594  55.711 0.0000000000
62671  40.522  -11.029  54.695 0.0000000000
62714  40.284  -11.196  52.586 0.0000000000
62761  39.177  -11.639  51.085 0.0000000000
60265  39.911  -12.819  52.171 0.0000000000
86693  53.454  13.254  36.066 0.0000000000
135651  53.647  12.484  35.368 0.0000000000
85851  52.254  11.632  35.804 0.0000000000
135634  51.887  9.760  35.773 0.0000000000
81594  54.269  7.660  38.946 0.0000000000
75952  47.391  0.820  30.110 0.0000000000
75970  48.164  0.906  29.014 0.0000000000
77956  48.817  2.336  29.001 0.0000000000
77937  48.638  3.072  29.576 0.0000000000
77893  48.373  3.358  31.570 0.0000000000
77936  49.453  2.673  29.770 0.0000000000
135028  43.282  -7.183  48.616 0.0000000000
67447  42.421  -6.726  47.560 0.0000000000
135000  43.626  -6.982  46.979 0.0000000000
135012  44.263  -6.579  45.683 0.0000000000
69299  43.735  -5.423  43.123 0.0000000000
70297  44.647  -5.014  43.741 0.0000000000
70310  45.798  -4.697  44.260 0.0000000000
71265  46.924  -4.863  44.633 0.0000000000
71264  47.460  -4.423  44.958 0.0000000000
70294  47.123  -5.201  44.795 0.0000000000
69282  46.688  -6.071  44.458 0.0000000000
69298  46.582  -6.066  43.294 0.0000000000
62630  31.777  -11.687  56.557 0.0000000000
62629  32.836  -11.885  56.473 0.0000000000
62627  35.016  -12.228  56.417 0.0000000000
60187  36.409  -13.266  57.929 0.0000000000
59001  37.616  -14.548  58.127 0.0000000000
75890  46.801  1.422  32.745 0.0000000000
75867  47.666  1.600  34.074 0.0000000000
75847  48.988  1.814  34.939 0.0000000000
76813  50.382  1.983  36.119 0.0000000000
76784  52.067  2.320  37.694 0.0000000000
75777  53.515  1.660  39.197 0.0000000000
77754  52.625  3.564  41.550 0.0000000000
76711  54.772  2.749  41.901 0.0000000000
65462  37.633  -9.459  47.687 0.0000000000
66526  38.371  -9.345  48.198 0.0000000000
66525  39.363  -8.767  48.800 0.0000000000
65432  41.592  -9.183  51.070 0.0000000000
65460  40.093  -9.654  48.240 0.0000000000
65449  40.917  -9.634  49.197 0.0000000000
135017  43.299  -8.307  50.071 0.0000000000
134990  43.922  -7.957  47.975 0.0000000000
67462  44.367  -8.410  47.009 0.0000000000
67468  44.637  -8.560  46.178 0.0000000000
135044  45.722  -7.535  44.733 0.0000000000
64158  37.417  -10.910  48.248 0.0000000000
62807  38.221  -11.918  48.814 0.0000000000
61453  38.451  -12.591  49.842 0.0000000000
61465  38.416  -12.830  49.026 0.0000000000
86723  58.275  12.869  33.605 0.0000000000
83346  49.461  9.768  33.806 0.0000000000
135600  50.475  8.607  35.316 0.0000000000
80763  51.575  6.877  37.172 0.0000000000
79879  52.097  5.483  36.752 0.0000000000
79007  49.148  3.916  32.301 0.0000000000
78982  50.360  4.731  33.921 0.0000000000
80823  51.857  5.695  34.028 0.0000000000
134997  41.180  -6.765  46.459 0.0000000000
72947  45.986  -1.886  39.949 0.0000000000
72945  47.688  -1.137  40.551 0.0000000000
72902  49.299  -0.979  43.441 0.0000000000
72888  50.215  -0.909  45.331 0.0000000000
72863  51.631  -1.353  46.526 0.0000000000
71239  48.917  -4.183  47.403 0.0000000000
72029  51.291  -3.018  49.158 0.0000000000
72053  52.386  -2.625  46.063 0.0000000000
71260  52.322  -3.417  44.918 0.0000000000
67497  45.393  -7.307  43.926 0.0000000000
68400  45.831  -6.684  43.540 0.0000000000
65361  29.356  -11.559  61.315 0.0000000000
63965  29.209  -11.974  62.069 0.0000000000
65352  28.973  -11.416  61.404 0.0000000000
64000  29.684  -11.517  60.839 0.0000000000
63982  30.083  -12.165  61.036 0.0000000000
73839  48.487  -0.121  40.657 0.0000000000
73840  48.019  -0.587  40.401 0.0000000000
85012  50.574  11.251  35.025 0.0000000000
85013  50.098  11.336  34.534 0.0000000000
75888  48.393  1.296  33.291 0.0000000000
75887  48.860  0.950  33.526 0.0000000000
135039  45.498  -6.143  45.313 0.0000000000
61298  32.929  -12.706  59.556 0.0000000000
62577  33.639  -11.979  58.640 0.0000000000
61297  33.887  -12.497  58.964 0.0000000000
60155  34.197  -13.398  58.574 0.0000000000
76789  47.743  1.905  37.577 0.0000000000
75828  46.837  1.312  36.004 0.0000000000
76816  47.797  2.061  37.088 0.0000000000
76839  48.052  2.094  36.292 0.0000000000
76769  49.398  2.628  37.992 0.0000000000
75674  52.410  0.976  45.972 0.0000000000
75693  53.164  1.709  45.445 0.0000000000
74672  53.164  0.542  45.438 0.0000000000
73752  53.337  -0.337  45.352 0.0000000000
73731  52.987  -0.342  46.005 0.0000000000
64156  38.924  -10.075  48.452 0.0000000000
64171  38.398  -10.871  47.563 0.0000000000
61427  37.045  -11.549  51.986 0.0000000000
62741  37.218  -11.593  51.657 0.0000000000
62764  36.967  -11.677  50.680 0.0000000000
62763  37.989  -11.799  50.685 0.0000000000
87511  54.227  14.016  36.063 0.0000000000
87527  54.842  14.063  35.145 0.0000000000
87510  55.248  13.935  35.775 0.0000000000
87509  56.032  13.589  35.241 0.0000000000
86691  55.591  13.577  35.707 0.0000000000
79009  46.890  4.172  32.144 0.0000000000
78986  46.457  4.781  32.435 0.0000000000
135560  46.729  5.247  32.962 0.0000000000
135567  47.384  5.943  33.088 0.0000000000
79939  47.768  5.260  33.297 0.0000000000
135582  49.112  5.915  34.110 0.0000000000
79927  48.571  5.221  33.723 0.0000000000
75931  49.630  0.718  31.360 0.0000000000
68374  41.130  -6.752  49.789 0.0000000000
67456  40.185  -7.109  48.703 0.0000000000
68380  41.402  -6.632  48.512 0.0000000000
71278  46.637  -4.335  44.093 0.0000000000
71294  47.113  -3.679  43.264 0.0000000000
72094  46.940  -3.385  42.622 0.0000000000
71276  48.009  -3.364  43.824 0.0000000000
69297  47.406  -5.568  43.496 0.0000000000
69296  48.618  -5.302  43.725 0.0000000000
70309  49.312  -5.094  43.237 0.0000000000
64018  30.903  -11.820  59.966 0.0000000000
64034  31.356  -11.647  59.377 0.0000000000
64033  31.836  -12.165  59.598 0.0000000000
62579  32.219  -12.038  59.308 0.0000000000
62565  32.118  -12.569  59.843 0.0000000000
61281  32.569  -13.010  60.395 0.0000000000
62564  32.141  -12.848  60.350 0.0000000000
74803  47.278  0.582  38.455 0.0000000000
74819  46.655  0.569  37.402 0.0000000000
74802  47.657  0.973  38.768 0.0000000000
75793  47.546  1.182  38.363 0.0000000000
75766  48.786  1.337  40.225 0.0000000000
75765  49.302  1.740  40.463 0.0000000000
73809  50.103  0.177  43.112 0.0000000000
75729  50.680  1.337  43.448 0.0000000000
74715  50.813  0.969  43.884 0.0000000000
74700  51.136  0.607  44.719 0.0000000000
61325  37.406  -12.943  56.869 0.0000000000
61356  37.346  -12.152  56.129 0.0000000000
62604  38.818  -12.038  57.203 0.0000000000
60234  41.110  -12.404  54.790 0.0000000000
62646  40.688  -11.535  55.394 0.0000000000
62669  41.803  -10.772  54.371 0.0000000000
64114  41.381  -10.084  53.815 0.0000000000
62713  41.413  -10.846  52.856 0.0000000000
61407  40.545  -11.889  52.697 0.0000000000
86712  51.501  13.261  35.110 0.0000000000
86711  51.944  13.533  35.858 0.0000000000
87529  52.591  13.769  35.184 0.0000000000
86694  52.418  13.196  36.158 0.0000000000
85865  52.552  12.263  36.044 0.0000000000
85866  51.586  12.015  35.866 0.0000000000
135621  51.306  9.800  35.609 0.0000000000
135628  51.563  9.999  35.551 0.0000000000
135626  51.798  9.189  36.557 0.0000000000
83297  52.859  8.693  38.062 0.0000000000
135627  51.957  9.046  37.583 0.0000000000
75933  47.566  1.010  31.037 0.0000000000
75969  48.915  0.979  29.544 0.0000000000
76892  49.129  1.635  29.232 0.0000000000
77910  48.897  3.211  30.606 0.0000000000
135024  43.762  -7.028  47.680 0.0000000000
135023  44.034  -7.138  47.519 0.0000000000
69266  46.376  -6.521  44.691 0.0000000000
68399  46.272  -6.492  43.823 0.0000000000
62631  30.796  -11.327  56.619 0.0000000000
62608  33.594  -11.820  57.462 0.0000000000
62628  33.915  -12.074  56.509 0.0000000000
62606  35.727  -11.962  57.301 0.0000000000
61327  35.641  -12.437  57.987 0.0000000000
75849  46.716  1.259  34.908 0.0000000000
75914  46.753  1.262  31.791 0.0000000000
76837  49.566  1.973  35.598 0.0000000000
76814  49.411  2.384  36.373 0.0000000000
76766  52.457  2.494  38.565 0.0000000000
75790  52.951  1.702  38.612 0.0000000000
76745  53.705  2.567  39.548 0.0000000000
77792  51.772  3.061  40.962 0.0000000000
77695  52.385  3.386  43.018 0.0000000000
77666  54.883  2.274  44.383 0.0000000000
77719  54.786  2.905  43.004 0.0000000000
75725  55.109  2.066  42.821 0.0000000000
74766  54.653  1.720  41.571 0.0000000000
74751  54.363  1.296  41.903 0.0000000000
66527  37.931  -9.490  48.054 0.0000000000
66517  39.821  -9.093  50.252 0.0000000000
65440  40.712  -9.383  50.314 0.0000000000
64184  39.393  -10.134  47.527 0.0000000000
65472  41.224  -9.662  47.332 0.0000000000
65459  41.174  -9.586  48.092 0.0000000000
65448  41.962  -9.216  48.932 0.0000000000
135005  42.870  -8.411  48.913 0.0000000000
61391  36.214  -12.461  54.088 0.0000000000
62695  35.393  -12.313  53.395 0.0000000000
62694  35.980  -12.154  53.405 0.0000000000
62832  36.193  -11.288  47.896 0.0000000000
64159  36.930  -10.827  47.956 0.0000000000
62786  37.726  -11.749  49.738 0.0000000000
61441  38.939  -12.271  50.574 0.0000000000
61477  38.300  -12.918  48.266 0.0000000000
86709  57.024  13.440  34.703 0.0000000000
85879  57.817  12.605  33.673 0.0000000000
135654  57.712  11.363  32.844 0.0000000000
76893  48.518  1.654  27.899 0.0000000000
77938  47.733  3.387  29.466 0.0000000000
135568  48.217  7.699  33.008 0.0000000000
135569  48.205  8.213  32.990 0.0000000000
135577  49.001  8.890  33.314 0.0000000000
135585  49.263  8.773  33.926 0.0000000000
135594  50.258  9.523  34.978 0.0000000000
135592  49.928  8.785  34.827 0.0000000000
79908  50.104  5.863  35.608 0.0000000000
80778  50.833  6.705  36.310 0.0000000000
80764  50.960  6.258  36.846 0.0000000000
79862  51.883  5.945  37.453 0.0000000000
79880  51.298  5.474  36.685 0.0000000000
79006  50.293  4.647  32.705 0.0000000000
79937  51.018  5.158  33.696 0.0000000000
79951  50.680  4.971  33.102 0.0000000000
70312  44.548  -4.825  43.159 0.0000000000
71297  44.820  -3.943  41.900 0.0000000000
72130  46.555  -2.327  41.102 0.0000000000
72930  46.812  -2.160  41.216 0.0000000000
72946  46.765  -1.795  40.533 0.0000000000
72929  47.305  -1.856  41.324 0.0000000000
72928  48.373  -1.262  41.503 0.0000000000
72915  48.665  -1.633  42.766 0.0000000000
72055  49.661  -2.682  45.882 0.0000000000
72889  49.756  -1.599  44.887 0.0000000000
72054  50.197  -2.300  46.139 0.0000000000
72864  50.990  -1.339  46.427 0.0000000000
72047  50.514  -2.374  46.781 0.0000000000
70276  47.702  -4.966  45.278 0.0000000000
71251  47.945  -4.537  45.519 0.0000000000
70275  48.407  -4.672  45.735 0.0000000000
70254  50.724  -4.706  47.255 0.0000000000
70232  50.188  -4.640  48.112 0.0000000000
70230  51.971  -3.910  47.854 0.0000000000
72045  51.664  -2.545  47.234 0.0000000000
71237  52.283  -3.509  47.101 0.0000000000
71247  52.482  -3.788  45.798 0.0000000000
71275  51.090  -4.268  43.728 0.0000000000
135037  45.458  -7.620  44.461 0.0000000000
135036  44.994  -7.692  43.897 0.0000000000
63998  31.082  -12.478  60.280 0.0000000000
63997  31.619  -12.714  60.325 0.0000000000
63981  30.575  -12.604  60.628 0.0000000000
62543  30.105  -12.681  61.036 0.0000000000
73885  47.362  0.102  38.998 0.0000000000
73860  48.119  0.357  39.983 0.0000000000
74770  48.829  0.880  40.644 0.0000000000
73838  48.970  0.389  40.982 0.0000000000
73822  49.143  -0.054  41.529 0.0000000000
73810  49.643  -0.100  42.578 0.0000000000
59021  38.542  -13.792  56.582 0.0000000000
60169  39.339  -12.842  56.833 0.0000000000
59035  39.568  -13.808  55.802 0.0000000000
59050  39.980  -13.670  55.215 0.0000000000
85883  51.285  12.501  35.497 0.0000000000
85867  51.025  11.849  35.367 0.0000000000
85005  50.987  11.154  35.330 0.0000000000
135611  50.974  10.130  35.465 0.0000000000
75889  47.656  1.497  33.020 0.0000000000
135046  46.206  -6.870  44.665 0.0000000000
62592  32.442  -11.569  58.414 0.0000000000
62590  33.982  -12.049  58.207 0.0000000000
61328  35.053  -12.407  57.948 0.0000000000
74849  46.100  1.010  35.761 0.0000000000
76786  50.023  2.573  37.061 0.0000000000
76768  50.413  2.889  38.004 0.0000000000
76747  51.782  2.963  39.525 0.0000000000
76659  52.605  2.948  44.675 0.0000000000
77669  53.244  3.218  44.069 0.0000000000
77648  53.316  3.026  44.758 0.0000000000
76639  54.681  2.079  44.947 0.0000000000
75708  54.083  1.097  44.510 0.0000000000
74714  53.770  0.601  43.500 0.0000000000
74699  53.587  0.482  44.273 0.0000000000
72886  53.283  -1.272  44.382 0.0000000000
72062  53.083  -1.904  44.560 0.0000000000
64199  39.750  -10.074  46.764 0.0000000000
66545  42.511  -9.355  45.783 0.0000000000
62692  38.439  -11.191  53.452 0.0000000000
62718  36.552  -11.800  52.602 0.0000000000
61409  37.020  -11.583  52.205 0.0000000000
62788  35.717  -11.727  49.632 0.0000000000
87525  56.582  13.699  34.472 0.0000000000
86690  56.336  13.529  35.083 0.0000000000
85881  56.364  13.035  34.700 0.0000000000
135648  52.388  9.531  35.270 0.0000000000
77912  46.488  3.613  30.792 0.0000000000
79010  45.800  4.438  31.729 0.0000000000
135551  45.656  5.107  32.327 0.0000000000
135557  46.257  5.729  32.152 0.0000000000
135563  47.284  6.504  32.718 0.0000000000
135570  48.013  6.678  33.110 0.0000000000
135576  48.976  6.867  33.472 0.0000000000
135584  49.595  7.558  34.189 0.0000000000
135586  49.226  6.394  33.944 0.0000000000
79909  49.579  5.594  34.748 0.0000000000
78941  49.929  5.329  35.123 0.0000000000
79028  49.511  3.707  31.517 0.0000000000
66524  39.626  -7.892  48.568 0.0000000000
135013  42.783  -6.914  45.289 0.0000000000
134975  40.324  -5.895  43.201 0.0000000000
70325  44.909  -4.490  43.017 0.0000000000
71309  46.001  -3.457  42.074 0.0000000000
72114  46.037  -3.107  41.537 0.0000000000
72093  47.473  -3.126  42.638 0.0000000000
72092  48.251  -2.700  43.066 0.0000000000
72903  48.808  -2.109  44.019 0.0000000000
72078  48.425  -2.993  44.077 0.0000000000
72066  48.821  -3.016  44.864 0.0000000000
71249  49.197  -3.336  46.098 0.0000000000
69264  48.771  -4.893  45.956 0.0000000000
69279  49.268  -5.125  45.347 0.0000000000
70274  49.984  -4.960  45.495 0.0000000000
70292  50.754  -4.618  44.982 0.0000000000
70308  49.704  -5.069  43.770 0.0000000000
62594  30.777  -11.166  58.228 0.0000000000
64049  31.288  -11.346  58.941 0.0000000000
62593  31.410  -11.391  58.505 0.0000000000
60137  33.224  -13.376  60.905 0.0000000000
61268  31.918  -13.163  61.030 0.0000000000
75792  48.011  1.708  38.473 0.0000000000
76750  48.823  2.279  38.633 0.0000000000
76749  49.540  2.615  39.011 0.0000000000
75778  49.352  2.183  39.732 0.0000000000
76713  50.570  2.485  41.196 0.0000000000
76696  51.141  2.842  42.346 0.0000000000
75746  49.946  1.295  42.251 0.0000000000
75745  50.491  1.772  42.648 0.0000000000
75744  50.989  2.410  43.065 0.0000000000
75709  51.378  1.818  45.178 0.0000000000
74674  52.079  0.591  46.101 0.0000000000
61359  35.226  -12.614  55.477 0.0000000000
61377  34.982  -12.607  54.545 0.0000000000
61357  36.828  -12.262  55.760 0.0000000000
62674  37.341  -12.000  55.157 0.0000000000
62673  38.281  -11.650  54.727 0.0000000000
61339  40.407  -12.089  56.749 0.0000000000
62647  40.007  -11.428  55.548 0.0000000000
62672  39.599  -11.041  54.378 0.0000000000
62716  38.710  -11.016  52.355 0.0000000000
62739  39.041  -11.191  51.537 0.0000000000
62762  38.748  -11.544  50.826 0.0000000000
62738  39.458  -11.537  51.822 0.0000000000
61440  39.402  -12.168  51.267 0.0000000000
60275  39.181  -13.106  51.002 0.0000000000
87512  53.300  13.726  35.866 0.0000000000
135642  52.452  11.524  35.487 0.0000000000
85852  51.969  11.634  35.841 0.0000000000
135635  52.032  11.033  35.442 0.0000000000
135649  52.182  10.183  35.262 0.0000000000
82461  53.161  8.324  36.660 0.0000000000
82460  53.821  7.424  37.078 0.0000000000
80776  54.137  6.589  37.189 0.0000000000
77911  47.894  3.319  30.621 0.0000000000
79008  47.875  3.849  32.414 0.0000000000
135018  43.101  -6.921  48.072 0.0000000000
135020  43.445  -6.908  47.622 0.0000000000
134999  43.819  -6.903  46.352 0.0000000000
69281  47.698  -5.395  44.651 0.0000000000
61361  33.871  -12.444  54.942 0.0000000000
62609  32.610  -11.658  57.495 0.0000000000
62653  33.110  -12.398  55.293 0.0000000000
62651  34.706  -12.491  55.698 0.0000000000
62626  35.897  -12.107  56.704 0.0000000000
62625  36.345  -12.294  56.827 0.0000000000
61293  37.499  -13.825  57.809 0.0000000000
60188  36.135  -13.001  58.073 0.0000000000
58956  37.208  -14.125  59.121 0.0000000000
59000  38.178  -14.032  57.502 0.0000000000
76836  49.995  1.606  35.589 0.0000000000
76812  51.031  1.710  36.439 0.0000000000
76785  51.300  2.278  36.989 0.0000000000
76729  51.351  2.879  40.598 0.0000000000
77821  51.989  3.131  40.380 0.0000000000
77790  53.102  3.728  40.688 0.0000000000
77721  53.798  3.508  42.519 0.0000000000
77752  54.446  3.261  41.791 0.0000000000
77789  54.036  3.321  40.670 0.0000000000
75764  54.753  1.835  40.457 0.0000000000
66536  38.309  -8.682  47.973 0.0000000000
67449  39.876  -8.321  50.088 0.0000000000
67442  40.759  -8.207  50.918 0.0000000000
135047  42.583  -8.078  50.996 0.0000000000
65439  41.738  -9.215  50.082 0.0000000000
65431  42.495  -8.710  50.790 0.0000000000
135021  43.307  -7.422  50.228 0.0000000000
135006  43.908  -7.887  49.315 0.0000000000
135019  43.867  -8.836  47.336 0.0000000000
135035  43.531  -9.184  43.990 0.0000000000
61393  34.832  -12.535  53.624 0.0000000000
62743  35.105  -11.944  51.551 0.0000000000
65463  37.227  -10.162  47.664 0.0000000000
65453  37.392  -10.508  47.992 0.0000000000
62830  38.248  -11.941  47.939 0.0000000000
61442  38.551  -11.974  50.315 0.0000000000
64001  28.748  -11.090  60.899 0.0000000000
85910  58.496  12.395  32.824 0.0000000000
84143  50.162  10.427  34.684 0.0000000000
135607  51.188  8.633  35.830 0.0000000000
135423  50.462  8.102  35.314 0.0000000000
135608  51.315  8.166  35.956 0.0000000000
81613  51.926  8.000  37.430 0.0000000000
81596  52.482  7.211  39.023 0.0000000000
79860  53.519  5.809  37.847 0.0000000000
79905  53.257  5.850  36.110 0.0000000000
78984  48.432  4.560  33.194 0.0000000000
78964  49.046  4.850  33.870 0.0000000000
78963  49.719  4.850  34.558 0.0000000000
78983  49.479  4.545  33.459 0.0000000000
78962  50.564  4.865  34.816 0.0000000000
78961  50.996  4.847  34.912 0.0000000000
79924  52.209  5.486  34.940 0.0000000000
80832  51.372  5.851  33.098 0.0000000000
72962  46.646  -1.354  39.395 0.0000000000
68379  41.561  -6.637  47.874 0.0000000000
72131  45.943  -2.598  40.833 0.0000000000
72961  47.227  -1.105  39.891 0.0000000000
72914  49.024  -0.807  42.223 0.0000000000
73774  49.904  -0.655  44.037 0.0000000000
73773  50.484  -0.411  44.676 0.0000000000
73753  51.172  -0.081  45.525 0.0000000000
73733  51.508  -0.306  46.083 0.0000000000
73732  52.211  -0.360  46.156 0.0000000000
71250  48.550  -3.939  45.907 0.0000000000
71238  49.311  -3.311  46.852 0.0000000000
70233  48.819  -5.083  48.333 0.0000000000
71212  50.204  -3.460  48.766 0.0000000000
72039  50.438  -2.808  48.029 0.0000000000
72046  51.068  -2.290  47.181 0.0000000000
72862  52.363  -1.419  46.021 0.0000000000
72875  52.998  -1.758  45.525 0.0000000000
72063  52.754  -2.575  44.857 0.0000000000
72064  52.295  -3.241  44.324 0.0000000000
71261  51.826  -4.123  44.616 0.0000000000
72077  51.785  -3.381  43.719 0.0000000000
135045  45.866  -7.286  44.492 0.0000000000
67489  45.847  -6.957  44.052 0.0000000000
68401  45.352  -6.881  43.416 0.0000000000
68409  46.043  -6.399  43.173 0.0000000000
58954  38.188  -13.998  59.038 0.0000000000
58955  37.844  -14.177  58.984 0.0000000000
58977  37.973  -13.893  58.062 0.0000000000
58978  37.840  -14.069  58.524 0.0000000000
58979  37.222  -14.172  58.763 0.0000000000
58980  36.967  -14.138  59.177 0.0000000000
58998  39.025  -12.988  56.695 0.0000000000
58999  38.556  -13.292  56.760 0.0000000000
59020  39.288  -13.129  56.513 0.0000000000
60119  33.149  -13.179  61.242 0.0000000000
60120  32.662  -13.357  61.372 0.0000000000
60133  37.732  -13.893  58.251 0.0000000000
60134  37.690  -13.892  58.701 0.0000000000
60135  37.623  -13.749  59.058 0.0000000000
60136  37.372  -13.943  59.151 0.0000000000
60151  37.859  -13.889  57.753 0.0000000000
60152  38.000  -13.907  58.455 0.0000000000
60153  36.949  -14.000  58.983 0.0000000000
60154  36.998  -14.076  59.406 0.0000000000
60170  38.923  -12.797  57.024 0.0000000000
60172  36.555  -13.712  58.424 0.0000000000
60185  39.850  -12.681  56.938 0.0000000000
60186  39.465  -12.563  57.121 0.0000000000
60201  40.196  -12.858  56.317 0.0000000000
60216  40.914  -12.539  55.270 0.0000000000
60217  40.457  -13.126  55.600 0.0000000000
60235  40.807  -12.969  54.623 0.0000000000
60266  39.480  -13.198  51.640 0.0000000000
60274  39.543  -12.670  51.602 0.0000000000
61266  33.091  -12.858  60.972 0.0000000000
61269  30.292  -11.617  60.452 0.0000000000
61270  30.119  -11.402  60.498 0.0000000000
61276  37.248  -13.883  58.418 0.0000000000
61277  37.098  -13.811  58.808 0.0000000000
61278  37.153  -13.805  59.073 0.0000000000
61279  36.867  -13.913  59.294 0.0000000000
61280  33.225  -13.053  60.958 0.0000000000
61282  32.382  -12.602  59.766 0.0000000000
61283  30.410  -11.689  60.362 0.0000000000
61284  30.185  -11.208  60.360 0.0000000000
61294  36.957  -13.740  58.077 0.0000000000
61295  36.789  -13.851  58.716 0.0000000000
61296  36.805  -13.993  59.173 0.0000000000
61308  38.578  -12.912  56.890 0.0000000000
61309  37.869  -13.358  57.163 0.0000000000
61310  36.887  -13.363  57.455 0.0000000000
61311  36.658  -13.548  57.928 0.0000000000
61312  35.184  -12.860  58.032 0.0000000000
61322  39.850  -12.288  57.307 0.0000000000
61323  39.194  -12.209  57.289 0.0000000000
61324  38.360  -12.462  56.825 0.0000000000
61326  36.417  -12.733  57.392 0.0000000000
61338  40.604  -12.426  56.220 0.0000000000
61340  39.873  -11.871  57.303 0.0000000000
61341  38.114  -12.126  56.774 0.0000000000
61342  37.790  -12.343  56.500 0.0000000000
61344  36.285  -12.338  56.261 0.0000000000
61345  35.696  -12.431  56.130 0.0000000000
61354  40.851  -12.066  55.719 0.0000000000
61355  40.630  -11.823  56.081 0.0000000000
61358  36.089  -12.632  55.562 0.0000000000
61373  41.251  -11.861  54.781 0.0000000000
61374  41.299  -12.176  54.454 0.0000000000
61375  36.600  -12.433  54.846 0.0000000000
61389  41.718  -11.499  54.168 0.0000000000
61390  41.409  -12.091  53.960 0.0000000000
61392  35.500  -12.518  53.931 0.0000000000
61405  41.903  -11.353  53.723 0.0000000000
61406  41.322  -11.826  53.317 0.0000000000
61408  37.176  -11.483  52.091 0.0000000000
61426  39.788  -12.029  52.057 0.0000000000
61428  36.816  -11.685  52.040 0.0000000000
62551  31.989  -12.948  60.576 0.0000000000
62552  31.270  -12.971  60.539 0.0000000000
62553  30.413  -11.826  60.467 0.0000000000
62554  30.162  -11.586  60.532 0.0000000000
62566  30.609  -11.731  60.229 0.0000000000
62567  30.268  -11.500  60.345 0.0000000000
62603  39.085  -11.847  57.152 0.0000000000
62605  36.149  -12.125  57.107 0.0000000000
62621  40.337  -11.652  56.187 0.0000000000
62622  39.628  -11.621  56.752 0.0000000000
62623  38.676  -11.928  56.694 0.0000000000
62624  38.146  -12.029  56.532 0.0000000000
62645  41.119  -11.454  54.904 0.0000000000
62649  37.980  -11.902  55.949 0.0000000000
62650  37.345  -12.027  55.770 0.0000000000
62652  34.172  -12.355  55.674 0.0000000000
62668  42.558  -10.185  54.313 0.0000000000
62670  41.166  -10.911  54.596 0.0000000000
62689  42.878  -10.303  53.875 0.0000000000
62690  42.222  -10.704  53.920 0.0000000000
62691  39.489  -10.771  53.142 0.0000000000
62711  42.836  -10.358  53.650 0.0000000000
62712  42.255  -10.665  53.542 0.0000000000
62715  39.537  -11.093  52.375 0.0000000000
62719  35.328  -12.107  52.695 0.0000000000
63983  29.606  -11.832  61.436 0.0000000000
64016  31.943  -12.776  60.223 0.0000000000
64095  43.040  -9.733  54.524 0.0000000000
64096  42.375  -9.725  54.400 0.0000000000
64097  41.661  -10.174  54.246 0.0000000000
64098  40.977  -10.486  54.198 0.0000000000
64099  40.419  -10.700  54.203 0.0000000000
64111  43.033  -10.067  54.251 0.0000000000
64112  42.180  -9.352  54.487 0.0000000000
64113  41.850  -9.555  54.184 0.0000000000
64115  40.472  -10.522  53.651 0.0000000000
64127  43.082  -10.193  53.948 0.0000000000
64128  42.703  -10.333  53.895 0.0000000000
64129  41.991  -9.942  53.576 0.0000000000
64130  41.064  -10.688  53.321 0.0000000000
64131  40.190  -10.762  52.947 0.0000000000
65338  28.792  -11.602  61.770 0.0000000000
65351  29.185  -11.721  61.656 0.0000000000
65399  43.027  -9.576  54.566 0.0000000000
65400  42.802  -9.519  54.589 0.0000000000
65409  42.992  -9.881  54.417 0.0000000000
65410  42.500  -9.495  54.467 0.0000000000
65411  42.061  -9.213  54.349 0.0000000000
65417  43.108  -10.000  54.076 0.0000000000
65418  42.517  -9.980  54.314 0.0000000000
65419  42.048  -9.435  54.207 0.0000000000
65424  42.111  -8.994  51.377 0.0000000000
65425  41.922  -9.028  51.662 0.0000000000
65433  41.048  -9.224  50.909 0.0000000000
65438  42.546  -8.791  49.825 0.0000000000
65441  40.033  -9.477  50.149 0.0000000000
66484  42.111  -8.927  51.794 0.0000000000
66491  41.926  -9.067  51.881 0.0000000000
66498  41.406  -9.059  51.584 0.0000000000
66499  41.010  -8.924  51.518 0.0000000000
66507  41.177  -9.169  51.174 0.0000000000
66508  40.736  -9.014  50.942 0.0000000000
66509  40.336  -8.763  50.677 0.0000000000
66516  40.278  -9.294  50.468 0.0000000000
67422  42.206  -8.730  51.564 0.0000000000
67429  41.811  -8.817  51.783 0.0000000000
67435  41.252  -8.666  51.596 0.0000000000
67436  40.919  -8.734  51.338 0.0000000000
67441  41.807  -8.169  51.568 0.0000000000
67443  40.177  -8.624  50.525 0.0000000000
67457  39.815  -7.880  49.294 0.0000000000
67481  46.122  -6.834  44.264 0.0000000000
68368  41.924  -7.275  50.738 0.0000000000
68369  41.003  -7.306  50.479 0.0000000000
68396  46.037  -6.726  43.965 0.0000000000
69228  49.175  -4.925  48.467 0.0000000000
69229  48.962  -5.108  48.423 0.0000000000
69237  49.398  -5.045  48.328 0.0000000000
69238  48.932  -5.350  48.083 0.0000000000
69239  48.777  -5.109  47.519 0.0000000000
69249  49.709  -5.165  47.759 0.0000000000
69251  48.931  -5.005  46.884 0.0000000000
69262  49.914  -5.071  46.990 0.0000000000
69263  49.481  -5.035  46.335 0.0000000000
70208  50.620  -3.989  48.599 0.0000000000
70209  49.654  -4.431  48.324 0.0000000000
70210  48.948  -4.817  48.421 0.0000000000
70211  48.709  -4.782  48.257 0.0000000000
70231  51.171  -4.253  48.023 0.0000000000
70234  48.601  -4.868  48.031 0.0000000000
70252  52.198  -3.995  47.301 0.0000000000
70253  51.748  -4.242  47.281 0.0000000000
70255  48.681  -4.712  46.868 0.0000000000
70271  52.293  -4.110  46.816 0.0000000000
70273  50.602  -4.887  46.121 0.0000000000
70291  51.432  -4.517  45.502 0.0000000000
70293  49.882  -4.972  44.696 0.0000000000
70307  50.482  -4.668  44.130 0.0000000000
71210  51.451  -3.231  48.846 0.0000000000
71211  51.018  -3.443  49.208 0.0000000000
71213  49.379  -4.255  48.265 0.0000000000
71214  48.910  -4.597  48.302 0.0000000000
71225  51.850  -3.267  48.153 0.0000000000
71226  51.396  -3.688  48.521 0.0000000000
71227  50.122  -3.020  48.610 0.0000000000
71228  49.667  -3.565  48.011 0.0000000000
71229  48.935  -4.348  48.159 0.0000000000
71248  51.961  -4.300  45.545 0.0000000000
71262  51.057  -4.407  44.346 0.0000000000
71274  51.571  -3.943  43.802 0.0000000000
72030  50.903  -2.781  49.211 0.0000000000
72031  50.424  -2.677  48.874 0.0000000000
72037  51.408  -2.827  48.627 0.0000000000
72038  51.018  -2.372  48.410 0.0000000000
72040  49.930  -2.935  47.360 0.0000000000
72056  49.131  -3.158  45.595 0.0000000000
72065  49.376  -2.602  45.159 0.0000000000
72075  53.084  -1.985  43.971 0.0000000000
72111  48.233  -1.954  42.366 0.0000000000
72861  53.219  -1.013  45.780 0.0000000000
72876  50.315  -1.354  45.936 0.0000000000
72877  50.083  -2.001  45.657 0.0000000000
72887  53.144  -1.734  44.933 0.0000000000
72927  48.856  -0.692  41.617 0.0000000000
72944  48.174  -0.799  40.751 0.0000000000
73734  50.883  -0.670  45.957 0.0000000000
73754  50.630  -0.578  45.493 0.0000000000
73771  53.409  -0.369  44.706 0.0000000000
73772  50.933  -0.180  45.117 0.0000000000
73792  49.860  -0.333  43.369 0.0000000000
74687  53.612  0.442  44.924 0.0000000000
74698  54.121  0.963  44.007 0.0000000000
74701  50.707  0.334  44.044 0.0000000000
74713  54.326  1.103  43.616 0.0000000000
74716  50.443  0.752  43.363 0.0000000000
74735  53.778  0.560  43.047 0.0000000000
74736  50.013  0.786  42.672 0.0000000000
74750  54.615  1.836  41.937 0.0000000000
74753  49.227  0.938  41.234 0.0000000000
74767  54.743  1.189  40.957 0.0000000000
74771  48.386  0.904  40.152 0.0000000000
74788  47.596  0.452  39.062 0.0000000000
74804  46.861  0.196  38.016 0.0000000000
74818  47.025  0.692  37.898 0.0000000000
75672  53.211  1.194  45.388 0.0000000000
75673  52.770  1.097  45.694 0.0000000000
75690  54.890  1.871  44.421 0.0000000000
75691  54.587  1.705  44.646 0.0000000000
75694  52.231  1.643  45.889 0.0000000000
75706  54.920  1.878  43.960 0.0000000000
75707  54.616  1.439  44.119 0.0000000000
75726  54.995  1.959  43.234 0.0000000000
75741  55.222  1.958  42.742 0.0000000000
75742  55.099  1.998  42.537 0.0000000000
75743  54.685  1.741  42.751 0.0000000000
75752  54.672  2.105  41.973 0.0000000000
75753  54.719  1.935  42.299 0.0000000000
75754  50.366  2.138  41.853 0.0000000000
75763  54.726  1.982  41.289 0.0000000000
75776  54.284  1.729  39.679 0.0000000000
75808  47.779  1.840  37.859 0.0000000000
75809  47.358  1.388  37.680 0.0000000000
76638  54.987  1.939  44.709 0.0000000000
76640  53.923  2.270  45.046 0.0000000000
76641  53.003  2.450  45.195 0.0000000000
76656  55.020  2.043  44.386 0.0000000000
76657  54.540  2.457  44.864 0.0000000000
76658  54.171  2.736  44.829 0.0000000000
76660  51.793  2.610  44.405 0.0000000000
76678  54.925  2.054  43.340 0.0000000000
76679  54.930  2.139  43.845 0.0000000000
76680  52.436  3.159  43.811 0.0000000000
76694  55.095  2.098  42.961 0.0000000000
76695  55.111  2.217  42.677 0.0000000000
76697  50.706  2.453  41.909 0.0000000000
76709  54.792  2.340  42.696 0.0000000000
76710  54.774  2.459  42.387 0.0000000000
76714  49.972  2.374  40.715 0.0000000000
76727  54.723  2.416  41.789 0.0000000000
76728  54.617  2.588  41.130 0.0000000000
76730  50.688  2.769  40.174 0.0000000000
76731  49.864  2.542  39.892 0.0000000000
76744  54.420  2.610  40.113 0.0000000000
76765  53.075  2.271  39.081 0.0000000000
76788  48.175  2.171  37.602 0.0000000000
76815  48.532  2.297  36.735 0.0000000000
77645  55.015  2.181  44.680 0.0000000000
77646  54.835  2.366  44.753 0.0000000000
77647  53.714  2.712  44.868 0.0000000000
77667  54.633  2.686  44.433 0.0000000000
77690  54.808  2.264  43.146 0.0000000000
77691  54.796  2.485  43.602 0.0000000000
77692  54.471  2.987  43.634 0.0000000000
77693  53.922  3.324  43.437 0.0000000000
77694  53.137  3.453  43.211 0.0000000000
77718  54.780  2.733  43.097 0.0000000000
77720  54.482  3.188  42.768 0.0000000000
77722  52.925  3.570  42.360 0.0000000000
77723  52.031  3.354  42.361 0.0000000000
77750  54.777  2.898  42.575 0.0000000000
77751  54.778  2.933  42.326 0.0000000000
77753  53.533  3.629  41.568 0.0000000000
77755  51.838  3.219  41.576 0.0000000000
77791  52.323  3.398  40.848 0.0000000000
77818  53.976  3.082  39.972 0.0000000000
77819  53.430  3.368  39.926 0.0000000000
77820  52.594  3.358  40.073 0.0000000000
77894  47.323  3.566  31.585 0.0000000000
78921  50.826  5.192  36.036 0.0000000000
78939  50.952  4.904  35.378 0.0000000000
78940  50.386  5.187  35.366 0.0000000000
78981  50.900  4.908  34.490 0.0000000000
79029  45.134  3.860  31.295 0.0000000000
79814  54.351  6.408  40.008 0.0000000000
79815  54.198  6.222  40.007 0.0000000000
79828  54.328  6.300  39.702 0.0000000000
79829  54.074  5.910  39.677 0.0000000000
79830  53.743  5.868  39.442 0.0000000000
79843  54.298  6.161  39.072 0.0000000000
79844  53.923  5.770  38.847 0.0000000000
79845  53.256  5.920  38.736 0.0000000000
79846  52.518  6.041  38.284 0.0000000000
79859  54.230  6.179  38.048 0.0000000000
79861  52.696  5.711  37.680 0.0000000000
79863  51.149  5.955  37.065 0.0000000000
79877  53.791  5.978  36.893 0.0000000000
79878  53.001  5.580  36.842 0.0000000000
79881  50.670  5.742  36.486 0.0000000000
79904  53.790  6.007  36.116 0.0000000000
79906  52.423  5.495  35.712 0.0000000000
79907  51.507  5.123  35.955 0.0000000000
79925  51.606  5.083  34.856 0.0000000000
79938  50.574  4.861  33.380 0.0000000000
80715  54.813  6.900  39.693 0.0000000000
80716  54.504  6.594  40.020 0.0000000000
80717  53.930  6.283  40.281 0.0000000000
80718  53.522  6.503  40.193 0.0000000000
80734  54.802  6.990  38.985 0.0000000000
80735  54.569  6.609  39.391 0.0000000000
80736  53.796  5.938  39.880 0.0000000000
80737  53.406  6.256  39.755 0.0000000000
80749  54.807  6.973  38.451 0.0000000000
80750  54.602  6.645  38.651 0.0000000000
80751  52.744  6.445  39.055 0.0000000000
80752  52.173  6.639  38.265 0.0000000000
80761  54.791  6.958  38.094 0.0000000000
80762  54.595  6.831  37.961 0.0000000000
80777  51.305  7.218  36.551 0.0000000000
80797  53.858  6.453  36.360 0.0000000000
80799  52.951  5.923  35.529 0.0000000000
80811  48.813  5.568  33.894 0.0000000000
81559  54.766  7.146  40.081 0.0000000000
81560  54.215  7.165  40.445 0.0000000000
81561  53.504  6.944  40.348 0.0000000000
81562  53.306  6.643  40.114 0.0000000000
81575  54.692  7.225  39.447 0.0000000000
81576  54.413  7.546  39.814 0.0000000000
81577  53.270  7.243  40.039 0.0000000000
81578  52.901  6.979  39.850 0.0000000000
81593  54.668  7.131  38.709 0.0000000000
81595  53.761  7.915  38.543 0.0000000000
81597  52.161  7.576  38.167 0.0000000000
81610  54.750  7.026  38.310 0.0000000000
81611  54.401  7.200  38.044 0.0000000000
81612  53.864  7.631  38.247 0.0000000000
81625  54.233  7.023  37.260 0.0000000000
81626  51.192  7.403  36.237 0.0000000000
81645  53.930  6.986  36.617 0.0000000000
81663  51.786  6.304  33.477 0.0000000000
82402  53.802  7.321  40.277 0.0000000000
82403  53.540  7.381  40.087 0.0000000000
82414  53.859  7.709  39.936 0.0000000000
82415  53.247  7.581  39.592 0.0000000000
82416  52.820  7.484  39.362 0.0000000000
82428  54.064  7.812  39.475 0.0000000000
82429  53.483  8.218  38.970 0.0000000000
82430  52.640  8.086  38.832 0.0000000000
82431  52.045  8.493  38.036 0.0000000000
82442  53.712  7.673  37.588 0.0000000000
82443  53.414  8.207  37.908 0.0000000000
82462  52.514  8.841  35.883 0.0000000000
82483  53.890  7.206  36.779 0.0000000000
83283  52.828  8.518  38.545 0.0000000000
83284  52.407  8.738  38.124 0.0000000000
83312  52.701  8.617  37.160 0.0000000000
85862  56.158  13.362  35.101 0.0000000000
85878  58.016  12.509  33.558 0.0000000000
85880  57.264  12.868  33.957 0.0000000000
86689  56.835  13.523  35.061 0.0000000000
86707  58.050  12.687  33.691 0.0000000000
86708  57.817  13.002  34.063 0.0000000000
86710  56.672  13.371  35.027 0.0000000000
86724  58.014  13.182  33.934 0.0000000000
87508  56.688  13.580  34.941 0.0000000000
87539  58.150  13.236  33.536 0.0000000000
135011  43.758  -7.011  47.507 0.0000000000
135026  43.362  -6.963  48.161 0.0000000000
135027  43.225  -6.883  47.890 0.0000000000
135029  43.576  -7.139  47.902 0.0000000000
135034  43.127  -8.147  50.648 0.0000000000
135041  45.668  -7.474  44.424 0.0000000000
135427  49.819  7.332  34.556 0.0000000000
135443  45.563  5.413  32.037 0.0000000000
135549  44.949  4.682  32.081 0.0000000000
135556  45.878  5.380  32.121 0.0000000000
135562  47.761  7.905  32.579 0.0000000000
135571  47.721  7.011  32.900 0.0000000000
135574  48.419  6.007  33.553 0.0000000000
135581  48.937  6.250  33.744 0.0000000000
135583  49.568  8.454  34.312 0.0000000000
135587  49.634  9.419  34.270 0.0000000000
135591  49.697  6.654  34.537 0.0000000000
135593  50.034  7.814  34.957 0.0000000000
135601  50.913  7.794  35.670 0.0000000000
135602  50.811  9.444  35.450 0.0000000000
135609  51.584  8.079  36.445 0.0000000000
135610  51.249  9.208  35.851 0.0000000000
135617  51.435  8.806  36.235 0.0000000000
135618  51.840  8.710  37.172 0.0000000000
135620  51.558  9.399  36.000 0.0000000000
135622  51.311  10.415  35.487 0.0000000000
135629  51.586  11.066  35.535 0.0000000000
135633  52.156  8.961  37.085 0.0000000000
135640  52.236  9.374  35.873 0.0000000000
135641  52.083  10.456  35.356 0.0000000000
