#!ascii label  , from subject la02 vox2ras=TkReg
1225
70185  21.362  -3.844  50.581 0.0000000000
73637  40.873  0.747  51.061 0.0000000000
82566  42.215  9.632  26.868 0.0000000000
73122  36.744  -1.199  31.667 0.0000000000
73844  40.359  -0.531  40.629 0.0000000000
89355  50.694  16.996  18.577 0.0000000000
84207  39.654  11.121  30.577 0.0000000000
80907  35.932  5.288  27.319 0.0000000000
66494  16.807  -8.310  52.812 0.0000000000
71139  30.089  -3.237  52.364 0.0000000000
71217  34.036  -3.864  48.679 0.0000000000
70266  23.584  -4.461  47.485 0.0000000000
86845  45.990  13.482  24.511 0.0000000000
71965  26.830  -2.506  54.739 0.0000000000
70110  21.024  -4.328  55.768 0.0000000000
85105  48.576  11.416  29.232 0.0000000000
67398  15.435  -6.938  57.502 0.0000000000
62587  10.653  -11.351  59.200 0.0000000000
76910  32.709  2.041  28.217 0.0000000000
73061  38.235  -1.605  34.857 0.0000000000
73850  33.871  -0.750  40.622 0.0000000000
72068  34.136  -2.264  44.362 0.0000000000
83375  39.071  9.677  32.123 0.0000000000
82571  37.684  8.666  28.060 0.0000000000
81704  36.575  7.625  29.998 0.0000000000
85042  41.955  12.068  33.771 0.0000000000
68375  19.683  -6.656  49.551 0.0000000000
65435  17.991  -9.347  50.673 0.0000000000
68365  18.816  -6.616  51.783 0.0000000000
71165  25.609  -3.255  51.758 0.0000000000
70198  26.609  -3.818  49.513 0.0000000000
70225  22.112  -4.258  49.178 0.0000000000
69247  20.792  -6.106  47.888 0.0000000000
82593  43.395  8.980  26.169 0.0000000000
84206  43.889  12.199  28.969 0.0000000000
84239  45.058  11.038  28.123 0.0000000000
82591  44.682  10.244  26.704 0.0000000000
70086  20.450  -3.778  58.303 0.0000000000
69186  18.238  -6.025  56.362 0.0000000000
69171  17.661  -5.561  58.477 0.0000000000
65349  11.634  -8.609  63.683 0.0000000000
66446  12.359  -8.341  60.583 0.0000000000
64014  10.497  -10.699  61.733 0.0000000000
60117  9.548  -13.788  62.739 0.0000000000
58905  8.762  -13.247  65.041 0.0000000000
73957  40.418  -0.283  34.218 0.0000000000
73025  39.476  -1.075  37.192 0.0000000000
72984  36.338  -0.721  37.913 0.0000000000
72951  36.931  -0.478  40.364 0.0000000000
69243  29.299  -4.831  46.821 0.0000000000
70256  34.203  -3.777  46.474 0.0000000000
69284  30.291  -4.722  44.863 0.0000000000
72083  31.033  -3.356  43.640 0.0000000000
74961  34.848  0.390  30.030 0.0000000000
74992  34.673  0.602  28.998 0.0000000000
74034  36.381  -0.421  30.496 0.0000000000
87742  53.976  14.761  16.229 0.0000000000
86909  51.812  13.730  15.818 0.0000000000
84244  40.844  10.781  28.382 0.0000000000
82585  39.258  8.813  26.665 0.0000000000
85964  42.069  12.984  31.145 0.0000000000
72003  35.484  -3.016  52.437 0.0000000000
72815  36.018  -1.153  50.113 0.0000000000
71180  32.552  -3.600  50.777 0.0000000000
70219  27.934  -4.182  48.404 0.0000000000
69273  25.077  -4.829  45.594 0.0000000000
89308  48.949  16.298  26.310 0.0000000000
89320  47.834  16.512  23.962 0.0000000000
88550  47.847  15.761  20.688 0.0000000000
87726  48.166  15.552  18.577 0.0000000000
71145  24.327  -3.190  52.743 0.0000000000
71125  20.492  -3.227  53.811 0.0000000000
71944  23.549  -2.420  55.342 0.0000000000
71118  27.831  -3.147  53.298 0.0000000000
84262  47.701  12.293  27.011 0.0000000000
68348  18.640  -6.444  54.427 0.0000000000
66473  16.224  -7.680  54.650 0.0000000000
65387  14.054  -8.733  55.785 0.0000000000
66442  15.331  -7.249  59.755 0.0000000000
65378  12.899  -8.542  58.165 0.0000000000
57663  7.351  -15.316  66.850 0.0000000000
80863  34.901  5.756  29.892 0.0000000000
73992  36.998  -0.237  31.822 0.0000000000
74908  38.319  -0.073  32.822 0.0000000000
73082  37.130  -1.544  33.282 0.0000000000
73046  36.175  -1.578  35.377 0.0000000000
73009  33.110  -1.573  37.462 0.0000000000
72145  31.278  -2.133  39.239 0.0000000000
73705  37.689  -0.293  47.745 0.0000000000
72869  37.499  -0.108  45.868 0.0000000000
74744  37.930  0.493  43.180 0.0000000000
72096  34.215  -1.886  42.249 0.0000000000
72118  31.389  -2.472  41.585 0.0000000000
79067  35.116  3.738  28.478 0.0000000000
135978  33.918  0.959  25.752 0.0000000000
82533  38.646  8.856  32.087 0.0000000000
82544  38.139  8.861  30.834 0.0000000000
81702  37.886  8.156  31.211 0.0000000000
83360  40.161  9.721  33.433 0.0000000000
69219  19.474  -4.789  50.250 0.0000000000
68371  18.886  -6.581  50.779 0.0000000000
68364  19.150  -5.684  51.125 0.0000000000
71186  23.063  -3.483  51.252 0.0000000000
70182  24.250  -3.546  50.365 0.0000000000
70203  21.748  -4.139  49.764 0.0000000000
69225  20.052  -5.507  49.304 0.0000000000
82581  42.594  9.539  26.842 0.0000000000
83393  43.063  11.024  28.393 0.0000000000
84205  44.551  12.044  28.864 0.0000000000
83413  43.690  10.649  27.876 0.0000000000
83429  43.794  10.028  27.374 0.0000000000
65334  10.787  -9.178  64.134 0.0000000000
65359  11.204  -9.427  62.392 0.0000000000
63980  9.957  -10.718  62.981 0.0000000000
61262  9.924  -12.462  62.368 0.0000000000
61251  9.691  -12.378  63.265 0.0000000000
60091  9.352  -13.545  64.047 0.0000000000
73932  41.035  -0.894  36.707 0.0000000000
73892  39.513  -0.552  39.360 0.0000000000
72965  37.990  -0.664  39.863 0.0000000000
72949  38.575  -0.639  40.698 0.0000000000
73679  41.294  1.332  49.540 0.0000000000
69270  28.128  -4.981  45.264 0.0000000000
69267  30.461  -4.682  45.746 0.0000000000
69286  28.692  -5.173  44.392 0.0000000000
69301  29.329  -5.158  43.587 0.0000000000
74011  36.306  -0.570  31.397 0.0000000000
74035  35.573  0.158  30.301 0.0000000000
89336  49.974  17.476  19.434 0.0000000000
90101  51.294  17.868  19.391 0.0000000000
89354  51.425  17.034  18.464 0.0000000000
88573  51.941  16.341  17.302 0.0000000000
88574  50.976  16.176  17.295 0.0000000000
84222  40.167  11.109  29.394 0.0000000000
83417  39.830  10.026  27.988 0.0000000000
80905  36.964  7.056  27.513 0.0000000000
81744  37.794  7.900  26.986 0.0000000000
80922  36.949  5.885  26.272 0.0000000000
85071  40.590  11.405  32.197 0.0000000000
85091  40.744  12.083  30.973 0.0000000000
85090  41.850  12.632  30.272 0.0000000000
66512  17.177  -8.791  51.604 0.0000000000
65413  15.554  -9.247  53.048 0.0000000000
71136  32.687  -3.429  52.477 0.0000000000
71156  34.074  -3.591  51.351 0.0000000000
70162  30.806  -3.566  51.218 0.0000000000
70222  24.802  -3.786  48.748 0.0000000000
70197  27.607  -3.907  49.411 0.0000000000
70244  26.082  -4.262  47.633 0.0000000000
70263  26.394  -4.559  46.706 0.0000000000
69258  24.317  -4.734  46.267 0.0000000000
69259  22.890  -4.837  46.761 0.0000000000
73047  34.869  -1.857  35.202 0.0000000000
86834  47.706  13.806  25.624 0.0000000000
89315  47.871  16.463  24.893 0.0000000000
87680  47.471  14.743  24.500 0.0000000000
87719  46.452  14.769  20.561 0.0000000000
87728  46.762  14.598  19.634 0.0000000000
88561  47.975  15.731  19.912 0.0000000000
71986  25.184  -2.503  54.035 0.0000000000
71988  23.671  -2.584  54.148 0.0000000000
71942  25.250  -2.370  55.423 0.0000000000
71099  27.382  -2.867  54.055 0.0000000000
71119  26.875  -2.956  53.318 0.0000000000
86815  50.241  13.267  27.310 0.0000000000
84213  48.649  11.901  28.224 0.0000000000
84265  45.456  11.300  26.450 0.0000000000
70133  20.236  -3.501  54.827 0.0000000000
69202  19.367  -5.378  53.975 0.0000000000
69197  19.576  -5.294  54.925 0.0000000000
67396  16.945  -6.719  56.822 0.0000000000
68344  17.756  -6.658  55.632 0.0000000000
66466  15.965  -7.440  55.517 0.0000000000
66474  15.488  -7.962  54.929 0.0000000000
66468  14.454  -7.935  56.173 0.0000000000
67364  15.049  -6.754  61.507 0.0000000000
65375  11.192  -9.737  59.916 0.0000000000
65373  12.812  -8.454  59.159 0.0000000000
65379  12.238  -9.231  58.726 0.0000000000
64070  11.861  -10.130  57.193 0.0000000000
74962  34.273  0.549  30.541 0.0000000000
73958  39.800  -1.130  34.554 0.0000000000
74885  39.261  0.321  33.349 0.0000000000
73974  39.221  -0.679  33.531 0.0000000000
73975  38.113  -1.122  32.969 0.0000000000
73081  38.181  -1.347  33.865 0.0000000000
73062  37.172  -1.661  34.490 0.0000000000
73045  37.338  -1.558  35.628 0.0000000000
73870  35.673  -0.407  39.463 0.0000000000
73916  35.496  -0.543  38.001 0.0000000000
72986  33.593  -0.854  38.792 0.0000000000
72987  32.464  -1.400  38.590 0.0000000000
72956  32.171  -1.449  40.074 0.0000000000
72025  35.562  -2.730  49.575 0.0000000000
73683  37.418  -0.518  48.940 0.0000000000
72844  35.619  -1.774  48.394 0.0000000000
72058  34.369  -2.436  45.564 0.0000000000
72871  35.502  -1.048  46.611 0.0000000000
72883  35.561  -0.902  45.672 0.0000000000
73760  38.340  0.513  44.590 0.0000000000
73798  35.857  -0.163  43.784 0.0000000000
73815  35.448  -0.239  43.063 0.0000000000
72079  34.752  -1.888  43.283 0.0000000000
70350  30.104  -4.544  42.490 0.0000000000
72099  31.115  -2.652  42.793 0.0000000000
79060  34.528  3.920  29.303 0.0000000000
80879  34.941  5.317  29.406 0.0000000000
77966  34.132  2.680  28.001 0.0000000000
74991  35.520  0.541  28.563 0.0000000000
75017  33.927  1.004  27.024 0.0000000000
87757  54.617  13.982  15.694 0.0000000000
84208  39.269  10.522  31.422 0.0000000000
83418  38.748  9.790  28.573 0.0000000000
83383  38.346  9.315  30.752 0.0000000000
81712  37.115  8.200  29.540 0.0000000000
80895  36.268  6.753  28.364 0.0000000000
84169  41.634  11.253  34.547 0.0000000000
84184  40.676  10.796  33.283 0.0000000000
67452  18.732  -7.867  50.360 0.0000000000
66500  18.061  -8.094  51.557 0.0000000000
66492  17.929  -7.856  52.363 0.0000000000
71163  27.605  -3.388  51.476 0.0000000000
70164  28.919  -3.620  50.974 0.0000000000
70181  25.882  -3.577  50.277 0.0000000000
70200  24.526  -3.674  49.601 0.0000000000
70247  23.236  -4.415  48.031 0.0000000000
69246  21.169  -5.370  47.386 0.0000000000
69234  20.638  -5.806  48.413 0.0000000000
68381  20.252  -6.597  48.936 0.0000000000
86859  44.613  13.068  24.059 0.0000000000
71913  26.373  -1.890  56.571 0.0000000000
85961  45.163  12.991  29.337 0.0000000000
85086  46.308  11.888  29.481 0.0000000000
84216  46.559  10.809  28.950 0.0000000000
83389  46.899  11.070  28.399 0.0000000000
83411  45.512  10.867  28.029 0.0000000000
82592  44.147  9.616  26.450 0.0000000000
69183  21.127  -4.761  56.462 0.0000000000
69192  19.864  -5.350  55.598 0.0000000000
68335  19.720  -5.554  57.022 0.0000000000
69178  17.752  -6.043  57.388 0.0000000000
67386  16.782  -6.551  57.877 0.0000000000
67366  13.002  -7.314  61.404 0.0000000000
66433  12.060  -8.234  62.104 0.0000000000
65368  11.256  -9.484  61.578 0.0000000000
64047  10.483  -11.146  60.133 0.0000000000
62573  10.417  -11.914  60.802 0.0000000000
73945  40.557  -0.859  35.483 0.0000000000
73043  39.482  -1.342  36.058 0.0000000000
73027  37.547  -1.326  36.668 0.0000000000
73005  37.717  -0.993  37.661 0.0000000000
72966  37.130  -0.658  39.291 0.0000000000
73848  35.404  -0.421  40.279 0.0000000000
69240  31.297  -4.715  47.687 0.0000000000
70212  34.268  -3.902  47.757 0.0000000000
70259  31.926  -4.426  46.544 0.0000000000
70278  32.698  -4.211  45.574 0.0000000000
71254  32.735  -4.049  44.907 0.0000000000
71280  32.931  -2.965  44.005 0.0000000000
70313  31.151  -4.132  44.198 0.0000000000
69322  29.170  -5.438  42.593 0.0000000000
74993  33.983  0.638  29.516 0.0000000000
75990  32.716  1.148  27.510 0.0000000000
74054  35.208  0.379  29.741 0.0000000000
74053  35.676  0.329  29.626 0.0000000000
89361  53.487  16.885  17.668 0.0000000000
87743  53.012  14.720  16.192 0.0000000000
83415  41.849  10.241  27.335 0.0000000000
81731  41.599  8.650  26.074 0.0000000000
82568  40.558  9.499  26.991 0.0000000000
82570  38.479  9.261  27.830 0.0000000000
81757  38.264  7.321  26.284 0.0000000000
85901  43.194  12.856  34.655 0.0000000000
86743  43.180  13.792  33.383 0.0000000000
87583  43.654  14.558  32.233 0.0000000000
85963  42.879  13.327  30.329 0.0000000000
85108  42.172  12.072  29.127 0.0000000000
73639  39.005  -0.497  51.677 0.0000000000
73657  38.547  -0.270  50.381 0.0000000000
72801  36.500  -1.559  51.226 0.0000000000
71178  34.347  -3.526  50.286 0.0000000000
71200  32.839  -3.701  49.850 0.0000000000
70177  29.244  -3.710  50.169 0.0000000000
70195  29.614  -4.006  49.278 0.0000000000
70216  30.888  -4.656  48.543 0.0000000000
70242  28.392  -4.545  47.226 0.0000000000
70282  26.741  -4.639  45.874 0.0000000000
69272  26.200  -4.875  45.207 0.0000000000
90069  47.848  17.425  23.414 0.0000000000
87705  46.262  14.403  22.756 0.0000000000
88541  47.484  15.724  22.675 0.0000000000
90068  48.138  17.530  22.644 0.0000000000
89338  48.756  16.937  20.782 0.0000000000
88548  48.760  17.009  19.343 0.0000000000
88569  48.771  16.085  18.301 0.0000000000
87736  49.711  15.053  17.002 0.0000000000
71168  22.761  -3.428  52.114 0.0000000000
70154  20.743  -3.521  52.337 0.0000000000
71147  22.359  -3.238  52.985 0.0000000000
71101  22.838  -2.647  54.374 0.0000000000
71081  22.080  -2.753  55.618 0.0000000000
71887  24.941  -2.081  56.594 0.0000000000
71066  21.353  -3.220  56.122 0.0000000000
71869  21.119  -2.348  57.852 0.0000000000
73620  40.594  0.276  52.039 0.0000000000
72001  37.194  -2.547  53.082 0.0000000000
71112  34.251  -3.038  53.569 0.0000000000
71114  32.162  -2.990  53.266 0.0000000000
71096  30.598  -2.917  54.116 0.0000000000
71116  29.867  -3.134  53.281 0.0000000000
71142  27.258  -3.156  52.448 0.0000000000
71166  24.653  -3.325  51.896 0.0000000000
89302  50.095  15.780  27.304 0.0000000000
86825  48.658  13.698  26.408 0.0000000000
86015  46.680  13.108  25.753 0.0000000000
83425  46.566  11.786  27.219 0.0000000000
84272  45.771  12.033  26.284 0.0000000000
86029  44.549  12.186  24.890 0.0000000000
69207  19.530  -4.900  52.843 0.0000000000
67423  18.516  -6.936  53.162 0.0000000000
66478  17.959  -7.827  53.896 0.0000000000
68343  18.324  -6.657  55.287 0.0000000000
67418  17.841  -7.622  54.516 0.0000000000
66487  16.682  -8.180  53.478 0.0000000000
65402  15.424  -8.981  53.870 0.0000000000
65404  13.754  -9.428  54.187 0.0000000000
67370  16.823  -6.654  59.854 0.0000000000
67388  15.473  -7.315  58.502 0.0000000000
66451  14.313  -7.733  59.391 0.0000000000
67400  14.321  -7.689  58.053 0.0000000000
65383  13.099  -8.843  57.190 0.0000000000
57661  8.125  -14.639  65.817 0.0000000000
80860  37.159  7.196  31.434 0.0000000000
75991  32.419  0.908  28.942 0.0000000000
75019  33.273  0.718  29.171 0.0000000000
74934  35.920  -0.116  31.335 0.0000000000
74010  36.940  -0.645  31.682 0.0000000000
74909  37.416  0.014  32.513 0.0000000000
73991  37.551  -0.704  32.267 0.0000000000
73101  36.837  -1.422  32.387 0.0000000000
73063  35.834  -1.697  34.052 0.0000000000
73030  34.109  -1.490  36.400 0.0000000000
73028  36.506  -1.333  36.489 0.0000000000
73029  35.345  -1.373  36.425 0.0000000000
73010  32.153  -1.943  38.008 0.0000000000
72158  31.446  -2.494  38.548 0.0000000000
74743  40.375  0.243  42.288 0.0000000000
73681  39.496  0.736  49.355 0.0000000000
73703  39.458  0.948  48.185 0.0000000000
73719  39.556  1.040  46.926 0.0000000000
72855  35.660  -1.437  47.538 0.0000000000
72853  37.491  -0.498  46.639 0.0000000000
73739  39.648  0.981  45.587 0.0000000000
73758  40.322  0.622  44.338 0.0000000000
72893  39.366  0.480  43.756 0.0000000000
72916  38.985  0.032  41.923 0.0000000000
72934  37.467  -0.020  41.272 0.0000000000
72936  35.465  -0.528  41.554 0.0000000000
72937  34.503  -1.058  41.543 0.0000000000
72081  32.865  -2.650  43.455 0.0000000000
72097  33.185  -2.174  42.392 0.0000000000
72939  33.133  -1.685  41.090 0.0000000000
72134  30.640  -2.815  40.775 0.0000000000
80877  36.031  6.949  29.610 0.0000000000
80878  35.238  6.089  29.130 0.0000000000
80033  35.806  4.808  27.587 0.0000000000
75989  33.307  1.442  27.050 0.0000000000
77973  35.314  2.917  27.499 0.0000000000
76917  35.584  2.333  26.541 0.0000000000
86910  50.891  13.560  15.790 0.0000000000
81688  38.695  8.241  32.481 0.0000000000
82534  38.179  8.454  31.599 0.0000000000
81689  38.145  7.900  32.181 0.0000000000
82520  39.677  8.762  33.378 0.0000000000
69218  20.255  -3.961  50.743 0.0000000000
70184  22.384  -3.686  50.493 0.0000000000
69224  20.666  -4.433  49.855 0.0000000000
81739  42.157  8.697  26.044 0.0000000000
81730  41.818  8.964  26.299 0.0000000000
83414  42.753  10.617  27.721 0.0000000000
83392  43.376  11.007  28.262 0.0000000000
83430  42.990  9.970  27.201 0.0000000000
63963  9.709  -10.041  63.871 0.0000000000
63962  10.414  -9.447  63.451 0.0000000000
62539  9.711  -11.356  63.459 0.0000000000
62530  9.568  -11.194  64.002 0.0000000000
61240  9.605  -12.052  64.109 0.0000000000
73866  40.636  -0.486  39.612 0.0000000000
73890  40.884  -0.632  38.709 0.0000000000
73867  39.884  -0.573  39.870 0.0000000000
73868  39.276  -0.657  39.922 0.0000000000
73845  39.562  -0.749  40.748 0.0000000000
74613  41.835  1.475  50.196 0.0000000000
73655  40.671  0.831  50.338 0.0000000000
69288  26.740  -5.222  44.335 0.0000000000
69287  27.738  -5.264  44.330 0.0000000000
89345  50.288  17.295  18.965 0.0000000000
90102  50.488  17.631  19.375 0.0000000000
89344  51.022  17.352  18.804 0.0000000000
88567  50.613  16.528  18.102 0.0000000000
88566  51.369  16.524  17.912 0.0000000000
83394  40.165  10.483  28.467 0.0000000000
83395  39.185  10.298  29.302 0.0000000000
80906  36.382  5.968  26.971 0.0000000000
79075  36.536  3.853  27.066 0.0000000000
80032  36.233  4.725  26.942 0.0000000000
85092  39.915  11.329  31.482 0.0000000000
85110  40.252  11.613  30.405 0.0000000000
66502  17.010  -8.603  52.174 0.0000000000
65426  16.730  -9.270  51.625 0.0000000000
65420  16.539  -8.983  52.309 0.0000000000
65421  15.958  -9.407  52.323 0.0000000000
65412  16.280  -8.785  52.973 0.0000000000
71137  31.679  -3.284  52.259 0.0000000000
70152  31.219  -3.343  51.748 0.0000000000
71159  30.622  -3.399  51.608 0.0000000000
70246  24.081  -4.112  47.982 0.0000000000
70221  25.834  -3.905  48.656 0.0000000000
70245  25.025  -4.062  47.757 0.0000000000
70265  24.176  -4.471  47.144 0.0000000000
73048  33.817  -2.198  35.744 0.0000000000
86026  46.324  13.416  25.009 0.0000000000
86844  46.746  13.909  24.479 0.0000000000
71966  25.832  -2.433  54.557 0.0000000000
71941  26.158  -2.271  55.499 0.0000000000
71100  26.567  -2.712  54.040 0.0000000000
85958  48.023  12.130  30.086 0.0000000000
85975  49.725  12.060  29.038 0.0000000000
85990  49.825  12.063  28.269 0.0000000000
85104  49.150  11.683  28.536 0.0000000000
70121  20.460  -3.763  55.224 0.0000000000
70134  19.765  -4.095  54.648 0.0000000000
70122  20.251  -4.691  55.262 0.0000000000
67397  16.160  -6.682  57.262 0.0000000000
67407  16.447  -6.998  56.180 0.0000000000
67408  15.682  -7.134  56.461 0.0000000000
66467  15.174  -7.597  55.769 0.0000000000
66461  14.967  -7.410  56.770 0.0000000000
67358  14.284  -6.722  62.360 0.0000000000
64046  10.851  -10.435  59.539 0.0000000000
65380  11.592  -9.895  59.178 0.0000000000
64060  11.103  -10.640  58.674 0.0000000000
64059  11.695  -9.980  58.192 0.0000000000
73060  39.162  -1.492  35.125 0.0000000000
73080  38.987  -1.348  34.311 0.0000000000
73871  34.878  -0.531  39.649 0.0000000000
73896  34.394  -0.592  39.082 0.0000000000
73872  34.098  -0.585  39.782 0.0000000000
72968  32.679  -1.161  39.539 0.0000000000
72967  33.379  -0.868  39.971 0.0000000000
71197  35.146  -3.148  49.031 0.0000000000
72831  35.760  -1.931  49.312 0.0000000000
71216  34.624  -3.408  48.429 0.0000000000
72067  35.117  -1.676  44.740 0.0000000000
72897  36.022  -0.656  44.643 0.0000000000
72908  35.469  -1.078  43.648 0.0000000000
77967  33.513  2.868  28.836 0.0000000000
79068  34.364  3.305  28.665 0.0000000000
84197  39.502  10.197  32.339 0.0000000000
83382  38.657  9.804  30.927 0.0000000000
82543  38.383  9.189  31.200 0.0000000000
81711  37.607  8.463  30.373 0.0000000000
81733  36.733  7.309  28.495 0.0000000000
81713  36.653  7.458  29.064 0.0000000000
84168  42.205  11.198  35.274 0.0000000000
83374  39.652  9.601  32.901 0.0000000000
83373  39.916  10.027  33.014 0.0000000000
84196  39.841  10.255  32.695 0.0000000000
85073  39.766  10.476  32.423 0.0000000000
67437  18.632  -7.122  51.199 0.0000000000
67445  18.454  -7.697  51.027 0.0000000000
67438  18.418  -7.422  51.897 0.0000000000
68366  18.565  -7.007  52.397 0.0000000000
71164  26.599  -3.277  51.643 0.0000000000
71182  26.881  -3.516  50.915 0.0000000000
71183  25.888  -3.470  50.811 0.0000000000
70201  23.563  -3.807  49.643 0.0000000000
70223  23.825  -3.984  48.826 0.0000000000
70224  22.810  -4.189  48.892 0.0000000000
69245  22.255  -4.712  48.128 0.0000000000
69232  22.106  -4.461  48.751 0.0000000000
67450  19.981  -7.269  49.262 0.0000000000
85962  44.048  13.216  29.562 0.0000000000
85088  44.351  12.534  29.129 0.0000000000
84218  44.629  11.547  28.548 0.0000000000
85087  45.360  12.285  29.171 0.0000000000
84204  45.536  11.724  28.938 0.0000000000
84203  46.425  11.246  29.259 0.0000000000
84217  45.617  11.168  28.569 0.0000000000
83391  46.116  10.903  28.550 0.0000000000
82579  43.968  9.604  26.922 0.0000000000
69175  21.106  -4.416  57.135 0.0000000000
67403  20.443  -5.482  56.713 0.0000000000
67385  19.929  -5.248  57.607 0.0000000000
69170  18.447  -5.142  58.196 0.0000000000
68322  17.312  -6.415  58.244 0.0000000000
66428  12.047  -7.843  63.045 0.0000000000
63995  10.724  -10.043  62.036 0.0000000000
64013  10.714  -10.090  61.282 0.0000000000
64031  10.508  -10.952  61.056 0.0000000000
62561  10.332  -11.601  61.809 0.0000000000
61263  9.586  -13.103  62.891 0.0000000000
60116  9.738  -13.487  62.085 0.0000000000
60090  9.282  -12.894  64.589 0.0000000000
58906  8.869  -13.913  64.511 0.0000000000
58892  8.589  -13.910  65.296 0.0000000000
73024  40.284  -0.952  37.402 0.0000000000
73042  40.200  -1.131  36.559 0.0000000000
73026  38.548  -1.264  36.921 0.0000000000
73004  38.677  -0.839  37.954 0.0000000000
73847  36.099  -0.383  40.090 0.0000000000
72952  35.936  -0.354  40.790 0.0000000000
69242  30.030  -5.141  47.303 0.0000000000
69252  31.324  -4.701  47.269 0.0000000000
69253  30.800  -4.799  46.694 0.0000000000
70260  31.197  -4.558  45.907 0.0000000000
70279  31.797  -4.392  45.432 0.0000000000
70298  32.258  -4.210  44.916 0.0000000000
70299  31.575  -4.191  44.635 0.0000000000
70300  30.807  -4.391  44.411 0.0000000000
75018  33.460  0.787  28.489 0.0000000000
88589  51.510  15.548  16.624 0.0000000000
88588  52.450  15.512  16.686 0.0000000000
87744  52.093  14.688  16.168 0.0000000000
86908  52.705  13.843  15.802 0.0000000000
84243  41.615  10.788  27.992 0.0000000000
82567  41.443  9.279  26.635 0.0000000000
83416  40.916  10.114  27.669 0.0000000000
82569  39.541  9.536  27.361 0.0000000000
82584  40.349  8.933  26.527 0.0000000000
82596  39.670  8.202  26.134 0.0000000000
82550  37.781  9.096  29.284 0.0000000000
80921  37.641  6.460  26.225 0.0000000000
80920  38.801  6.957  25.898 0.0000000000
85041  42.516  12.105  34.348 0.0000000000
85900  43.484  12.839  35.436 0.0000000000
85932  42.198  13.073  32.269 0.0000000000
85931  42.730  13.217  32.693 0.0000000000
86755  43.132  14.057  32.668 0.0000000000
87567  43.524  14.545  33.080 0.0000000000
86774  43.055  14.017  31.896 0.0000000000
86787  43.263  14.116  30.962 0.0000000000
84221  41.373  11.456  28.709 0.0000000000
84220  42.499  11.250  28.446 0.0000000000
72013  37.052  -2.319  51.996 0.0000000000
72800  37.699  -1.161  51.514 0.0000000000
72014  36.125  -2.499  51.721 0.0000000000
71155  34.861  -3.230  50.911 0.0000000000
71179  33.460  -3.600  50.590 0.0000000000
70174  31.969  -3.871  50.048 0.0000000000
70179  27.367  -3.640  50.386 0.0000000000
70178  28.305  -3.685  50.204 0.0000000000
70196  28.616  -3.911  49.307 0.0000000000
70194  30.536  -4.156  49.306 0.0000000000
70218  29.024  -4.199  48.347 0.0000000000
70217  30.011  -4.604  48.402 0.0000000000
70284  25.366  -4.694  46.069 0.0000000000
70283  25.822  -4.669  46.005 0.0000000000
68384  20.822  -6.597  47.464 0.0000000000
90055  48.953  16.938  26.660 0.0000000000
90059  47.756  17.366  25.334 0.0000000000
90064  47.712  17.435  24.348 0.0000000000
90891  47.425  18.413  24.870 0.0000000000
87713  45.757  14.199  22.328 0.0000000000
87711  47.015  15.328  21.147 0.0000000000
87704  46.919  15.147  22.214 0.0000000000
88545  47.701  15.879  21.641 0.0000000000
89331  47.903  16.354  22.205 0.0000000000
89330  48.412  16.672  21.587 0.0000000000
90080  48.785  17.555  21.870 0.0000000000
88544  48.307  16.262  20.983 0.0000000000
87727  47.603  15.246  19.219 0.0000000000
88549  48.446  16.450  20.118 0.0000000000
88560  48.307  16.238  19.144 0.0000000000
87731  48.524  15.172  17.986 0.0000000000
70153  21.748  -3.518  52.220 0.0000000000
71146  23.381  -3.173  52.872 0.0000000000
71968  24.040  -2.445  54.721 0.0000000000
71989  23.299  -2.611  54.197 0.0000000000
71970  22.787  -2.612  54.824 0.0000000000
71102  22.304  -2.764  54.698 0.0000000000
71945  22.816  -2.569  55.185 0.0000000000
71914  25.482  -2.229  56.164 0.0000000000
71889  23.287  -2.240  56.712 0.0000000000
71065  21.933  -2.607  56.354 0.0000000000
71057  21.792  -2.463  56.779 0.0000000000
71058  21.202  -2.745  56.875 0.0000000000
73622  38.985  -0.805  52.563 0.0000000000
71113  33.195  -3.053  53.436 0.0000000000
71097  29.465  -2.851  54.263 0.0000000000
71117  28.831  -3.202  53.329 0.0000000000
71141  28.230  -3.336  52.464 0.0000000000
71120  25.854  -2.691  53.482 0.0000000000
71144  25.274  -3.103  52.650 0.0000000000
71167  23.715  -3.359  52.006 0.0000000000
81742  41.099  7.964  26.005 0.0000000000
85132  49.828  11.835  26.700 0.0000000000
85998  49.814  12.778  26.896 0.0000000000
85142  48.063  12.476  26.844 0.0000000000
86008  47.664  12.989  26.408 0.0000000000
85143  47.177  12.494  26.540 0.0000000000
83426  46.026  11.150  27.285 0.0000000000
83409  46.863  11.470  27.880 0.0000000000
84273  44.945  11.185  25.781 0.0000000000
85152  45.370  12.001  25.741 0.0000000000
85162  44.794  11.806  25.248 0.0000000000
70143  20.389  -3.496  53.038 0.0000000000
70155  19.835  -3.836  52.514 0.0000000000
69203  18.839  -6.043  54.215 0.0000000000
68353  19.157  -5.853  53.117 0.0000000000
68354  18.669  -6.414  53.695 0.0000000000
67424  18.297  -7.252  53.632 0.0000000000
68355  18.439  -6.893  54.183 0.0000000000
69194  18.405  -6.254  55.705 0.0000000000
69193  18.908  -5.931  55.476 0.0000000000
67413  16.754  -7.237  55.265 0.0000000000
67412  17.643  -7.148  55.117 0.0000000000
66472  17.092  -7.582  54.559 0.0000000000
66479  17.300  -7.879  53.995 0.0000000000
66480  16.510  -8.003  54.046 0.0000000000
65401  16.104  -8.679  53.686 0.0000000000
65392  15.812  -8.339  54.258 0.0000000000
66475  14.788  -8.319  55.332 0.0000000000
65394  14.335  -8.974  54.888 0.0000000000
65395  13.252  -9.210  55.156 0.0000000000
67371  15.862  -6.665  60.336 0.0000000000
67379  15.847  -7.151  59.260 0.0000000000
66449  15.486  -7.417  59.358 0.0000000000
66438  12.682  -7.805  60.955 0.0000000000
66445  13.002  -7.728  60.281 0.0000000000
66452  13.389  -7.853  59.575 0.0000000000
66458  13.787  -7.884  58.678 0.0000000000
67390  14.480  -7.878  58.521 0.0000000000
66463  13.568  -7.978  57.614 0.0000000000
58876  8.455  -13.885  66.240 0.0000000000
57662  7.804  -14.919  66.128 0.0000000000
79989  34.791  4.924  29.849 0.0000000000
74994  33.330  0.786  29.929 0.0000000000
74935  35.285  0.103  31.107 0.0000000000
74907  38.873  -0.102  32.895 0.0000000000
73976  37.457  -1.252  32.660 0.0000000000
73006  36.813  -0.998  37.398 0.0000000000
73008  34.568  -0.812  37.627 0.0000000000
72988  31.739  -1.862  38.616 0.0000000000
72159  31.018  -2.740  39.063 0.0000000000
71356  30.735  -3.228  39.344 0.0000000000
72813  37.657  -0.676  50.675 0.0000000000
73658  37.617  -0.494  49.959 0.0000000000
72829  37.116  -0.982  48.205 0.0000000000
73704  38.332  0.550  47.943 0.0000000000
73718  40.588  1.173  47.312 0.0000000000
70235  34.322  -3.853  46.863 0.0000000000
72042  34.789  -2.325  47.956 0.0000000000
72050  34.713  -2.242  46.908 0.0000000000
72870  36.453  -0.587  46.309 0.0000000000
72852  38.114  0.223  46.172 0.0000000000
73740  38.645  0.607  46.009 0.0000000000
72868  38.541  0.551  45.496 0.0000000000
72867  39.366  0.782  44.903 0.0000000000
73795  38.203  0.478  43.729 0.0000000000
72894  38.963  0.553  44.181 0.0000000000
72907  38.757  0.455  43.480 0.0000000000
72906  39.597  0.336  42.906 0.0000000000
72917  38.239  0.329  42.340 0.0000000000
72933  38.383  -0.170  41.345 0.0000000000
72918  36.940  0.118  42.108 0.0000000000
72920  35.139  -1.150  42.448 0.0000000000
72919  35.817  -0.173  42.123 0.0000000000
72921  34.757  -1.635  42.125 0.0000000000
72115  33.949  -1.541  41.639 0.0000000000
72070  31.674  -3.380  43.992 0.0000000000
72082  31.923  -2.831  43.685 0.0000000000
72119  30.445  -2.942  41.900 0.0000000000
72098  32.154  -2.374  42.550 0.0000000000
72117  32.531  -2.060  41.258 0.0000000000
72132  32.268  -1.732  40.522 0.0000000000
80861  36.378  6.904  30.852 0.0000000000
80862  35.405  6.382  30.253 0.0000000000
80006  35.112  4.793  28.847 0.0000000000
80022  35.545  4.562  28.122 0.0000000000
80896  35.649  5.528  27.996 0.0000000000
76909  33.234  2.070  27.285 0.0000000000
76942  33.153  2.017  25.642 0.0000000000
76918  34.213  2.051  26.795 0.0000000000
76928  33.787  2.030  25.847 0.0000000000
87756  55.636  14.057  15.638 0.0000000000
87755  56.670  14.112  15.610 0.0000000000
87746  50.248  14.367  16.334 0.0000000000
86911  50.028  13.288  16.070 0.0000000000
82532  39.261  9.172  32.646 0.0000000000
81703  37.269  7.714  30.705 0.0000000000
83361  39.880  9.280  33.340 0.0000000000
68376  19.161  -6.832  50.095 0.0000000000
68370  19.290  -5.998  50.115 0.0000000000
71185  23.995  -3.399  51.159 0.0000000000
71184  24.926  -3.272  51.025 0.0000000000
70183  23.326  -3.615  50.435 0.0000000000
70202  22.654  -3.900  49.719 0.0000000000
69233  21.293  -4.767  48.814 0.0000000000
82580  42.984  9.279  26.661 0.0000000000
84219  43.549  11.615  28.704 0.0000000000
84241  43.926  11.216  28.323 0.0000000000
84240  44.565  11.095  28.187 0.0000000000
83412  44.517  10.678  27.817 0.0000000000
69169  19.288  -4.800  58.226 0.0000000000
70087  19.569  -3.916  59.161 0.0000000000
63979  10.404  -9.877  62.820 0.0000000000
63996  10.319  -10.768  62.342 0.0000000000
62549  10.000  -11.567  62.701 0.0000000000
61252  9.599  -13.023  63.403 0.0000000000
60102  9.676  -12.968  63.864 0.0000000000
73913  40.965  -0.846  37.795 0.0000000000
73914  40.371  -0.669  38.323 0.0000000000
73003  39.684  -0.677  38.214 0.0000000000
72981  38.879  -0.556  39.115 0.0000000000
72964  38.740  -0.677  40.022 0.0000000000
72950  37.873  -0.408  40.704 0.0000000000
69256  28.645  -4.962  45.827 0.0000000000
69254  29.911  -4.916  46.352 0.0000000000
69255  29.215  -5.012  46.035 0.0000000000
69269  28.991  -5.067  45.269 0.0000000000
69285  29.545  -5.004  44.574 0.0000000000
69302  28.389  -5.427  43.328 0.0000000000
74012  35.882  -0.178  30.865 0.0000000000
73123  36.281  -1.732  31.225 0.0000000000
90946  50.259  18.245  20.799 0.0000000000
90090  50.385  17.887  19.928 0.0000000000
89362  52.596  16.683  17.909 0.0000000000
89363  51.924  16.770  18.022 0.0000000000
81732  37.128  7.808  28.348 0.0000000000
85060  41.148  11.764  32.708 0.0000000000
85058  42.441  12.559  33.468 0.0000000000
85070  41.364  12.462  31.728 0.0000000000
85950  41.892  12.985  31.914 0.0000000000
85109  41.066  11.946  29.754 0.0000000000
66511  17.645  -8.661  51.217 0.0000000000
71135  33.687  -3.453  52.464 0.0000000000
71134  34.705  -3.291  52.165 0.0000000000
71158  32.229  -3.500  51.610 0.0000000000
70161  31.699  -3.610  50.902 0.0000000000
70220  26.860  -4.138  48.552 0.0000000000
70243  27.162  -4.427  47.527 0.0000000000
70264  25.230  -4.568  46.595 0.0000000000
69257  24.871  -4.713  46.159 0.0000000000
69274  23.746  -5.089  45.376 0.0000000000
69260  21.634  -5.573  46.131 0.0000000000
73064  35.020  -1.859  34.328 0.0000000000
87670  48.516  14.697  25.903 0.0000000000
89309  48.338  16.421  25.663 0.0000000000
87671  48.043  14.739  25.263 0.0000000000
88531  47.869  15.593  24.588 0.0000000000
88537  47.601  15.638  23.663 0.0000000000
87712  46.195  14.609  21.650 0.0000000000
86884  45.806  14.216  20.863 0.0000000000
87718  47.270  15.287  20.192 0.0000000000
87732  47.845  14.735  18.351 0.0000000000
71121  24.853  -2.800  53.408 0.0000000000
71122  23.963  -2.826  53.505 0.0000000000
71987  24.446  -2.532  54.074 0.0000000000
71967  24.876  -2.422  54.716 0.0000000000
71943  24.399  -2.387  55.413 0.0000000000
71098  28.345  -2.897  54.074 0.0000000000
86809  50.589  13.145  28.009 0.0000000000
85125  49.449  11.992  27.791 0.0000000000
84236  48.574  12.229  27.722 0.0000000000
83438  45.117  10.792  26.564 0.0000000000
71126  19.817  -3.472  54.169 0.0000000000
70144  19.665  -3.923  53.572 0.0000000000
69198  18.986  -5.940  54.676 0.0000000000
68337  17.582  -6.435  56.340 0.0000000000
67406  17.170  -6.824  55.854 0.0000000000
67372  14.875  -7.048  60.533 0.0000000000
65374  11.893  -8.951  59.866 0.0000000000
66453  12.639  -8.202  59.884 0.0000000000
65384  12.350  -9.352  57.687 0.0000000000
74936  34.521  0.566  31.631 0.0000000000
74911  35.262  0.347  32.135 0.0000000000
74910  36.346  0.259  32.090 0.0000000000
73973  39.834  -0.089  33.621 0.0000000000
73989  39.067  -0.245  33.024 0.0000000000
73990  38.537  -0.450  32.896 0.0000000000
73894  36.087  -0.481  38.580 0.0000000000
73915  35.951  -0.615  37.946 0.0000000000
73895  35.060  -0.510  38.690 0.0000000000
72985  34.390  -0.657  38.530 0.0000000000
72969  31.861  -1.527  39.373 0.0000000000
73659  36.816  -0.670  49.871 0.0000000000
72830  36.540  -1.373  48.935 0.0000000000
71240  34.209  -3.376  46.229 0.0000000000
72049  34.886  -1.559  46.736 0.0000000000
72057  34.922  -1.627  46.050 0.0000000000
73761  35.781  -0.435  45.948 0.0000000000
72882  36.482  -0.316  45.564 0.0000000000
72881  37.735  0.299  45.036 0.0000000000
72896  36.897  -0.001  44.768 0.0000000000
73780  36.533  -0.065  44.253 0.0000000000
73797  36.696  0.235  43.646 0.0000000000
73814  36.201  0.315  42.896 0.0000000000
74747  35.630  -0.079  43.401 0.0000000000
72095  34.788  -1.769  42.478 0.0000000000
70329  30.324  -4.491  43.233 0.0000000000
72084  30.612  -3.706  43.230 0.0000000000
71298  30.353  -4.026  42.901 0.0000000000
71312  30.071  -3.868  42.067 0.0000000000
71323  29.975  -3.488  41.109 0.0000000000
71313  29.836  -4.166  41.273 0.0000000000
80007  34.853  4.775  29.349 0.0000000000
79059  34.954  4.157  28.890 0.0000000000
84223  39.296  10.586  30.287 0.0000000000
83396  38.404  9.544  29.953 0.0000000000
82551  37.395  8.464  28.825 0.0000000000
80894  36.779  7.236  28.188 0.0000000000
85028  42.865  12.017  35.283 0.0000000000
84170  40.992  10.730  34.172 0.0000000000
84183  41.341  11.561  33.554 0.0000000000
66510  18.339  -8.446  50.725 0.0000000000
67444  18.801  -7.273  50.489 0.0000000000
66501  17.509  -8.329  51.947 0.0000000000
66493  17.358  -8.062  52.648 0.0000000000
71162  28.591  -3.482  51.685 0.0000000000
71161  29.470  -3.487  51.708 0.0000000000
70166  27.639  -3.518  50.918 0.0000000000
70180  26.378  -3.626  50.276 0.0000000000
71202  25.146  -3.457  50.287 0.0000000000
71201  25.636  -3.530  50.276 0.0000000000
70199  25.607  -3.657  49.714 0.0000000000
86858  45.209  13.365  24.106 0.0000000000
86857  46.090  13.907  23.536 0.0000000000
86874  44.439  13.192  23.372 0.0000000000
71912  27.690  -2.088  56.457 0.0000000000
86785  45.036  13.964  29.685 0.0000000000
86784  46.126  13.530  29.563 0.0000000000
85959  47.031  12.281  29.920 0.0000000000
85085  47.270  11.492  29.776 0.0000000000
85106  47.732  11.246  29.416 0.0000000000
84238  47.420  11.387  28.474 0.0000000000
83390  46.500  10.893  28.513 0.0000000000
83410  46.219  10.968  27.916 0.0000000000
83427  45.206  10.731  27.267 0.0000000000
83428  44.570  10.359  27.378 0.0000000000
82578  44.538  10.076  26.963 0.0000000000
70111  20.511  -5.010  55.611 0.0000000000
69184  20.506  -5.278  56.039 0.0000000000
69185  19.321  -5.607  56.421 0.0000000000
69176  18.772  -5.360  57.374 0.0000000000
69177  18.338  -5.538  57.294 0.0000000000
69187  17.671  -6.185  56.803 0.0000000000
68328  17.318  -6.389  57.256 0.0000000000
68329  15.836  -6.641  57.840 0.0000000000
67359  13.293  -6.975  62.190 0.0000000000
67367  12.426  -7.857  61.557 0.0000000000
66439  12.188  -8.388  61.356 0.0000000000
65367  11.727  -8.909  61.873 0.0000000000
65370  11.775  -8.922  61.015 0.0000000000
65371  11.220  -9.511  60.703 0.0000000000
64030  10.703  -10.243  60.435 0.0000000000
61289  10.288  -12.875  60.438 0.0000000000
61274  10.174  -12.684  61.437 0.0000000000
73946  39.794  -1.263  35.270 0.0000000000
73044  38.403  -1.665  35.904 0.0000000000
72983  36.929  -0.824  38.363 0.0000000000
72982  37.865  -0.717  38.704 0.0000000000
73893  36.662  -0.581  38.922 0.0000000000
73869  36.444  -0.491  39.458 0.0000000000
73849  34.590  -0.551  40.581 0.0000000000
70214  32.516  -4.231  48.293 0.0000000000
70213  33.453  -4.161  48.028 0.0000000000
70237  32.752  -4.241  47.353 0.0000000000
70236  33.696  -4.110  47.120 0.0000000000
70258  33.086  -4.148  46.456 0.0000000000
70257  33.933  -3.997  46.347 0.0000000000
71241  33.780  -3.774  45.867 0.0000000000
71252  33.814  -2.956  45.560 0.0000000000
72059  33.654  -2.662  45.032 0.0000000000
72069  33.319  -2.780  44.244 0.0000000000
71266  32.877  -3.195  44.351 0.0000000000
71267  32.234  -3.651  44.360 0.0000000000
71282  31.128  -3.950  43.904 0.0000000000
69300  30.202  -4.847  43.884 0.0000000000
69321  29.871  -5.022  42.793 0.0000000000
88571  53.610  16.186  17.019 0.0000000000
88572  52.885  16.166  17.237 0.0000000000
88587  53.353  15.515  16.658 0.0000000000
86924  53.357  13.011  15.518 0.0000000000
82586  38.283  8.727  27.211 0.0000000000
81743  38.529  8.412  26.710 0.0000000000
81756  38.932  7.882  26.166 0.0000000000
85913  42.938  12.978  33.772 0.0000000000
86730  43.411  13.692  34.208 0.0000000000
87619  43.936  14.613  30.906 0.0000000000
86786  43.940  14.121  30.184 0.0000000000
85089  43.217  12.376  29.413 0.0000000000
84242  42.198  10.782  27.792 0.0000000000
73638  40.109  0.150  51.362 0.0000000000
73656  39.737  0.352  50.426 0.0000000000
72802  35.617  -1.889  50.975 0.0000000000
72015  35.397  -2.744  51.339 0.0000000000
72803  35.514  -2.364  50.729 0.0000000000
72816  35.616  -2.123  50.176 0.0000000000
71177  35.168  -3.354  49.919 0.0000000000
71199  33.747  -3.658  49.606 0.0000000000
70191  33.148  -3.943  48.939 0.0000000000
70163  29.810  -3.679  51.019 0.0000000000
70176  30.188  -3.792  50.197 0.0000000000
70175  31.099  -3.840  50.164 0.0000000000
70193  31.394  -4.162  49.296 0.0000000000
70192  32.247  -4.046  49.167 0.0000000000
70215  31.681  -4.390  48.518 0.0000000000
70239  31.293  -4.675  48.046 0.0000000000
69231  30.238  -4.977  47.916 0.0000000000
70262  27.382  -4.617  46.549 0.0000000000
70261  28.135  -4.779  46.170 0.0000000000
70281  27.513  -4.738  45.781 0.0000000000
69271  27.171  -4.940  45.122 0.0000000000
69289  25.699  -5.171  44.391 0.0000000000
73083  36.011  -1.697  32.893 0.0000000000
91828  47.987  19.196  23.810 0.0000000000
86856  46.575  14.237  23.672 0.0000000000
87691  46.951  14.769  23.397 0.0000000000
89324  47.805  16.591  22.952 0.0000000000
90911  47.858  18.057  22.977 0.0000000000
90899  48.146  19.021  23.431 0.0000000000
90910  48.592  18.638  22.630 0.0000000000
90929  49.114  18.131  21.931 0.0000000000
90091  49.452  17.728  20.949 0.0000000000
89337  49.229  17.350  19.902 0.0000000000
89346  49.456  17.300  19.194 0.0000000000
88559  49.263  16.868  18.696 0.0000000000
88568  49.641  16.412  18.083 0.0000000000
88575  50.006  16.115  17.288 0.0000000000
87730  49.215  15.647  17.640 0.0000000000
70167  22.082  -3.570  51.347 0.0000000000
70168  20.960  -3.662  51.475 0.0000000000
71148  21.279  -3.326  53.025 0.0000000000
71123  22.988  -2.752  53.876 0.0000000000
71124  21.729  -2.965  53.810 0.0000000000
71103  20.912  -3.146  54.643 0.0000000000
71082  21.270  -3.230  55.396 0.0000000000
71915  24.695  -2.342  56.100 0.0000000000
71916  23.850  -2.304  56.067 0.0000000000
71888  24.160  -2.071  56.774 0.0000000000
71917  22.863  -2.426  56.019 0.0000000000
70099  21.134  -3.816  56.813 0.0000000000
71044  20.710  -3.188  57.786 0.0000000000
71870  20.438  -2.644  58.400 0.0000000000
73636  41.177  1.158  50.933 0.0000000000
72012  37.832  -2.133  52.427 0.0000000000
72002  36.272  -2.775  52.787 0.0000000000
71111  34.946  -3.224  52.990 0.0000000000
71115  30.988  -3.159  53.089 0.0000000000
71095  31.641  -2.763  54.124 0.0000000000
71140  29.185  -3.376  52.491 0.0000000000
71143  26.263  -2.988  52.526 0.0000000000
81740  41.801  8.410  25.901 0.0000000000
90052  49.230  17.254  27.125 0.0000000000
88517  49.550  15.358  26.522 0.0000000000
87663  50.490  14.226  27.113 0.0000000000
87664  50.006  14.423  26.728 0.0000000000
87665  49.231  14.513  26.401 0.0000000000
86027  45.883  13.152  25.233 0.0000000000
83408  47.092  11.981  27.643 0.0000000000
84254  46.876  12.123  27.153 0.0000000000
84264  45.758  11.753  26.566 0.0000000000
84263  46.580  12.194  26.775 0.0000000000
85150  46.323  12.412  26.354 0.0000000000
86016  45.845  12.694  25.856 0.0000000000
86846  45.567  13.181  24.749 0.0000000000
86044  44.231  12.529  24.192 0.0000000000
69213  19.501  -4.420  51.579 0.0000000000
68359  19.287  -5.751  52.214 0.0000000000
68360  18.770  -6.599  52.757 0.0000000000
67431  18.349  -7.313  52.790 0.0000000000
66485  17.878  -7.748  53.156 0.0000000000
66486  17.319  -7.925  53.364 0.0000000000
68342  18.694  -6.411  54.934 0.0000000000
67411  18.201  -7.231  54.842 0.0000000000
67417  18.227  -7.340  54.331 0.0000000000
65393  15.112  -8.632  54.542 0.0000000000
65403  14.637  -9.145  54.004 0.0000000000
68317  17.272  -6.382  59.262 0.0000000000
67378  16.838  -7.074  59.072 0.0000000000
67387  16.092  -6.728  58.346 0.0000000000
68330  15.629  -6.778  58.063 0.0000000000
67365  14.083  -7.110  61.324 0.0000000000
67373  14.232  -7.308  60.515 0.0000000000
66443  14.666  -7.436  59.904 0.0000000000
66457  14.711  -7.986  58.851 0.0000000000
67389  14.930  -7.889  58.392 0.0000000000
67399  14.928  -7.520  57.740 0.0000000000
66462  14.333  -7.782  57.158 0.0000000000
66469  13.791  -8.377  56.679 0.0000000000
65388  13.287  -9.108  56.246 0.0000000000
65389  12.589  -9.581  56.737 0.0000000000
64080  12.624  -9.564  55.777 0.0000000000
57673  8.289  -14.614  65.347 0.0000000000
58864  8.167  -14.470  66.292 0.0000000000
73007  35.856  -0.893  37.381 0.0000000000
73031  33.350  -2.112  36.476 0.0000000000
72175  32.927  -2.390  36.991 0.0000000000
72176  32.396  -2.509  37.484 0.0000000000
72177  31.861  -2.533  38.038 0.0000000000
71375  31.620  -2.893  38.266 0.0000000000
74777  40.375  -0.354  41.273 0.0000000000
73680  40.505  1.097  49.475 0.0000000000
73701  41.287  1.458  48.690 0.0000000000
73682  38.449  0.240  49.134 0.0000000000
73702  40.453  1.272  48.458 0.0000000000
73717  41.340  1.392  47.666 0.0000000000
73738  41.217  1.045  45.920 0.0000000000
72041  35.005  -2.543  48.341 0.0000000000
72845  35.015  -1.873  48.258 0.0000000000
72843  36.496  -1.408  47.922 0.0000000000
72872  34.965  -1.476  47.215 0.0000000000
72854  36.498  -1.123  47.054 0.0000000000
73721  37.706  -0.356  47.151 0.0000000000
73720  38.324  0.418  46.764 0.0000000000
135694  41.790  0.902  45.470 0.0000000000
135697  41.420  0.661  44.639 0.0000000000
72880  38.755  0.609  44.745 0.0000000000
135704  39.838  0.455  43.791 0.0000000000
135706  40.248  0.428  43.492 0.0000000000
135701  40.052  0.313  42.670 0.0000000000
135700  39.895  0.200  42.348 0.0000000000
72931  39.508  -0.404  41.572 0.0000000000
72932  39.110  -0.552  41.391 0.0000000000
72935  36.423  -0.208  41.322 0.0000000000
72953  35.144  -0.398  41.019 0.0000000000
73826  34.239  -0.732  41.025 0.0000000000
72080  33.769  -2.300  43.314 0.0000000000
72116  33.453  -1.809  41.598 0.0000000000
72954  33.404  -1.015  40.572 0.0000000000
72133  31.566  -2.063  40.313 0.0000000000
72146  30.815  -2.716  39.766 0.0000000000
71337  30.124  -3.597  40.048 0.0000000000
81690  37.624  7.620  31.555 0.0000000000
79076  35.979  3.929  27.665 0.0000000000
87735  50.533  15.432  16.654 0.0000000000
87745  51.152  14.612  16.135 0.0000000000
65335  10.095  -9.264  64.096 0.0000000000
65396  12.664  -9.554  54.893 0.0000000000
66450  15.176  -7.732  59.250 0.0000000000
66456  15.167  -7.891  58.761 0.0000000000
67360  12.440  -7.465  62.139 0.0000000000
67376  20.607  -4.996  57.542 0.0000000000
67377  20.059  -5.016  57.291 0.0000000000
67380  15.552  -7.471  59.127 0.0000000000
67383  20.634  -5.136  57.254 0.0000000000
67384  20.211  -5.133  57.556 0.0000000000
67393  20.608  -5.392  56.955 0.0000000000
67394  20.305  -5.404  57.206 0.0000000000
67395  19.969  -5.444  57.375 0.0000000000
67404  20.235  -5.586  56.911 0.0000000000
67405  20.011  -5.640  57.105 0.0000000000
67430  18.541  -6.982  52.878 0.0000000000
68315  20.764  -4.749  57.544 0.0000000000
68316  20.463  -4.850  57.700 0.0000000000
68319  21.012  -4.784  57.264 0.0000000000
68320  20.096  -4.836  57.955 0.0000000000
68321  19.886  -4.993  57.912 0.0000000000
68323  15.878  -6.659  58.112 0.0000000000
68324  15.781  -6.818  58.291 0.0000000000
68326  21.011  -5.049  56.961 0.0000000000
68327  19.371  -5.319  57.609 0.0000000000
68333  20.728  -5.335  56.567 0.0000000000
68334  20.168  -5.549  56.549 0.0000000000
68336  18.065  -6.374  55.815 0.0000000000
68349  18.452  -6.873  54.694 0.0000000000
68361  18.547  -6.996  52.690 0.0000000000
69160  20.708  -4.608  57.751 0.0000000000
69161  20.498  -4.568  57.923 0.0000000000
69167  20.895  -4.175  57.797 0.0000000000
69168  20.146  -4.420  58.274 0.0000000000
69212  20.143  -3.765  51.347 0.0000000000
69230  30.478  -4.857  48.171 0.0000000000
69241  30.805  -4.924  47.720 0.0000000000
69244  28.742  -4.821  46.403 0.0000000000
69268  29.722  -4.907  45.475 0.0000000000
70085  20.955  -3.861  57.596 0.0000000000
70151  31.541  -3.436  51.550 0.0000000000
70165  28.086  -3.524  50.935 0.0000000000
70169  20.156  -3.670  51.823 0.0000000000
70238  31.807  -4.458  47.679 0.0000000000
70240  29.919  -4.906  47.836 0.0000000000
70241  29.466  -4.644  47.641 0.0000000000
70277  33.424  -4.018  45.834 0.0000000000
70280  31.003  -4.415  45.160 0.0000000000
70314  30.744  -4.349  43.830 0.0000000000
71104  20.109  -3.299  54.520 0.0000000000
71138  30.811  -3.209  51.970 0.0000000000
71157  33.126  -3.646  51.577 0.0000000000
71160  30.258  -3.413  51.645 0.0000000000
71181  27.385  -3.520  50.913 0.0000000000
71198  34.550  -3.498  49.312 0.0000000000
71215  35.005  -2.966  48.350 0.0000000000
71230  34.880  -2.786  48.047 0.0000000000
71231  34.773  -3.199  47.527 0.0000000000
71253  33.300  -3.504  45.173 0.0000000000
71268  31.563  -3.966  44.194 0.0000000000
71281  32.597  -3.026  44.026 0.0000000000
71283  30.719  -4.032  43.451 0.0000000000
71969  23.166  -2.565  54.593 0.0000000000
72020  35.434  -2.809  50.436 0.0000000000
72032  35.391  -2.503  48.757 0.0000000000
72033  35.106  -2.153  48.434 0.0000000000
72071  31.544  -3.701  44.031 0.0000000000
72100  30.454  -3.334  42.835 0.0000000000
72791  38.537  -1.461  52.605 0.0000000000
72814  36.940  -0.819  50.647 0.0000000000
72842  37.237  -0.915  47.445 0.0000000000
72856  34.947  -1.690  47.807 0.0000000000
72879  39.473  0.619  44.304 0.0000000000
72895  37.463  0.208  44.632 0.0000000000
72938  33.618  -1.253  41.123 0.0000000000
72948  39.068  -0.804  40.882 0.0000000000
72955  32.875  -1.375  40.516 0.0000000000
72980  39.519  -0.518  38.919 0.0000000000
73002  40.320  -0.783  37.930 0.0000000000
73653  41.851  1.457  49.888 0.0000000000
73654  41.374  1.265  50.293 0.0000000000
73678  41.882  1.516  49.549 0.0000000000
73684  36.680  -0.931  49.510 0.0000000000
73741  36.057  -0.381  46.047 0.0000000000
73742  35.813  -0.596  46.209 0.0000000000
73759  38.677  0.574  44.459 0.0000000000
73762  35.569  -0.676  46.137 0.0000000000
73777  38.506  0.509  44.163 0.0000000000
73778  37.891  0.402  44.329 0.0000000000
73779  37.212  0.183  44.243 0.0000000000
73796  37.654  0.406  43.652 0.0000000000
73811  39.984  0.003  41.943 0.0000000000
73812  38.185  0.482  43.188 0.0000000000
73813  37.453  0.402  43.017 0.0000000000
73824  39.906  -0.416  41.457 0.0000000000
73825  39.521  -0.622  41.362 0.0000000000
73827  34.014  -0.904  41.134 0.0000000000
73846  39.038  -0.775  40.455 0.0000000000
73891  40.052  -0.482  38.986 0.0000000000
74597  41.426  1.557  50.903 0.0000000000
74721  38.094  0.494  43.458 0.0000000000
74722  37.873  0.478  43.415 0.0000000000
74723  35.983  0.214  43.464 0.0000000000
74724  35.752  0.039  43.503 0.0000000000
74745  37.714  0.450  43.289 0.0000000000
74746  35.703  0.125  43.270 0.0000000000
74759  40.376  -0.050  41.655 0.0000000000
74884  40.074  0.232  33.826 0.0000000000
76014  33.279  1.545  25.595 0.0000000000
76919  33.567  2.165  26.612 0.0000000000
76920  33.007  1.748  26.832 0.0000000000
76929  33.016  2.095  25.974 0.0000000000
76930  32.599  1.574  26.383 0.0000000000
76943  32.771  1.685  25.792 0.0000000000
76944  33.030  1.119  26.139 0.0000000000
81729  42.018  9.225  26.494 0.0000000000
82521  39.059  8.351  32.854 0.0000000000
82565  42.325  9.293  26.590 0.0000000000
82582  41.341  8.550  26.146 0.0000000000
83424  46.978  12.093  27.367 0.0000000000
83436  46.166  11.876  26.882 0.0000000000
83437  45.856  11.392  26.892 0.0000000000
84156  42.881  10.947  35.996 0.0000000000
84195  40.170  10.513  32.854 0.0000000000
84202  47.114  10.914  29.399 0.0000000000
84214  48.203  11.465  28.610 0.0000000000
84215  47.460  10.888  28.889 0.0000000000
84237  47.715  12.026  28.186 0.0000000000
84252  48.493  12.244  27.287 0.0000000000
84253  47.503  12.200  27.392 0.0000000000
84261  48.331  12.231  27.046 0.0000000000
84271  46.232  12.047  26.229 0.0000000000
84282  44.325  11.378  25.241 0.0000000000
85072  39.970  10.844  32.370 0.0000000000
85084  48.169  11.600  29.737 0.0000000000
85093  39.631  10.708  32.055 0.0000000000
85107  42.904  11.714  29.047 0.0000000000
85124  50.049  11.746  27.127 0.0000000000
85133  49.325  11.912  27.178 0.0000000000
85140  49.622  12.101  26.584 0.0000000000
85141  49.027  12.210  26.892 0.0000000000
85151  45.850  12.277  26.184 0.0000000000
85949  42.494  13.435  31.576 0.0000000000
85960  46.153  12.615  29.506 0.0000000000
85974  50.218  12.464  28.333 0.0000000000
85976  49.087  11.946  30.015 0.0000000000
85989  50.260  12.288  27.611 0.0000000000
85997  50.145  12.354  26.866 0.0000000000
86005  49.933  12.139  26.526 0.0000000000
86006  49.470  12.626  26.851 0.0000000000
86007  48.501  12.850  26.709 0.0000000000
86017  45.577  12.340  25.745 0.0000000000
86028  45.214  12.585  25.019 0.0000000000
86043  44.793  12.924  24.394 0.0000000000
86783  46.913  13.040  29.678 0.0000000000
86796  49.732  12.921  29.438 0.0000000000
86816  49.889  12.912  27.093 0.0000000000
86823  50.190  13.826  26.943 0.0000000000
86824  49.718  13.487  26.825 0.0000000000
86826  48.106  13.324  26.367 0.0000000000
86833  48.212  14.229  25.819 0.0000000000
86872  45.888  14.022  22.923 0.0000000000
87549  43.596  14.316  33.768 0.0000000000
87603  43.641  14.473  31.407 0.0000000000
87620  43.580  14.406  31.038 0.0000000000
87692  46.494  14.321  23.314 0.0000000000
87706  45.831  14.061  22.695 0.0000000000
88515  50.699  14.659  27.357 0.0000000000
88516  50.319  15.193  27.076 0.0000000000
88524  48.792  15.471  26.042 0.0000000000
88525  48.261  15.556  25.367 0.0000000000
88558  50.107  16.823  18.498 0.0000000000
89298  49.657  16.721  27.340 0.0000000000
89303  49.582  16.204  27.018 0.0000000000
89323  48.205  16.926  22.239 0.0000000000
90053  48.693  17.557  26.746 0.0000000000
90079  49.270  17.961  21.568 0.0000000000
90089  51.032  18.135  19.790 0.0000000000
90092  48.875  17.177  21.291 0.0000000000
90900  47.808  18.475  23.702 0.0000000000
90927  50.761  18.679  21.178 0.0000000000
90959  51.603  18.279  19.754 0.0000000000
91858  50.486  18.969  21.623 0.0000000000
135696  40.090  0.411  43.162 0.0000000000
135699  39.554  -0.055  41.897 0.0000000000
135708  40.378  0.376  42.991 0.0000000000
135976  33.355  1.830  26.178 0.0000000000
