#!ascii label  , from subject la02 vox2ras=TkReg
1677
74927  51.384  0.774  31.710 0.0000000000
60305  36.908  -14.132  45.486 0.0000000000
60204  26.540  -13.141  56.764 0.0000000000
56636  22.358  -16.511  60.847 0.0000000000
57846  37.433  -15.351  55.239 0.0000000000
57967  30.180  -15.169  48.449 0.0000000000
70522  48.596  -4.695  31.360 0.0000000000
135419  59.163  9.139  32.175 0.0000000000
71330  49.125  -3.702  40.245 0.0000000000
65596  38.962  -9.778  37.711 0.0000000000
60355  32.411  -14.411  38.430 0.0000000000
57737  29.596  -14.198  60.875 0.0000000000
56646  24.097  -16.989  60.116 0.0000000000
58882  25.508  -13.312  63.694 0.0000000000
57802  31.426  -15.080  56.961 0.0000000000
73858  52.778  0.071  39.329 0.0000000000
62830  38.248  -11.941  47.939 0.0000000000
134963  40.584  -9.965  45.493 0.0000000000
135003  42.238  -9.109  41.841 0.0000000000
64237  36.678  -10.843  42.010 0.0000000000
64308  34.918  -11.089  38.554 0.0000000000
60323  35.059  -14.844  41.402 0.0000000000
57972  25.543  -15.510  48.744 0.0000000000
58025  26.794  -15.712  44.250 0.0000000000
80831  56.040  6.033  31.830 0.0000000000
80873  56.827  6.096  29.307 0.0000000000
57887  23.311  -15.377  52.837 0.0000000000
55725  23.160  -17.869  55.035 0.0000000000
57938  37.419  -15.192  49.672 0.0000000000
57997  33.985  -15.524  46.572 0.0000000000
57881  33.670  -15.813  52.344 0.0000000000
59081  28.462  -14.548  53.118 0.0000000000
73115  51.295  -1.293  31.843 0.0000000000
63922  21.312  -10.419  67.422 0.0000000000
58931  18.144  -13.806  62.214 0.0000000000
80808  52.976  6.719  35.053 0.0000000000
75931  49.630  0.718  31.360 0.0000000000
73057  49.082  -1.210  34.290 0.0000000000
72204  47.458  -2.380  35.586 0.0000000000
70449  44.088  -4.061  35.183 0.0000000000
69297  47.406  -5.568  43.496 0.0000000000
68477  43.634  -6.308  38.597 0.0000000000
67594  40.852  -7.313  35.184 0.0000000000
66673  36.435  -8.703  34.265 0.0000000000
59214  31.179  -14.638  43.166 0.0000000000
61243  30.061  -12.974  61.062 0.0000000000
57691  27.496  -13.415  62.253 0.0000000000
62524  27.676  -12.108  62.839 0.0000000000
57747  32.728  -15.007  61.082 0.0000000000
61487  37.403  -12.893  46.672 0.0000000000
62874  37.862  -11.077  45.143 0.0000000000
65507  39.535  -10.222  43.718 0.0000000000
62886  36.462  -11.524  43.261 0.0000000000
62897  35.732  -11.732  42.286 0.0000000000
60316  35.958  -14.702  42.989 0.0000000000
56750  22.913  -16.196  49.210 0.0000000000
56783  23.427  -16.660  46.352 0.0000000000
79024  53.578  4.403  31.394 0.0000000000
77932  53.801  3.430  30.456 0.0000000000
76876  51.716  2.224  30.005 0.0000000000
59070  25.499  -13.996  54.852 0.0000000000
56714  22.972  -16.888  54.301 0.0000000000
57842  24.070  -15.682  56.249 0.0000000000
54613  23.051  -17.798  61.077 0.0000000000
53399  22.856  -19.266  58.227 0.0000000000
54652  21.548  -18.526  58.402 0.0000000000
56669  21.011  -16.032  58.147 0.0000000000
60275  39.181  -13.106  51.002 0.0000000000
57896  37.450  -15.028  52.310 0.0000000000
57917  35.446  -15.467  50.520 0.0000000000
57861  35.645  -15.651  53.792 0.0000000000
59025  29.015  -13.928  56.621 0.0000000000
57824  30.331  -14.800  55.440 0.0000000000
60238  27.593  -13.800  54.860 0.0000000000
59098  25.828  -14.402  52.883 0.0000000000
71467  49.750  -3.361  31.152 0.0000000000
71464  52.619  -3.006  31.540 0.0000000000
70519  51.697  -4.428  31.520 0.0000000000
57711  16.699  -14.992  62.955 0.0000000000
73970  49.187  -0.616  32.898 0.0000000000
74861  49.416  0.259  34.442 0.0000000000
72959  51.609  -1.681  39.793 0.0000000000
72168  50.111  -1.896  37.595 0.0000000000
72170  48.355  -2.828  37.688 0.0000000000
72206  45.997  -3.144  35.352 0.0000000000
71367  46.659  -3.689  37.708 0.0000000000
66603  40.716  -8.818  39.563 0.0000000000
135004  42.586  -7.401  40.631 0.0000000000
67538  41.387  -7.342  38.491 0.0000000000
68489  41.871  -6.958  36.744 0.0000000000
67554  39.586  -8.078  36.889 0.0000000000
67597  38.785  -7.926  34.020 0.0000000000
66644  37.879  -9.282  35.994 0.0000000000
64337  33.733  -10.953  36.526 0.0000000000
59151  32.056  -15.030  47.933 0.0000000000
59188  32.806  -15.078  45.264 0.0000000000
59177  30.177  -14.934  46.594 0.0000000000
58032  27.401  -15.463  42.593 0.0000000000
85137  58.433  11.879  26.694 0.0000000000
135598  57.930  10.264  29.978 0.0000000000
60159  28.235  -13.304  59.237 0.0000000000
59011  24.750  -14.544  59.179 0.0000000000
58965  25.707  -13.852  61.046 0.0000000000
56614  23.836  -15.806  62.820 0.0000000000
56592  22.726  -16.583  64.774 0.0000000000
57776  35.218  -15.092  57.588 0.0000000000
56691  34.404  -16.025  56.200 0.0000000000
57762  33.052  -14.857  58.476 0.0000000000
58986  30.152  -14.243  59.376 0.0000000000
75825  51.502  1.299  36.554 0.0000000000
72076  52.459  -2.533  43.510 0.0000000000
65515  41.795  -10.058  43.434 0.0000000000
64268  39.917  -10.083  41.119 0.0000000000
64288  38.774  -10.382  39.770 0.0000000000
64306  36.892  -10.173  38.181 0.0000000000
64272  35.693  -10.882  40.164 0.0000000000
62920  34.183  -12.262  40.339 0.0000000000
60336  33.401  -14.405  40.392 0.0000000000
57947  27.879  -15.609  49.077 0.0000000000
57985  28.623  -15.360  47.167 0.0000000000
58003  25.876  -15.978  46.893 0.0000000000
80828  59.024  6.173  32.930 0.0000000000
80852  59.969  6.242  30.945 0.0000000000
77902  57.359  3.797  31.690 0.0000000000
56682  23.564  -17.607  56.997 0.0000000000
60293  38.458  -13.760  48.541 0.0000000000
59170  37.384  -15.064  46.683 0.0000000000
58009  36.026  -15.620  45.341 0.0000000000
57961  36.006  -15.503  48.319 0.0000000000
57941  34.064  -15.346  49.376 0.0000000000
57921  31.172  -15.578  49.965 0.0000000000
57851  32.959  -15.613  54.354 0.0000000000
57866  30.854  -15.395  52.658 0.0000000000
57904  29.538  -15.533  50.715 0.0000000000
59126  26.902  -15.252  50.613 0.0000000000
57928  24.530  -15.055  51.078 0.0000000000
73983  51.462  -0.460  32.393 0.0000000000
75910  52.248  1.149  31.791 0.0000000000
73982  52.277  -0.839  32.733 0.0000000000
61186  23.226  -12.974  66.535 0.0000000000
60084  22.087  -13.515  63.951 0.0000000000
62526  19.770  -11.968  64.905 0.0000000000
58946  20.865  -14.041  60.875 0.0000000000
135676  55.622  10.981  32.607 0.0000000000
82516  53.157  8.700  31.810 0.0000000000
79965  51.846  5.343  31.611 0.0000000000
74928  50.588  0.526  31.615 0.0000000000
73984  50.343  -0.620  31.972 0.0000000000
73097  49.515  -1.194  32.112 0.0000000000
72262  48.291  -2.461  32.335 0.0000000000
73037  50.048  -1.104  36.222 0.0000000000
72202  48.590  -1.549  34.603 0.0000000000
71426  47.221  -2.830  32.810 0.0000000000
71444  46.354  -3.730  32.728 0.0000000000
70483  44.703  -4.187  33.488 0.0000000000
70339  49.425  -4.615  42.203 0.0000000000
68421  45.060  -6.533  42.086 0.0000000000
69335  46.433  -5.730  41.273 0.0000000000
69372  46.564  -5.129  39.517 0.0000000000
69405  44.060  -5.020  37.729 0.0000000000
69441  42.649  -5.715  35.648 0.0000000000
65614  36.166  -9.543  36.389 0.0000000000
58031  35.119  -16.183  43.885 0.0000000000
59221  33.154  -15.317  42.027 0.0000000000
59229  31.699  -14.958  41.240 0.0000000000
59204  28.329  -14.909  43.907 0.0000000000
59231  29.246  -14.481  41.725 0.0000000000
61231  28.809  -12.695  62.211 0.0000000000
63966  28.368  -11.591  62.202 0.0000000000
61488  36.926  -13.220  45.966 0.0000000000
61498  37.024  -12.234  46.039 0.0000000000
61499  36.604  -12.839  45.152 0.0000000000
62875  36.894  -11.394  44.527 0.0000000000
61506  35.931  -13.789  43.342 0.0000000000
60309  36.449  -14.171  44.379 0.0000000000
77907  51.891  3.634  30.878 0.0000000000
75948  51.643  1.665  30.358 0.0000000000
60240  25.778  -13.696  55.494 0.0000000000
57855  24.093  -15.304  55.396 0.0000000000
59041  25.132  -14.303  56.682 0.0000000000
55664  22.466  -17.291  60.735 0.0000000000
54637  21.807  -18.625  59.810 0.0000000000
54638  21.608  -18.078  59.666 0.0000000000
55698  21.333  -17.141  58.552 0.0000000000
56657  21.448  -16.145  59.113 0.0000000000
59036  38.527  -14.393  56.349 0.0000000000
59064  39.611  -13.979  54.576 0.0000000000
59090  38.925  -14.291  52.695 0.0000000000
59077  37.954  -15.102  53.558 0.0000000000
57878  36.646  -15.288  52.937 0.0000000000
57847  36.630  -15.616  54.960 0.0000000000
60190  27.462  -13.073  57.424 0.0000000000
60202  28.421  -13.467  55.922 0.0000000000
60220  26.554  -13.422  55.605 0.0000000000
59069  26.488  -13.850  54.679 0.0000000000
70520  50.520  -4.364  31.177 0.0000000000
70521  49.471  -4.457  31.174 0.0000000000
75887  48.860  0.950  33.526 0.0000000000
75865  49.148  1.008  34.232 0.0000000000
72128  50.417  -2.861  40.271 0.0000000000
72153  49.510  -2.633  38.418 0.0000000000
72154  48.738  -3.051  38.776 0.0000000000
71366  47.442  -3.399  37.986 0.0000000000
71348  47.500  -3.637  38.855 0.0000000000
65577  40.190  -9.677  39.195 0.0000000000
66620  40.112  -8.990  38.485 0.0000000000
67553  40.472  -7.788  37.315 0.0000000000
66635  39.798  -8.568  37.635 0.0000000000
67555  39.076  -8.393  36.415 0.0000000000
66637  38.267  -9.297  36.683 0.0000000000
59138  31.180  -15.290  48.498 0.0000000000
59164  31.684  -14.692  47.229 0.0000000000
59166  30.009  -14.928  47.526 0.0000000000
85101  58.299  11.119  30.392 0.0000000000
135615  58.680  9.732  31.195 0.0000000000
58963  28.851  -13.993  60.239 0.0000000000
60142  27.012  -12.979  60.376 0.0000000000
58941  27.438  -13.318  61.023 0.0000000000
57678  26.330  -13.583  63.148 0.0000000000
56612  25.288  -14.403  62.635 0.0000000000
56589  24.452  -14.539  63.701 0.0000000000
56602  23.535  -15.946  63.615 0.0000000000
56575  24.000  -15.126  63.986 0.0000000000
59004  34.339  -14.369  58.103 0.0000000000
59005  33.710  -14.924  58.114 0.0000000000
58982  33.374  -14.382  58.627 0.0000000000
57735  31.243  -15.092  61.474 0.0000000000
57763  31.362  -15.072  60.371 0.0000000000
58962  30.364  -14.636  60.284 0.0000000000
58987  29.169  -13.831  58.807 0.0000000000
64210  39.943  -10.038  46.081 0.0000000000
134991  41.367  -9.619  46.298 0.0000000000
65471  41.857  -9.613  45.341 0.0000000000
135030  42.953  -9.451  44.157 0.0000000000
65506  41.292  -10.072  44.244 0.0000000000
64236  37.461  -10.461  42.630 0.0000000000
64235  39.394  -10.248  43.123 0.0000000000
134956  39.064  -10.220  41.772 0.0000000000
64269  38.839  -10.345  40.718 0.0000000000
64250  37.669  -10.470  41.363 0.0000000000
64271  36.917  -10.540  40.221 0.0000000000
64251  36.161  -10.834  41.222 0.0000000000
61517  34.821  -13.245  41.812 0.0000000000
61524  34.474  -12.594  41.294 0.0000000000
61525  33.911  -13.036  41.113 0.0000000000
61534  33.558  -13.386  40.200 0.0000000000
61519  33.931  -14.576  41.124 0.0000000000
57971  26.406  -15.668  48.485 0.0000000000
57987  26.630  -15.749  47.541 0.0000000000
57988  25.768  -15.638  47.786 0.0000000000
80830  56.923  6.004  32.173 0.0000000000
78980  58.777  4.780  33.274 0.0000000000
79002  56.817  4.604  32.418 0.0000000000
77952  54.622  3.590  29.929 0.0000000000
57908  22.592  -16.058  51.147 0.0000000000
57888  22.634  -16.033  52.302 0.0000000000
57765  24.308  -16.395  59.521 0.0000000000
57804  24.331  -16.393  58.025 0.0000000000
56667  24.066  -17.112  58.441 0.0000000000
53408  22.354  -19.591  57.646 0.0000000000
53407  22.923  -19.357  57.272 0.0000000000
57937  38.198  -14.790  49.872 0.0000000000
60288  38.506  -13.580  49.327 0.0000000000
59148  38.398  -14.615  48.810 0.0000000000
59161  37.932  -14.908  47.715 0.0000000000
59149  38.060  -15.221  48.405 0.0000000000
57979  36.528  -15.616  47.227 0.0000000000
57960  37.266  -15.392  48.336 0.0000000000
57899  34.540  -15.787  51.471 0.0000000000
57918  34.334  -15.508  50.435 0.0000000000
57919  33.230  -15.570  50.308 0.0000000000
57920  32.180  -15.632  50.135 0.0000000000
57901  32.411  -15.857  51.132 0.0000000000
57821  32.861  -15.920  56.770 0.0000000000
57838  33.176  -15.882  55.634 0.0000000000
57822  32.221  -15.436  56.327 0.0000000000
59066  29.328  -14.677  53.762 0.0000000000
57853  30.994  -15.251  53.681 0.0000000000
59080  29.263  -15.009  52.763 0.0000000000
57885  29.895  -15.405  51.458 0.0000000000
59094  29.298  -15.189  51.852 0.0000000000
59125  27.974  -15.287  50.561 0.0000000000
59111  27.779  -14.935  51.383 0.0000000000
57906  24.178  -14.826  52.354 0.0000000000
59114  25.070  -14.317  52.042 0.0000000000
57907  23.427  -15.454  51.705 0.0000000000
73095  51.912  -1.333  32.291 0.0000000000
72258  53.076  -2.102  32.144 0.0000000000
62488  22.779  -11.823  67.187 0.0000000000
60050  23.157  -13.548  66.220 0.0000000000
61201  21.859  -12.319  66.533 0.0000000000
60086  17.930  -12.713  64.709 0.0000000000
61259  19.244  -12.503  63.118 0.0000000000
61258  20.191  -12.505  62.988 0.0000000000
60127  19.333  -13.422  61.705 0.0000000000
58990  19.847  -14.687  59.203 0.0000000000
58971  18.096  -14.699  60.227 0.0000000000
135666  56.410  11.949  33.361 0.0000000000
83345  52.647  9.157  33.769 0.0000000000
82505  52.639  8.091  33.743 0.0000000000
80842  52.150  6.221  31.402 0.0000000000
81675  51.614  6.595  32.756 0.0000000000
77935  50.425  2.770  30.133 0.0000000000
75949  50.477  1.355  30.358 0.0000000000
74903  49.819  0.129  32.096 0.0000000000
73953  49.341  -0.578  33.811 0.0000000000
73077  48.816  -1.145  33.113 0.0000000000
72261  48.749  -1.743  32.342 0.0000000000
72239  48.378  -1.746  32.891 0.0000000000
74816  52.429  0.894  37.614 0.0000000000
73925  51.627  -0.087  36.579 0.0000000000
73907  51.735  -0.384  37.386 0.0000000000
72187  48.500  -2.255  36.428 0.0000000000
73020  49.056  -1.890  36.232 0.0000000000
72203  48.248  -1.856  35.264 0.0000000000
72219  48.008  -1.851  34.080 0.0000000000
72220  47.382  -2.117  34.487 0.0000000000
71427  46.795  -2.978  33.097 0.0000000000
72242  46.660  -2.541  33.915 0.0000000000
71399  44.807  -3.539  35.638 0.0000000000
71412  44.803  -3.555  34.614 0.0000000000
70465  44.224  -4.033  34.219 0.0000000000
70466  43.445  -4.470  34.590 0.0000000000
69312  48.089  -5.231  42.354 0.0000000000
135043  44.098  -8.281  43.373 0.0000000000
68411  44.433  -7.074  42.666 0.0000000000
135040  42.888  -8.039  42.057 0.0000000000
68458  43.608  -6.438  39.570 0.0000000000
68438  44.400  -6.391  40.786 0.0000000000
69374  45.019  -6.014  39.561 0.0000000000
69353  46.803  -5.327  40.174 0.0000000000
69373  45.873  -5.377  39.261 0.0000000000
69389  45.450  -5.114  38.645 0.0000000000
69391  43.834  -6.085  37.970 0.0000000000
68497  41.680  -7.037  35.996 0.0000000000
68496  42.369  -6.438  36.321 0.0000000000
68505  41.968  -6.496  35.236 0.0000000000
68522  41.984  -6.247  34.161 0.0000000000
68523  41.226  -6.991  34.484 0.0000000000
67615  40.228  -7.473  33.852 0.0000000000
66671  38.101  -8.295  34.588 0.0000000000
67617  38.836  -7.875  33.274 0.0000000000
64307  35.729  -10.607  38.338 0.0000000000
65599  36.502  -9.819  37.039 0.0000000000
65600  35.785  -10.050  36.908 0.0000000000
64353  33.579  -10.204  35.260 0.0000000000
59186  35.552  -15.480  45.786 0.0000000000
58021  35.531  -15.761  44.439 0.0000000000
58022  34.715  -15.648  44.627 0.0000000000
59201  31.524  -14.525  44.234 0.0000000000
59212  33.540  -15.421  43.089 0.0000000000
59213  32.319  -15.051  43.152 0.0000000000
59228  32.605  -15.156  41.313 0.0000000000
59223  30.827  -14.573  42.095 0.0000000000
58014  26.904  -15.693  45.359 0.0000000000
59179  29.021  -15.254  45.644 0.0000000000
58013  27.716  -15.414  44.663 0.0000000000
59226  28.047  -15.124  41.989 0.0000000000
60338  30.203  -14.351  40.661 0.0000000000
80000  57.917  5.916  29.770 0.0000000000
81707  58.058  7.434  29.758 0.0000000000
75909  52.847  1.174  31.991 0.0000000000
58924  29.427  -13.969  60.999 0.0000000000
57721  28.406  -13.802  61.721 0.0000000000
58910  28.696  -13.533  62.052 0.0000000000
60080  27.828  -12.797  62.626 0.0000000000
61214  26.459  -12.336  63.424 0.0000000000
60106  31.270  -13.495  60.864 0.0000000000
62831  37.955  -11.945  47.222 0.0000000000
64171  38.398  -10.871  47.563 0.0000000000
64172  38.164  -11.157  46.938 0.0000000000
64186  38.310  -10.947  46.349 0.0000000000
64211  39.441  -10.224  45.490 0.0000000000
64225  39.245  -10.219  44.239 0.0000000000
64213  38.076  -10.651  44.536 0.0000000000
64226  37.787  -10.456  43.747 0.0000000000
62896  36.577  -11.119  42.539 0.0000000000
62887  35.861  -12.211  42.956 0.0000000000
61512  35.609  -13.212  42.878 0.0000000000
60322  35.496  -14.384  42.132 0.0000000000
56761  23.920  -15.862  48.713 0.0000000000
56771  24.103  -16.041  48.148 0.0000000000
56772  23.440  -16.440  47.520 0.0000000000
79963  54.191  5.253  31.659 0.0000000000
79004  55.210  4.520  32.001 0.0000000000
77906  53.078  3.691  30.921 0.0000000000
77933  52.471  2.988  30.206 0.0000000000
57886  24.059  -14.903  53.478 0.0000000000
57870  22.744  -15.979  53.223 0.0000000000
57868  24.080  -15.122  54.492 0.0000000000
57856  23.536  -15.922  54.909 0.0000000000
56707  23.453  -16.823  55.595 0.0000000000
54624  23.442  -17.824  60.503 0.0000000000
54642  23.591  -18.133  59.457 0.0000000000
54636  22.751  -18.921  60.027 0.0000000000
53401  22.020  -19.054  59.259 0.0000000000
54661  20.419  -17.857  56.075 0.0000000000
59107  39.099  -13.918  51.622 0.0000000000
57915  37.719  -14.978  50.971 0.0000000000
57916  36.549  -15.244  50.670 0.0000000000
57897  36.616  -15.209  51.880 0.0000000000
57898  35.594  -15.555  51.642 0.0000000000
57880  34.709  -15.927  52.543 0.0000000000
57782  30.138  -14.706  57.385 0.0000000000
57823  31.247  -15.128  55.915 0.0000000000
59039  29.561  -14.297  56.018 0.0000000000
59054  28.847  -13.965  55.345 0.0000000000
59067  28.377  -14.174  54.310 0.0000000000
59097  26.733  -14.445  52.639 0.0000000000
59083  26.601  -14.182  53.643 0.0000000000
59084  25.674  -14.098  53.867 0.0000000000
72289  50.173  -2.355  31.302 0.0000000000
72288  51.227  -2.220  31.436 0.0000000000
71466  50.880  -3.302  31.113 0.0000000000
71465  51.871  -3.203  31.364 0.0000000000
58902  16.728  -13.835  64.845 0.0000000000
58932  17.493  -14.275  62.408 0.0000000000
58972  17.544  -15.124  60.755 0.0000000000
57741  17.209  -15.561  61.198 0.0000000000
74881  49.191  0.152  33.244 0.0000000000
73940  49.367  -0.464  34.909 0.0000000000
73859  52.033  -0.692  39.702 0.0000000000
72996  51.338  -1.065  38.253 0.0000000000
72976  51.017  -1.807  38.498 0.0000000000
72169  49.513  -2.263  37.302 0.0000000000
72188  47.411  -2.994  36.661 0.0000000000
72205  46.581  -3.006  35.718 0.0000000000
72189  46.734  -3.216  36.399 0.0000000000
71383  46.581  -3.461  36.925 0.0000000000
71369  45.384  -3.845  37.102 0.0000000000
66602  41.599  -8.710  40.871 0.0000000000
135016  43.540  -7.236  41.456 0.0000000000
135002  42.363  -7.039  39.646 0.0000000000
67537  42.151  -7.009  38.872 0.0000000000
68487  43.320  -6.354  37.858 0.0000000000
67552  41.483  -7.238  37.506 0.0000000000
67560  41.160  -7.377  36.618 0.0000000000
67574  40.280  -7.577  35.560 0.0000000000
67596  39.543  -7.716  34.374 0.0000000000
67563  38.931  -8.201  35.738 0.0000000000
66653  38.309  -8.601  35.448 0.0000000000
66654  37.586  -8.797  35.227 0.0000000000
62948  34.291  -11.449  38.085 0.0000000000
64321  34.781  -10.534  37.373 0.0000000000
62967  33.537  -11.775  37.378 0.0000000000
62986  32.836  -11.944  36.530 0.0000000000
63003  32.212  -11.942  35.325 0.0000000000
57982  33.335  -15.270  47.441 0.0000000000
58012  33.625  -15.396  45.934 0.0000000000
59175  32.256  -14.674  46.244 0.0000000000
59189  31.887  -14.517  45.307 0.0000000000
59190  30.598  -14.661  45.405 0.0000000000
58033  26.655  -15.675  43.203 0.0000000000
58038  25.830  -16.017  42.768 0.0000000000
85994  58.525  12.539  28.313 0.0000000000
84232  57.744  10.873  28.627 0.0000000000
135580  57.214  10.228  27.935 0.0000000000
60178  27.381  -13.081  58.491 0.0000000000
60192  25.760  -13.563  58.152 0.0000000000
60180  25.519  -13.784  58.928 0.0000000000
58988  24.759  -14.464  60.074 0.0000000000
58967  24.518  -15.093  60.571 0.0000000000
58927  26.672  -13.464  61.822 0.0000000000
57724  24.867  -14.588  62.087 0.0000000000
56634  24.193  -16.632  60.990 0.0000000000
55652  23.354  -17.175  61.748 0.0000000000
55645  22.866  -16.872  62.881 0.0000000000
56616  22.530  -16.390  62.833 0.0000000000
57818  36.802  -15.713  56.744 0.0000000000
57835  35.881  -15.994  55.673 0.0000000000
57798  34.856  -15.754  57.211 0.0000000000
56665  33.570  -15.844  57.831 0.0000000000
57780  31.708  -14.786  57.883 0.0000000000
60158  31.756  -13.811  59.711 0.0000000000
59007  31.725  -14.538  58.987 0.0000000000
57781  30.702  -14.749  57.596 0.0000000000
59009  29.902  -14.548  58.094 0.0000000000
60177  28.339  -13.335  58.112 0.0000000000
70523  47.911  -4.934  31.550 0.0000000000
69511  49.260  -5.475  31.199 0.0000000000
69512  48.399  -5.594  31.339 0.0000000000
76836  49.995  1.606  35.589 0.0000000000
74768  54.131  0.488  40.548 0.0000000000
72924  52.813  -0.500  41.974 0.0000000000
72926  52.095  -1.922  41.644 0.0000000000
72109  50.335  -3.332  41.423 0.0000000000
135035  43.531  -9.184  43.990 0.0000000000
135015  42.815  -9.150  42.790 0.0000000000
134958  40.521  -10.201  43.561 0.0000000000
64249  40.264  -10.109  42.199 0.0000000000
65538  41.068  -9.802  41.681 0.0000000000
65556  40.673  -9.894  40.291 0.0000000000
65557  39.619  -10.176  39.455 0.0000000000
65558  38.803  -10.283  38.992 0.0000000000
65579  38.375  -10.143  38.238 0.0000000000
64289  37.734  -10.450  39.128 0.0000000000
64290  36.357  -10.524  39.220 0.0000000000
64291  35.301  -10.953  39.238 0.0000000000
62919  34.860  -11.423  39.902 0.0000000000
62933  34.864  -11.314  39.351 0.0000000000
62935  33.727  -12.563  39.613 0.0000000000
61540  33.144  -13.379  39.043 0.0000000000
60346  32.706  -14.496  39.197 0.0000000000
57946  28.831  -15.586  49.030 0.0000000000
57968  29.362  -15.196  48.092 0.0000000000
57969  28.255  -15.511  48.169 0.0000000000
58002  26.823  -15.657  46.494 0.0000000000
58015  26.113  -16.198  45.889 0.0000000000
56781  25.228  -16.164  46.892 0.0000000000
56803  25.336  -16.433  45.337 0.0000000000
135631  59.382  8.017  32.543 0.0000000000
82523  60.611  7.488  31.719 0.0000000000
78977  61.242  4.841  34.050 0.0000000000
79047  59.692  4.825  31.334 0.0000000000
79054  57.184  4.687  30.035 0.0000000000
77903  56.286  3.856  31.731 0.0000000000
77950  56.385  3.856  30.407 0.0000000000
59042  24.554  -15.138  56.961 0.0000000000
56694  23.800  -16.506  56.491 0.0000000000
55717  23.404  -17.926  55.858 0.0000000000
54651  23.249  -18.774  57.833 0.0000000000
54659  23.273  -18.772  56.936 0.0000000000
61477  38.300  -12.918  48.266 0.0000000000
61478  37.971  -12.997  47.464 0.0000000000
60299  37.579  -14.152  46.893 0.0000000000
59184  37.255  -15.066  45.792 0.0000000000
59196  36.800  -14.945  44.730 0.0000000000
57994  36.797  -15.532  46.191 0.0000000000
57995  35.965  -15.669  46.285 0.0000000000
57980  35.508  -15.585  47.299 0.0000000000
57939  36.372  -15.384  49.459 0.0000000000
57962  34.833  -15.483  48.348 0.0000000000
57963  33.714  -15.356  48.367 0.0000000000
57964  32.682  -15.153  48.348 0.0000000000
57943  31.913  -15.369  49.101 0.0000000000
57836  34.952  -15.829  55.535 0.0000000000
57850  34.014  -15.637  54.505 0.0000000000
57864  32.808  -15.475  53.217 0.0000000000
57840  31.135  -15.137  54.770 0.0000000000
57852  31.921  -15.576  54.048 0.0000000000
57882  32.633  -15.652  52.148 0.0000000000
57884  30.704  -15.538  51.700 0.0000000000
57903  30.481  -15.572  50.794 0.0000000000
57923  29.274  -15.685  49.848 0.0000000000
57924  28.399  -15.618  49.923 0.0000000000
57925  27.490  -15.505  49.866 0.0000000000
59139  26.302  -15.329  50.041 0.0000000000
59113  25.970  -14.601  51.919 0.0000000000
57927  25.321  -14.946  50.826 0.0000000000
57951  24.140  -15.508  49.864 0.0000000000
57952  23.253  -15.902  49.550 0.0000000000
74926  51.863  0.993  31.831 0.0000000000
74901  51.965  0.603  32.412 0.0000000000
72259  52.348  -1.925  32.014 0.0000000000
73093  53.198  -1.400  32.658 0.0000000000
69510  50.226  -5.354  31.201 0.0000000000
63967  27.330  -11.216  62.528 0.0000000000
63956  26.792  -11.414  63.076 0.0000000000
62513  25.287  -11.988  64.160 0.0000000000
63933  24.504  -11.707  64.888 0.0000000000
60048  24.351  -13.246  64.763 0.0000000000
57668  23.351  -15.039  64.783 0.0000000000
58887  22.385  -15.355  64.468 0.0000000000
58915  22.269  -14.800  62.886 0.0000000000
62500  20.591  -11.268  66.303 0.0000000000
61235  20.810  -12.466  64.548 0.0000000000
60097  21.188  -13.183  63.144 0.0000000000
58945  21.898  -14.497  61.006 0.0000000000
57767  20.762  -15.189  59.028 0.0000000000
135647  58.121  10.511  32.654 0.0000000000
135653  57.717  10.310  32.618 0.0000000000
83354  56.871  9.384  32.231 0.0000000000
82526  56.062  8.070  31.595 0.0000000000
135673  53.757  11.077  33.473 0.0000000000
84190  54.288  9.830  31.950 0.0000000000
82539  54.556  7.963  30.779 0.0000000000
80841  53.348  6.435  31.179 0.0000000000
79025  52.389  4.494  31.294 0.0000000000
77934  51.402  2.858  30.254 0.0000000000
79026  51.064  4.662  31.616 0.0000000000
76877  50.968  2.046  30.007 0.0000000000
75930  50.991  0.966  31.049 0.0000000000
74902  50.949  0.159  31.976 0.0000000000
74005  50.540  -0.932  31.824 0.0000000000
73985  49.605  -0.417  32.465 0.0000000000
73096  50.082  -1.041  31.901 0.0000000000
73117  49.788  -1.795  31.636 0.0000000000
72290  49.119  -2.368  31.671 0.0000000000
71442  48.225  -3.021  31.959 0.0000000000
74848  49.959  0.308  35.228 0.0000000000
73939  50.092  -0.529  35.641 0.0000000000
73018  50.360  -1.235  36.888 0.0000000000
73038  49.176  -1.342  35.557 0.0000000000
72240  48.017  -2.045  33.136 0.0000000000
72263  47.814  -2.555  32.729 0.0000000000
71443  47.481  -3.261  32.226 0.0000000000
70500  47.462  -4.368  31.712 0.0000000000
72222  46.103  -2.924  34.826 0.0000000000
70482  45.352  -4.080  33.064 0.0000000000
71290  51.323  -3.737  43.289 0.0000000000
71317  49.172  -3.892  40.895 0.0000000000
69314  46.058  -6.146  42.335 0.0000000000
68412  44.065  -6.819  41.456 0.0000000000
69336  45.373  -6.133  41.401 0.0000000000
69313  47.013  -5.652  42.324 0.0000000000
69334  47.601  -5.382  41.168 0.0000000000
70358  48.103  -5.012  40.431 0.0000000000
71319  48.181  -4.383  40.042 0.0000000000
70400  46.613  -4.473  39.063 0.0000000000
70419  45.611  -4.346  38.021 0.0000000000
70434  44.134  -4.221  36.380 0.0000000000
69406  43.491  -5.740  37.248 0.0000000000
69422  43.028  -5.364  36.288 0.0000000000
70450  43.247  -4.733  35.679 0.0000000000
70467  42.785  -5.101  34.857 0.0000000000
67616  39.503  -7.661  33.498 0.0000000000
67638  39.326  -7.747  32.684 0.0000000000
65612  37.748  -9.489  36.771 0.0000000000
65613  37.051  -9.411  36.474 0.0000000000
66656  35.993  -8.910  34.817 0.0000000000
64336  34.410  -10.134  36.059 0.0000000000
65631  34.832  -9.530  35.424 0.0000000000
59197  36.459  -15.217  44.181 0.0000000000
59210  35.998  -15.838  42.933 0.0000000000
60318  34.987  -16.085  41.432 0.0000000000
59199  33.851  -15.473  44.305 0.0000000000
60324  34.093  -15.207  41.301 0.0000000000
60325  33.335  -15.149  41.234 0.0000000000
59235  32.379  -15.180  40.539 0.0000000000
59245  32.267  -15.245  39.681 0.0000000000
57999  29.594  -15.144  46.492 0.0000000000
59191  29.606  -14.976  45.030 0.0000000000
59202  30.352  -14.556  44.207 0.0000000000
59217  28.148  -14.998  42.908 0.0000000000
59216  29.011  -14.614  43.106 0.0000000000
59215  30.046  -14.492  43.164 0.0000000000
59230  30.810  -14.620  41.037 0.0000000000
59237  30.834  -14.683  40.107 0.0000000000
135612  59.272  8.059  30.687 0.0000000000
135595  57.439  8.477  29.550 0.0000000000
135573  56.644  9.721  27.098 0.0000000000
75929  51.889  1.355  31.268 0.0000000000
60221  25.743  -13.607  56.241 0.0000000000
59057  25.245  -14.180  55.716 0.0000000000
60205  25.712  -13.622  57.269 0.0000000000
55665  22.231  -17.100  60.492 0.0000000000
55678  21.860  -17.434  60.184 0.0000000000
56637  22.065  -16.925  60.376 0.0000000000
55688  21.509  -17.279  59.496 0.0000000000
56648  21.740  -16.474  60.168 0.0000000000
57832  38.233  -14.990  56.066 0.0000000000
59051  38.977  -14.437  55.619 0.0000000000
59065  38.779  -14.831  55.003 0.0000000000
59076  38.661  -14.776  53.886 0.0000000000
57858  38.154  -15.102  54.764 0.0000000000
57859  37.548  -15.226  54.214 0.0000000000
60203  27.493  -13.158  56.325 0.0000000000
71468  48.620  -3.509  31.555 0.0000000000
72141  49.470  -3.174  39.534 0.0000000000
71347  48.234  -3.486  39.141 0.0000000000
65578  39.405  -9.867  38.516 0.0000000000
66621  39.464  -9.298  37.868 0.0000000000
66636  38.946  -8.992  37.120 0.0000000000
57966  30.662  -15.187  48.369 0.0000000000
59153  30.461  -15.006  47.995 0.0000000000
59154  29.976  -14.957  48.061 0.0000000000
135632  58.969  10.377  31.982 0.0000000000
135625  58.806  10.310  31.604 0.0000000000
135614  59.069  9.388  31.511 0.0000000000
57751  29.180  -14.142  60.879 0.0000000000
58940  28.505  -13.734  60.945 0.0000000000
57679  25.768  -13.698  63.418 0.0000000000
56588  25.241  -14.084  63.382 0.0000000000
57680  25.010  -13.834  63.735 0.0000000000
57666  24.463  -14.061  64.155 0.0000000000
60155  34.197  -13.398  58.574 0.0000000000
58981  33.848  -13.915  58.651 0.0000000000
60156  33.410  -13.468  59.232 0.0000000000
57736  30.389  -14.784  61.199 0.0000000000
57749  30.814  -15.176  60.859 0.0000000000
57750  30.001  -14.422  60.796 0.0000000000
65486  40.871  -9.879  46.520 0.0000000000
134981  41.041  -9.833  45.743 0.0000000000
134993  41.487  -9.614  45.786 0.0000000000
66554  41.128  -9.862  45.317 0.0000000000
65485  41.437  -9.794  45.119 0.0000000000
134971  40.958  -9.916  44.943 0.0000000000
134957  38.361  -10.235  42.216 0.0000000000
61518  34.252  -14.187  41.299 0.0000000000
57989  24.948  -15.830  47.991 0.0000000000
79946  57.338  5.235  32.663 0.0000000000
79947  56.329  5.256  32.361 0.0000000000
57783  24.288  -16.596  58.794 0.0000000000
56655  24.163  -17.150  59.263 0.0000000000
53416  22.452  -19.462  56.552 0.0000000000
57959  38.043  -15.253  48.988 0.0000000000
57900  33.466  -15.830  51.307 0.0000000000
57801  32.340  -15.447  57.299 0.0000000000
59095  28.555  -14.825  52.086 0.0000000000
59096  27.658  -14.519  52.354 0.0000000000
65290  23.022  -10.494  67.103 0.0000000000
63921  22.472  -10.888  67.260 0.0000000000
61188  22.403  -12.473  67.133 0.0000000000
62489  21.867  -11.559  67.214 0.0000000000
60112  17.984  -13.711  62.559 0.0000000000
60098  18.366  -12.875  63.724 0.0000000000
60111  18.559  -13.228  62.467 0.0000000000
58948  18.526  -14.041  61.435 0.0000000000
58970  19.240  -14.265  60.148 0.0000000000
85882  55.499  12.860  34.904 0.0000000000
135659  54.673  12.659  35.075 0.0000000000
82494  53.317  7.518  35.612 0.0000000000
82495  52.827  8.057  34.960 0.0000000000
81651  52.803  7.200  34.521 0.0000000000
81662  52.062  7.098  33.586 0.0000000000
80822  52.083  6.279  33.943 0.0000000000
73883  52.530  0.298  38.246 0.0000000000
73906  52.233  0.283  37.601 0.0000000000
72221  46.687  -2.470  34.820 0.0000000000
68457  44.317  -6.304  40.019 0.0000000000
68476  44.263  -6.179  39.198 0.0000000000
69390  44.540  -5.473  38.442 0.0000000000
68506  41.370  -7.083  35.340 0.0000000000
68540  40.842  -7.085  33.620 0.0000000000
68524  40.683  -7.295  34.164 0.0000000000
66672  37.269  -8.494  34.381 0.0000000000
66693  37.968  -8.158  33.422 0.0000000000
66694  36.902  -8.522  33.478 0.0000000000
64320  36.117  -10.340  37.500 0.0000000000
57996  35.122  -15.334  46.305 0.0000000000
58010  35.325  -15.477  45.353 0.0000000000
58011  34.441  -15.364  45.647 0.0000000000
59222  31.930  -15.102  42.169 0.0000000000
60093  29.954  -13.152  61.204 0.0000000000
58909  29.215  -13.686  61.510 0.0000000000
60094  29.351  -13.139  61.791 0.0000000000
62523  28.350  -12.287  62.519 0.0000000000
61232  28.175  -12.539  62.585 0.0000000000
61212  27.558  -12.365  62.799 0.0000000000
60062  27.209  -12.601  62.843 0.0000000000
62510  27.339  -12.160  62.936 0.0000000000
61256  30.584  -13.185  60.721 0.0000000000
61255  30.983  -13.152  60.779 0.0000000000
60107  30.447  -13.446  60.702 0.0000000000
58922  31.007  -14.123  60.982 0.0000000000
62847  37.655  -11.706  46.563 0.0000000000
62861  37.683  -11.337  45.879 0.0000000000
64201  38.517  -10.708  45.660 0.0000000000
64212  38.751  -10.481  44.988 0.0000000000
61511  35.940  -12.456  43.275 0.0000000000
56762  23.288  -16.159  48.668 0.0000000000
56763  22.635  -16.725  47.998 0.0000000000
74954  52.004  1.526  29.841 0.0000000000
59085  24.784  -14.424  54.150 0.0000000000
57843  23.715  -15.949  55.644 0.0000000000
56706  23.711  -16.212  56.009 0.0000000000
54635  23.156  -18.607  59.771 0.0000000000
54625  22.762  -18.426  60.387 0.0000000000
54644  21.740  -18.592  59.075 0.0000000000
53409  21.700  -19.190  58.138 0.0000000000
53410  21.462  -18.654  57.868 0.0000000000
53418  21.314  -18.616  56.910 0.0000000000
55707  21.010  -17.100  57.539 0.0000000000
54660  20.926  -17.857  56.903 0.0000000000
55713  20.549  -17.108  56.614 0.0000000000
60259  40.556  -12.853  53.064 0.0000000000
59091  38.125  -14.900  52.930 0.0000000000
59108  38.273  -14.596  51.918 0.0000000000
59123  38.439  -14.506  51.105 0.0000000000
59078  36.117  -15.361  53.534 0.0000000000
57879  35.716  -15.443  52.842 0.0000000000
57862  34.815  -15.980  53.594 0.0000000000
59024  29.694  -14.408  57.088 0.0000000000
57803  30.409  -14.784  56.663 0.0000000000
60218  28.123  -13.707  55.027 0.0000000000
60237  27.856  -13.924  54.634 0.0000000000
59082  27.536  -14.251  53.398 0.0000000000
59068  27.369  -14.048  54.375 0.0000000000
70518  52.601  -3.860  31.675 0.0000000000
58916  16.751  -14.281  63.748 0.0000000000
57727  16.940  -15.413  62.121 0.0000000000
75911  48.936  0.633  32.624 0.0000000000
72975  51.519  -1.293  39.004 0.0000000000
72960  51.276  -1.973  39.127 0.0000000000
72171  47.610  -3.149  37.398 0.0000000000
71384  45.842  -3.614  36.709 0.0000000000
71368  45.848  -3.870  37.459 0.0000000000
66619  40.711  -8.068  38.741 0.0000000000
66618  41.467  -7.617  39.640 0.0000000000
67551  42.093  -6.979  38.087 0.0000000000
67561  40.340  -7.672  36.376 0.0000000000
67575  39.556  -7.733  35.235 0.0000000000
67562  39.603  -7.907  36.042 0.0000000000
66643  38.555  -8.837  36.224 0.0000000000
62949  33.703  -12.249  38.561 0.0000000000
61580  32.018  -12.901  36.041 0.0000000000
59150  32.733  -15.043  47.648 0.0000000000
57983  33.054  -15.135  47.132 0.0000000000
59163  32.647  -14.924  47.064 0.0000000000
59176  31.204  -14.568  46.377 0.0000000000
85121  58.264  11.703  29.198 0.0000000000
135590  57.429  9.735  29.282 0.0000000000
60179  26.363  -13.144  58.785 0.0000000000
60160  27.207  -13.072  59.472 0.0000000000
60123  26.039  -13.622  60.909 0.0000000000
60143  25.892  -13.671  60.495 0.0000000000
58966  25.164  -14.283  60.753 0.0000000000
58944  24.733  -14.732  61.217 0.0000000000
57704  27.950  -13.811  62.014 0.0000000000
57722  27.454  -13.537  61.851 0.0000000000
57723  26.663  -13.554  62.105 0.0000000000
56613  24.557  -14.869  62.549 0.0000000000
57707  25.428  -14.340  62.359 0.0000000000
56623  24.442  -15.041  62.089 0.0000000000
57725  24.492  -15.004  61.693 0.0000000000
56624  24.182  -15.826  61.916 0.0000000000
56635  23.789  -16.714  61.570 0.0000000000
56625  23.576  -16.520  62.314 0.0000000000
56591  23.282  -16.233  64.429 0.0000000000
55636  23.006  -16.696  63.488 0.0000000000
55637  22.671  -16.614  63.749 0.0000000000
55646  22.696  -16.656  63.023 0.0000000000
56605  22.368  -16.307  63.895 0.0000000000
59003  35.515  -14.393  58.004 0.0000000000
59002  36.584  -14.465  58.371 0.0000000000
57775  36.260  -15.190  57.945 0.0000000000
57795  37.308  -15.247  57.512 0.0000000000
57797  36.033  -15.567  57.258 0.0000000000
57761  33.274  -15.028  58.286 0.0000000000
57778  33.519  -15.459  58.035 0.0000000000
56666  33.302  -15.772  58.046 0.0000000000
57800  32.860  -15.967  57.545 0.0000000000
57779  32.770  -15.260  58.178 0.0000000000
58959  32.933  -14.439  60.713 0.0000000000
60139  32.098  -13.735  60.396 0.0000000000
58960  32.229  -14.492  60.723 0.0000000000
58985  31.015  -14.974  59.831 0.0000000000
58984  31.593  -14.491  60.100 0.0000000000
59008  30.884  -14.540  58.636 0.0000000000
73819  53.417  0.178  41.557 0.0000000000
73807  53.914  0.627  42.145 0.0000000000
72900  53.175  -1.227  43.308 0.0000000000
72912  52.838  -1.946  42.546 0.0000000000
72108  51.242  -2.598  41.042 0.0000000000
72089  52.248  -2.415  42.737 0.0000000000
64185  38.841  -10.564  46.892 0.0000000000
134959  40.016  -10.244  43.827 0.0000000000
65555  41.213  -9.489  41.093 0.0000000000
64287  39.594  -10.254  40.232 0.0000000000
62907  34.357  -12.409  40.962 0.0000000000
62906  34.958  -11.836  41.042 0.0000000000
62934  34.431  -11.691  39.192 0.0000000000
62921  33.754  -12.718  40.185 0.0000000000
60345  33.164  -14.127  39.764 0.0000000000
57970  27.299  -15.802  48.296 0.0000000000
56782  24.489  -16.225  47.018 0.0000000000
56793  24.312  -16.502  45.689 0.0000000000
56804  24.776  -16.752  44.891 0.0000000000
81669  59.445  6.655  32.774 0.0000000000
80804  61.014  6.295  34.655 0.0000000000
80807  60.012  5.782  34.691 0.0000000000
77889  57.932  3.970  32.212 0.0000000000
79000  58.899  4.372  32.593 0.0000000000
77900  58.420  4.036  31.700 0.0000000000
79048  58.652  4.535  30.928 0.0000000000
77928  57.885  3.892  31.111 0.0000000000
77904  55.217  3.587  31.467 0.0000000000
77931  54.913  3.356  30.730 0.0000000000
77951  55.647  3.714  30.158 0.0000000000
56724  22.829  -16.357  53.662 0.0000000000
56725  22.475  -16.942  53.104 0.0000000000
59026  25.050  -14.541  57.944 0.0000000000
59027  24.497  -15.571  57.743 0.0000000000
56681  23.830  -17.048  57.414 0.0000000000
57825  24.267  -16.087  57.133 0.0000000000
56695  23.565  -17.324  56.491 0.0000000000
54643  23.293  -18.587  58.806 0.0000000000
53415  22.959  -19.207  56.379 0.0000000000
53426  22.986  -19.074  55.891 0.0000000000
61441  38.939  -12.271  50.574 0.0000000000
60283  38.654  -13.310  50.173 0.0000000000
60294  38.238  -13.917  47.775 0.0000000000
59183  37.370  -14.750  46.378 0.0000000000
57993  37.147  -15.376  46.578 0.0000000000
57940  35.208  -15.457  49.404 0.0000000000
57942  32.963  -15.296  49.310 0.0000000000
57820  35.080  -15.858  56.350 0.0000000000
56703  34.355  -16.002  55.809 0.0000000000
57863  33.839  -15.713  53.424 0.0000000000
57865  31.789  -15.515  52.968 0.0000000000
57883  31.632  -15.583  51.932 0.0000000000
59109  29.354  -15.385  51.310 0.0000000000
57922  30.183  -15.536  49.883 0.0000000000
57905  28.881  -15.593  50.450 0.0000000000
57926  26.787  -15.466  49.816 0.0000000000
59128  25.372  -14.708  51.342 0.0000000000
57950  25.416  -15.373  50.047 0.0000000000
73968  52.133  -0.184  32.966 0.0000000000
72287  52.074  -2.446  31.664 0.0000000000
72286  52.644  -2.441  31.808 0.0000000000
73967  53.078  -0.508  32.944 0.0000000000
68574  49.970  -6.235  31.438 0.0000000000
63985  27.590  -10.959  61.916 0.0000000000
65324  26.554  -11.010  63.027 0.0000000000
63957  26.064  -11.129  63.372 0.0000000000
63946  26.053  -11.614  63.600 0.0000000000
62498  24.011  -12.140  65.545 0.0000000000
62497  24.614  -12.254  64.864 0.0000000000
60049  24.255  -13.584  65.886 0.0000000000
58870  24.120  -14.216  65.591 0.0000000000
58858  24.083  -14.229  66.418 0.0000000000
61233  22.595  -13.119  64.881 0.0000000000
58899  22.895  -13.840  64.585 0.0000000000
60083  22.650  -13.545  64.494 0.0000000000
58901  22.347  -14.860  63.835 0.0000000000
60096  21.990  -13.768  63.341 0.0000000000
61220  18.998  -12.118  64.885 0.0000000000
62515  19.090  -11.677  65.337 0.0000000000
62501  19.493  -11.197  66.021 0.0000000000
63936  19.785  -10.747  66.483 0.0000000000
62514  20.166  -11.618  65.387 0.0000000000
61219  21.042  -12.051  65.813 0.0000000000
60126  20.300  -13.398  61.586 0.0000000000
61257  20.713  -12.803  63.057 0.0000000000
60125  21.372  -13.622  61.576 0.0000000000
60124  22.013  -14.039  61.678 0.0000000000
58968  21.290  -14.757  60.415 0.0000000000
57754  21.245  -15.429  59.893 0.0000000000
58969  20.466  -14.484  60.010 0.0000000000
59013  19.481  -14.866  58.801 0.0000000000
57755  17.742  -15.195  59.605 0.0000000000
85895  58.082  12.283  33.282 0.0000000000
135646  58.146  9.870  32.566 0.0000000000
135662  57.122  11.906  32.995 0.0000000000
135668  56.026  11.542  33.021 0.0000000000
135665  56.613  10.981  32.555 0.0000000000
84176  56.237  10.257  32.090 0.0000000000
82525  56.623  8.756  31.926 0.0000000000
84188  55.589  9.804  31.767 0.0000000000
135656  53.711  11.844  34.317 0.0000000000
135657  52.887  11.120  34.186 0.0000000000
83356  52.811  8.808  33.107 0.0000000000
84179  53.416  9.783  32.749 0.0000000000
83368  53.737  9.241  31.776 0.0000000000
83367  54.518  9.217  31.425 0.0000000000
82528  53.829  8.444  31.112 0.0000000000
80856  53.688  7.093  31.042 0.0000000000
81684  53.348  7.493  31.190 0.0000000000
79950  50.903  5.228  32.538 0.0000000000
79005  50.726  4.846  32.273 0.0000000000
77908  50.774  3.610  30.795 0.0000000000
72291  48.533  -2.828  31.825 0.0000000000
75826  50.873  1.138  36.151 0.0000000000
75845  50.297  1.108  35.624 0.0000000000
73926  50.884  -0.470  36.460 0.0000000000
74847  50.659  0.306  35.810 0.0000000000
72997  50.681  -1.381  37.663 0.0000000000
72998  50.071  -1.754  37.212 0.0000000000
73039  48.719  -1.812  35.912 0.0000000000
72218  48.492  -1.601  33.704 0.0000000000
72241  47.399  -2.423  33.259 0.0000000000
71445  45.794  -3.903  33.011 0.0000000000
71429  44.869  -3.789  34.023 0.0000000000
70323  49.861  -4.842  42.833 0.0000000000
71292  49.968  -4.346  42.266 0.0000000000
71306  50.244  -3.912  42.032 0.0000000000
71307  49.521  -4.110  41.611 0.0000000000
68401  45.352  -6.881  43.416 0.0000000000
68410  45.433  -6.546  42.779 0.0000000000
68409  46.043  -6.399  43.173 0.0000000000
68439  43.663  -6.683  40.625 0.0000000000
69355  44.950  -6.147  40.499 0.0000000000
69337  44.797  -6.215  41.049 0.0000000000
69352  47.509  -5.204  40.447 0.0000000000
70359  47.461  -5.028  40.089 0.0000000000
70379  47.706  -4.660  39.947 0.0000000000
70380  47.068  -4.762  39.560 0.0000000000
71333  47.037  -4.094  39.211 0.0000000000
70402  45.292  -4.808  38.275 0.0000000000
70420  44.805  -4.350  37.553 0.0000000000
70421  43.807  -4.701  37.240 0.0000000000
68488  42.558  -6.587  37.351 0.0000000000
69423  42.853  -5.887  36.488 0.0000000000
69440  42.906  -5.243  35.795 0.0000000000
70451  42.857  -5.188  35.500 0.0000000000
67639  38.620  -7.964  32.734 0.0000000000
66718  38.918  -8.060  32.017 0.0000000000
65580  37.690  -10.015  37.884 0.0000000000
65597  38.203  -9.724  37.352 0.0000000000
65598  37.252  -9.723  37.352 0.0000000000
65629  36.590  -9.211  35.881 0.0000000000
65630  35.809  -9.152  35.599 0.0000000000
64322  34.099  -11.157  37.168 0.0000000000
65653  33.895  -9.546  34.323 0.0000000000
65632  34.214  -9.645  35.026 0.0000000000
65652  34.640  -9.288  34.574 0.0000000000
58008  36.566  -15.299  45.110 0.0000000000
58019  36.478  -15.238  44.518 0.0000000000
58020  36.157  -15.551  44.228 0.0000000000
58030  35.693  -16.020  43.593 0.0000000000
59211  34.876  -16.104  42.932 0.0000000000
59187  33.417  -15.314  45.358 0.0000000000
59220  34.140  -15.803  42.071 0.0000000000
59236  31.584  -15.037  40.332 0.0000000000
57984  29.458  -15.122  47.046 0.0000000000
58000  29.074  -15.283  46.381 0.0000000000
59192  28.669  -15.150  44.886 0.0000000000
59203  29.285  -14.616  44.105 0.0000000000
58024  27.508  -15.386  43.590 0.0000000000
59225  28.768  -14.680  42.229 0.0000000000
59224  29.682  -14.428  42.236 0.0000000000
60326  30.247  -14.395  41.644 0.0000000000
60347  30.193  -14.300  39.977 0.0000000000
59246  31.442  -15.092  39.446 0.0000000000
85136  58.403  11.637  25.817 0.0000000000
81682  60.582  6.818  31.449 0.0000000000
83378  60.151  8.090  31.122 0.0000000000
81694  59.691  7.156  30.687 0.0000000000
135589  56.790  8.112  29.040 0.0000000000
135579  56.550  9.088  28.499 0.0000000000
62533  29.796  -12.767  61.329 0.0000000000
61245  29.245  -12.671  61.896 0.0000000000
62534  29.542  -12.472  61.616 0.0000000000
62535  28.856  -12.210  62.152 0.0000000000
63954  28.200  -11.932  62.612 0.0000000000
62862  37.059  -11.680  45.417 0.0000000000
61505  36.119  -12.939  43.861 0.0000000000
60310  36.156  -14.128  43.642 0.0000000000
60315  36.373  -14.725  43.677 0.0000000000
59071  24.748  -14.658  55.091 0.0000000000
59058  24.596  -14.823  56.006 0.0000000000
54614  22.721  -17.739  61.008 0.0000000000
54626  22.210  -18.271  60.316 0.0000000000
55677  22.023  -17.808  60.312 0.0000000000
54627  21.818  -18.100  60.076 0.0000000000
54645  21.489  -17.997  58.908 0.0000000000
54653  21.326  -18.036  57.893 0.0000000000
60236  40.284  -13.482  54.480 0.0000000000
59075  39.639  -13.794  53.447 0.0000000000
57877  37.390  -15.200  53.287 0.0000000000
57860  36.516  -15.379  53.870 0.0000000000
60189  28.350  -13.392  57.007 0.0000000000
60219  27.477  -13.478  55.355 0.0000000000
59055  27.167  -13.829  54.908 0.0000000000
60239  26.056  -13.632  55.101 0.0000000000
57712  16.154  -15.376  63.753 0.0000000000
72127  51.190  -2.360  40.012 0.0000000000
72140  50.596  -2.464  39.136 0.0000000000
71365  48.067  -3.265  38.481 0.0000000000
67539  40.854  -7.717  38.021 0.0000000000
66634  40.390  -8.253  38.031 0.0000000000
59137  31.529  -15.262  48.503 0.0000000000
59152  31.148  -15.120  48.098 0.0000000000
59165  30.768  -14.834  47.323 0.0000000000
85100  58.575  11.857  29.995 0.0000000000
135606  58.367  10.219  30.885 0.0000000000
135605  58.560  9.142  30.818 0.0000000000
60141  27.896  -13.318  60.041 0.0000000000
58964  27.831  -13.452  60.494 0.0000000000
58942  26.164  -13.604  61.385 0.0000000000
57692  26.624  -13.479  62.694 0.0000000000
57706  26.073  -13.991  62.524 0.0000000000
57693  25.948  -14.018  63.115 0.0000000000
56600  25.096  -14.428  63.034 0.0000000000
56601  24.210  -15.203  63.308 0.0000000000
56590  23.707  -15.425  63.967 0.0000000000
56576  23.334  -15.638  64.667 0.0000000000
60174  34.881  -13.519  57.991 0.0000000000
58983  32.781  -14.552  58.734 0.0000000000
57734  32.193  -14.797  61.554 0.0000000000
57748  31.744  -15.102  60.875 0.0000000000
58961  30.857  -15.215  60.379 0.0000000000
64199  39.750  -10.074  46.764 0.0000000000
65472  41.224  -9.662  47.332 0.0000000000
66545  42.511  -9.355  45.783 0.0000000000
66544  43.417  -9.265  45.028 0.0000000000
65470  41.962  -9.767  44.789 0.0000000000
64270  37.996  -10.590  40.224 0.0000000000
61533  33.801  -12.820  40.495 0.0000000000
61526  33.787  -14.075  40.852 0.0000000000
57948  27.008  -15.714  49.173 0.0000000000
80829  58.017  5.971  32.620 0.0000000000
80821  58.884  5.628  33.417 0.0000000000
79001  57.852  4.581  32.679 0.0000000000
77890  57.104  4.062  32.216 0.0000000000
59012  24.412  -15.650  58.693 0.0000000000
55705  23.689  -17.586  58.137 0.0000000000
59122  38.590  -14.091  50.579 0.0000000000
59136  38.479  -14.140  49.730 0.0000000000
59160  38.342  -14.390  48.178 0.0000000000
57978  37.228  -15.420  47.103 0.0000000000
56705  33.419  -16.058  56.468 0.0000000000
56704  33.888  -16.179  56.013 0.0000000000
57839  32.112  -15.417  55.189 0.0000000000
57841  30.227  -14.885  54.294 0.0000000000
57854  30.086  -15.125  53.267 0.0000000000
57867  30.009  -15.283  52.302 0.0000000000
59110  28.725  -15.305  51.131 0.0000000000
57929  23.405  -15.646  50.556 0.0000000000
71463  53.060  -2.758  31.825 0.0000000000
63920  23.466  -11.276  66.994 0.0000000000
62487  23.331  -12.073  66.824 0.0000000000
58860  23.075  -13.856  67.258 0.0000000000
60039  22.681  -13.344  67.202 0.0000000000
61200  22.537  -12.689  66.164 0.0000000000
61234  22.164  -12.861  64.689 0.0000000000
60069  17.748  -12.528  65.208 0.0000000000
61237  18.702  -12.409  64.472 0.0000000000
61248  19.131  -12.456  63.908 0.0000000000
61247  19.912  -12.393  63.751 0.0000000000
60110  19.709  -12.885  62.306 0.0000000000
58947  19.765  -13.927  60.961 0.0000000000
135667  56.775  11.957  33.149 0.0000000000
135674  55.983  12.355  34.162 0.0000000000
135675  55.525  11.834  33.676 0.0000000000
135677  55.082  11.436  33.240 0.0000000000
135655  52.457  10.340  34.482 0.0000000000
83335  52.494  9.293  34.677 0.0000000000
82517  52.507  8.158  32.512 0.0000000000
81685  52.446  7.278  31.610 0.0000000000
81674  51.911  7.289  32.441 0.0000000000
81686  51.742  6.759  31.942 0.0000000000
80843  51.412  5.962  32.076 0.0000000000
74831  52.171  0.931  37.088 0.0000000000
74833  51.304  0.429  36.325 0.0000000000
74832  51.918  0.509  36.739 0.0000000000
72186  49.214  -2.114  36.620 0.0000000000
72243  46.285  -2.772  34.321 0.0000000000
71398  45.736  -3.355  35.908 0.0000000000
71411  45.468  -3.157  35.016 0.0000000000
70484  43.664  -4.573  33.621 0.0000000000
70309  49.312  -5.094  43.237 0.0000000000
70324  49.033  -5.019  42.646 0.0000000000
68440  42.941  -6.723  39.938 0.0000000000
69354  45.754  -5.804  40.331 0.0000000000
70381  46.440  -4.920  39.197 0.0000000000
69457  42.397  -5.813  34.729 0.0000000000
68539  41.484  -6.567  33.518 0.0000000000
67637  40.319  -7.296  32.768 0.0000000000
64319  36.684  -9.990  37.526 0.0000000000
64354  32.944  -11.138  35.814 0.0000000000
59200  32.710  -14.856  44.218 0.0000000000
58001  28.029  -15.329  45.997 0.0000000000
58036  27.349  -15.534  41.673 0.0000000000
59232  28.662  -14.686  41.390 0.0000000000
60333  29.483  -14.378  41.131 0.0000000000
80853  59.056  6.370  30.655 0.0000000000
81695  58.799  7.325  30.427 0.0000000000
74900  53.035  0.776  32.595 0.0000000000
57719  29.773  -14.256  60.915 0.0000000000
57738  28.909  -13.985  61.233 0.0000000000
57702  29.200  -14.016  61.535 0.0000000000
57703  28.766  -13.841  61.976 0.0000000000
57690  28.199  -13.671  62.136 0.0000000000
60078  29.022  -13.022  62.122 0.0000000000
58895  28.057  -13.304  62.445 0.0000000000
58896  27.116  -13.014  62.632 0.0000000000
58881  26.437  -13.191  63.273 0.0000000000
60064  26.003  -12.796  63.594 0.0000000000
58938  32.714  -14.007  61.469 0.0000000000
60121  32.030  -13.639  61.418 0.0000000000
58939  31.830  -14.149  61.368 0.0000000000
57717  31.417  -14.639  61.732 0.0000000000
57718  30.700  -14.612  61.197 0.0000000000
64200  39.114  -10.370  46.194 0.0000000000
65496  39.829  -10.079  45.179 0.0000000000
134961  39.917  -10.089  44.856 0.0000000000
64224  39.427  -10.207  44.935 0.0000000000
57973  24.526  -15.567  48.909 0.0000000000
56773  22.800  -16.866  46.985 0.0000000000
79962  54.805  5.625  31.505 0.0000000000
79948  55.298  5.242  31.921 0.0000000000
79949  54.835  4.784  31.898 0.0000000000
79023  54.665  4.261  31.713 0.0000000000
77905  54.206  3.641  31.201 0.0000000000
76875  51.886  2.641  29.785 0.0000000000
57869  23.290  -15.721  53.889 0.0000000000
55675  23.730  -17.487  60.217 0.0000000000
55687  23.845  -17.589  59.681 0.0000000000
54634  23.609  -17.913  59.992 0.0000000000
53391  22.759  -18.991  59.021 0.0000000000
53393  22.127  -19.007  60.006 0.0000000000
53392  22.504  -19.093  59.591 0.0000000000
53400  22.357  -19.337  58.682 0.0000000000
53417  21.847  -19.333  56.800 0.0000000000
53419  20.896  -18.202  56.311 0.0000000000
59089  39.642  -13.530  52.464 0.0000000000
59106  39.558  -13.388  51.942 0.0000000000
57914  38.276  -14.643  50.599 0.0000000000
59040  28.970  -13.921  55.988 0.0000000000
59053  29.520  -14.340  54.835 0.0000000000
59099  24.880  -14.297  53.108 0.0000000000
60070  17.150  -13.051  65.478 0.0000000000
60087  17.307  -13.244  64.211 0.0000000000
60099  17.702  -13.550  63.156 0.0000000000
58949  17.582  -14.793  61.333 0.0000000000
56627  16.821  -16.103  61.677 0.0000000000
73884  51.905  -0.455  38.666 0.0000000000
72152  50.249  -2.105  38.103 0.0000000000
71382  47.159  -3.356  37.318 0.0000000000
71397  46.316  -3.364  36.318 0.0000000000
71385  45.070  -3.705  36.595 0.0000000000
68459  42.930  -6.727  39.122 0.0000000000
68478  42.812  -6.686  38.287 0.0000000000
67573  40.978  -7.396  35.835 0.0000000000
67595  40.352  -7.470  34.693 0.0000000000
67576  38.806  -7.964  34.930 0.0000000000
62985  33.333  -11.494  36.710 0.0000000000
64338  33.208  -11.359  36.400 0.0000000000
57998  33.236  -15.292  46.711 0.0000000000
59174  32.915  -15.279  46.097 0.0000000000
58034  25.876  -15.894  43.838 0.0000000000
58037  26.684  -15.921  42.210 0.0000000000
85129  58.140  11.889  27.907 0.0000000000
84249  57.931  11.022  27.322 0.0000000000
84259  57.386  10.448  26.640 0.0000000000
80016  55.720  6.004  28.739 0.0000000000
60191  26.492  -13.081  57.820 0.0000000000
60161  26.203  -13.387  59.683 0.0000000000
60162  25.360  -13.934  59.798 0.0000000000
58989  24.425  -15.408  59.747 0.0000000000
57752  24.382  -16.113  60.382 0.0000000000
58926  27.868  -13.664  61.524 0.0000000000
58912  26.062  -13.988  62.208 0.0000000000
58928  25.679  -14.151  61.901 0.0000000000
58929  25.002  -14.514  61.689 0.0000000000
57739  24.438  -15.625  61.147 0.0000000000
55663  23.677  -17.218  60.991 0.0000000000
54612  23.318  -17.512  61.234 0.0000000000
54601  23.152  -17.514  61.580 0.0000000000
56615  23.333  -16.422  63.162 0.0000000000
55653  23.000  -17.315  62.154 0.0000000000
54602  22.913  -17.528  61.596 0.0000000000
55654  22.776  -17.022  61.990 0.0000000000
56626  22.587  -16.612  61.703 0.0000000000
59022  37.974  -14.382  57.116 0.0000000000
57817  37.505  -15.197  56.867 0.0000000000
57833  37.472  -15.397  56.057 0.0000000000
57834  36.714  -15.791  55.894 0.0000000000
57819  35.935  -15.893  56.562 0.0000000000
56678  34.411  -15.969  56.788 0.0000000000
57777  34.234  -15.249  57.737 0.0000000000
57799  33.940  -15.647  57.577 0.0000000000
56679  33.891  -15.898  57.329 0.0000000000
56693  33.352  -16.038  57.073 0.0000000000
60157  32.535  -13.849  59.359 0.0000000000
60175  32.484  -14.256  58.966 0.0000000000
59006  32.384  -14.558  58.720 0.0000000000
59010  29.101  -13.915  57.627 0.0000000000
71469  48.005  -4.153  31.643 0.0000000000
68575  49.005  -6.286  31.504 0.0000000000
75807  51.775  1.653  36.833 0.0000000000
75791  52.531  1.713  37.939 0.0000000000
74800  53.213  1.031  38.791 0.0000000000
74785  53.692  0.748  39.549 0.0000000000
74784  54.621  1.046  40.068 0.0000000000
74786  53.136  0.397  39.925 0.0000000000
73836  52.726  0.064  40.523 0.0000000000
73820  52.600  -0.554  41.437 0.0000000000
73837  52.039  -1.060  40.791 0.0000000000
72911  52.978  -0.758  42.405 0.0000000000
72925  52.674  -1.183  41.921 0.0000000000
72943  51.723  -1.985  40.606 0.0000000000
72129  49.684  -3.403  40.570 0.0000000000
65523  42.013  -9.703  42.183 0.0000000000
134964  40.552  -10.088  44.520 0.0000000000
134960  40.851  -10.191  43.895 0.0000000000
65537  41.638  -9.429  41.521 0.0000000000
64305  37.679  -10.201  38.356 0.0000000000
64292  34.883  -11.258  39.088 0.0000000000
57945  29.783  -15.499  49.036 0.0000000000
57986  27.608  -15.611  47.283 0.0000000000
58026  26.080  -16.107  44.847 0.0000000000
58004  25.272  -16.012  47.333 0.0000000000
56792  25.229  -16.248  46.282 0.0000000000
135630  59.326  8.708  32.264 0.0000000000
83353  60.191  8.344  31.926 0.0000000000
81658  60.506  7.386  32.521 0.0000000000
80826  61.383  6.197  32.740 0.0000000000
79961  61.468  5.344  31.826 0.0000000000
79934  59.881  5.018  34.210 0.0000000000
79019  60.809  4.635  32.245 0.0000000000
79983  60.324  5.413  31.177 0.0000000000
79984  59.366  5.463  30.894 0.0000000000
79985  58.284  5.406  30.225 0.0000000000
79003  55.954  4.495  32.144 0.0000000000
77930  55.900  3.525  30.941 0.0000000000
77929  56.918  3.831  30.955 0.0000000000
79050  56.920  4.223  30.314 0.0000000000
55696  23.810  -17.799  58.894 0.0000000000
55697  23.498  -18.166  58.257 0.0000000000
55706  23.495  -18.017  57.462 0.0000000000
55712  23.448  -18.088  56.623 0.0000000000
54667  23.226  -18.700  56.084 0.0000000000
54680  23.179  -18.496  55.478 0.0000000000
54681  22.851  -18.834  54.849 0.0000000000
60300  37.217  -13.819  46.232 0.0000000000
60304  37.287  -14.447  46.140 0.0000000000
57981  34.397  -15.586  47.387 0.0000000000
57965  32.038  -15.217  48.482 0.0000000000
57944  30.863  -15.397  48.874 0.0000000000
57848  35.760  -15.835  54.721 0.0000000000
57849  34.910  -15.889  54.561 0.0000000000
57837  34.220  -15.854  55.369 0.0000000000
57902  31.419  -15.733  50.953 0.0000000000
59124  28.495  -15.459  50.525 0.0000000000
57949  26.241  -15.501  49.379 0.0000000000
59112  26.828  -14.853  51.669 0.0000000000
59127  26.003  -14.858  50.927 0.0000000000
57974  23.809  -15.765  49.131 0.0000000000
57953  22.786  -16.209  49.480 0.0000000000
56751  22.373  -16.599  49.130 0.0000000000
73969  51.842  0.092  32.803 0.0000000000
74880  52.089  0.220  32.856 0.0000000000
72260  51.762  -1.854  31.857 0.0000000000
73094  52.597  -1.421  32.420 0.0000000000
73981  52.767  -1.037  32.727 0.0000000000
69509  51.138  -5.297  31.428 0.0000000000
63984  28.376  -11.276  61.556 0.0000000000
63955  27.581  -11.714  62.744 0.0000000000
62525  27.135  -11.847  63.024 0.0000000000
63945  26.651  -11.792  63.320 0.0000000000
61215  25.622  -12.410  63.819 0.0000000000
60065  25.126  -12.948  64.029 0.0000000000
63947  25.151  -11.364  64.052 0.0000000000
61197  24.855  -12.605  64.457 0.0000000000
58883  24.801  -13.483  64.116 0.0000000000
58869  24.253  -13.805  64.540 0.0000000000
57669  23.006  -15.596  65.304 0.0000000000
58885  23.708  -14.071  65.522 0.0000000000
57683  22.939  -15.233  64.713 0.0000000000
57684  22.312  -15.678  65.096 0.0000000000
57710  22.326  -15.720  63.390 0.0000000000
57726  22.428  -15.810  62.140 0.0000000000
62490  21.098  -11.069  66.980 0.0000000000
61202  21.218  -11.786  66.328 0.0000000000
61218  21.878  -12.499  65.531 0.0000000000
60085  21.182  -13.295  63.784 0.0000000000
61246  20.620  -12.780  63.561 0.0000000000
60108  21.893  -13.712  62.426 0.0000000000
58930  22.234  -14.746  61.896 0.0000000000
57740  22.229  -15.565  61.163 0.0000000000
57753  21.790  -15.497  60.526 0.0000000000
56668  20.896  -15.668  58.387 0.0000000000
57766  20.689  -15.427  58.473 0.0000000000
85037  58.343  11.356  32.646 0.0000000000
135639  58.753  9.744  32.337 0.0000000000
135645  58.329  9.481  32.491 0.0000000000
135637  58.299  8.933  32.538 0.0000000000
82513  58.225  8.238  32.463 0.0000000000
135424  57.500  10.754  32.625 0.0000000000
135652  57.574  9.310  32.471 0.0000000000
81671  58.167  7.108  32.275 0.0000000000
82514  57.234  8.216  32.083 0.0000000000
82515  56.815  7.562  31.759 0.0000000000
81683  55.860  6.925  31.454 0.0000000000
135658  54.240  12.348  34.851 0.0000000000
135672  54.429  11.704  33.793 0.0000000000
85053  54.589  10.870  32.862 0.0000000000
85038  52.709  10.488  33.793 0.0000000000
84163  53.612  10.568  33.142 0.0000000000
84177  55.019  10.381  32.121 0.0000000000
84189  54.960  9.739  31.659 0.0000000000
82527  55.004  8.539  31.012 0.0000000000
81696  55.347  7.008  31.002 0.0000000000
80840  54.412  6.103  31.170 0.0000000000
79964  52.900  5.343  31.442 0.0000000000
80809  52.600  6.107  34.689 0.0000000000
79966  51.297  5.310  31.933 0.0000000000
74004  50.853  -0.848  31.823 0.0000000000
73116  50.421  -1.346  31.701 0.0000000000
75846  49.672  1.189  35.068 0.0000000000
73908  50.871  -0.832  37.130 0.0000000000
73019  49.635  -1.709  36.589 0.0000000000
70501  46.696  -4.538  31.925 0.0000000000
71428  45.668  -3.282  33.761 0.0000000000
72090  51.433  -2.902  42.513 0.0000000000
72091  50.678  -3.573  42.167 0.0000000000
69298  46.582  -6.066  43.294 0.0000000000
68423  44.168  -6.597  41.083 0.0000000000
68422  44.592  -6.512  41.505 0.0000000000
69333  48.251  -5.216  41.519 0.0000000000
70341  48.349  -5.163  41.078 0.0000000000
70357  48.746  -4.974  40.824 0.0000000000
71308  49.011  -4.513  41.053 0.0000000000
71318  48.720  -4.352  40.462 0.0000000000
71331  48.600  -3.757  39.781 0.0000000000
71332  47.705  -4.039  39.595 0.0000000000
71349  46.693  -3.902  38.559 0.0000000000
70401  46.015  -4.651  38.640 0.0000000000
71350  46.141  -4.063  38.099 0.0000000000
69407  42.831  -6.173  36.841 0.0000000000
70435  43.429  -4.892  36.632 0.0000000000
70485  43.012  -4.800  34.045 0.0000000000
66645  37.182  -9.150  35.734 0.0000000000
66655  36.697  -8.850  35.164 0.0000000000
65615  35.269  -9.749  36.338 0.0000000000
64352  34.251  -9.861  35.449 0.0000000000
65651  35.348  -9.135  34.797 0.0000000000
59208  36.567  -14.947  44.057 0.0000000000
59209  36.306  -15.327  43.587 0.0000000000
58029  36.030  -15.727  43.511 0.0000000000
60317  35.594  -15.487  42.111 0.0000000000
58023  33.985  -15.457  45.169 0.0000000000
59198  34.663  -15.923  43.888 0.0000000000
60330  33.623  -14.765  40.933 0.0000000000
60331  33.104  -15.038  40.701 0.0000000000
60337  32.901  -14.839  40.016 0.0000000000
59256  32.104  -15.131  38.819 0.0000000000
59178  29.698  -15.168  45.923 0.0000000000
60332  30.110  -14.366  41.217 0.0000000000
135623  60.085  8.343  31.518 0.0000000000
135414  58.267  8.897  30.477 0.0000000000
135604  58.343  8.357  30.311 0.0000000000
80890  56.232  6.504  28.904 0.0000000000
75928  52.723  1.480  31.327 0.0000000000
53386  22.482  -18.944  60.083 0.0000000000
53387  22.372  -18.752  60.208 0.0000000000
54600  23.322  -17.402  61.501 0.0000000000
54623  23.609  -17.708  60.212 0.0000000000
55628  22.900  -16.594  64.161 0.0000000000
55629  22.695  -16.677  64.309 0.0000000000
55638  22.552  -16.488  63.435 0.0000000000
55644  23.160  -16.890  62.662 0.0000000000
55662  23.869  -17.147  60.545 0.0000000000
55676  23.677  -17.390  60.514 0.0000000000
56574  24.233  -14.481  64.115 0.0000000000
56577  23.087  -16.235  65.243 0.0000000000
56578  22.539  -16.234  65.218 0.0000000000
56593  22.247  -16.279  64.727 0.0000000000
56603  23.189  -16.431  63.832 0.0000000000
56604  22.515  -16.508  64.335 0.0000000000
56647  22.083  -16.077  60.632 0.0000000000
56656  21.014  -15.656  58.623 0.0000000000
56680  33.295  -15.981  57.808 0.0000000000
56692  33.890  -16.063  56.675 0.0000000000
57667  24.084  -14.357  64.531 0.0000000000
57670  22.677  -15.998  65.566 0.0000000000
57681  23.862  -14.065  65.106 0.0000000000
57682  23.556  -14.820  64.992 0.0000000000
57694  23.750  -13.877  64.811 0.0000000000
57695  23.436  -14.417  64.792 0.0000000000
57696  22.925  -14.660  64.580 0.0000000000
57697  22.201  -15.755  64.325 0.0000000000
57705  26.979  -13.352  62.066 0.0000000000
57708  23.598  -13.999  64.641 0.0000000000
57709  23.402  -14.113  64.821 0.0000000000
57720  29.155  -13.971  61.339 0.0000000000
57733  32.956  -14.651  61.418 0.0000000000
57746  33.213  -14.740  61.150 0.0000000000
57764  31.188  -15.274  60.481 0.0000000000
57774  37.169  -15.218  58.053 0.0000000000
57784  20.716  -15.526  58.229 0.0000000000
57796  36.903  -15.490  57.491 0.0000000000
57815  38.268  -14.718  56.449 0.0000000000
57816  38.051  -14.886  56.542 0.0000000000
57831  38.451  -14.734  56.209 0.0000000000
57845  38.148  -15.111  55.454 0.0000000000
58859  23.539  -14.200  67.027 0.0000000000
58871  23.553  -14.345  65.995 0.0000000000
58872  23.256  -13.650  66.864 0.0000000000
58880  26.896  -12.851  62.980 0.0000000000
58884  24.003  -13.843  65.012 0.0000000000
58886  22.516  -15.338  64.650 0.0000000000
58897  26.657  -13.320  63.002 0.0000000000
58898  23.513  -13.811  64.725 0.0000000000
58900  22.635  -14.656  64.303 0.0000000000
58908  29.635  -13.384  61.245 0.0000000000
58911  26.376  -13.806  62.204 0.0000000000
58913  23.357  -13.975  64.615 0.0000000000
58914  23.092  -14.081  64.607 0.0000000000
58923  29.867  -13.903  60.653 0.0000000000
58925  28.482  -13.826  61.451 0.0000000000
58937  33.048  -13.529  61.431 0.0000000000
58943  25.414  -14.206  61.380 0.0000000000
58957  33.159  -13.642  61.326 0.0000000000
58958  33.133  -14.127  61.131 0.0000000000
58991  18.968  -14.640  59.333 0.0000000000
59023  37.639  -14.940  57.400 0.0000000000
59037  37.993  -14.710  56.777 0.0000000000
59038  37.786  -14.930  56.918 0.0000000000
59052  38.590  -14.882  55.555 0.0000000000
59056  26.924  -13.656  55.132 0.0000000000
59063  40.206  -13.555  54.738 0.0000000000
59079  35.865  -15.370  53.344 0.0000000000
59092  36.413  -15.310  53.366 0.0000000000
59093  36.166  -15.250  53.172 0.0000000000
59140  26.155  -15.167  50.394 0.0000000000
59162  32.940  -15.073  47.350 0.0000000000
59171  37.154  -15.320  46.316 0.0000000000
59172  35.817  -15.595  45.778 0.0000000000
59173  35.649  -15.511  46.026 0.0000000000
59185  35.709  -15.563  45.549 0.0000000000
60037  24.019  -13.699  66.765 0.0000000000
60038  23.294  -13.494  67.195 0.0000000000
60040  22.364  -12.904  66.862 0.0000000000
60051  22.541  -13.333  66.637 0.0000000000
60052  22.370  -12.821  66.537 0.0000000000
60063  26.719  -12.648  63.202 0.0000000000
60066  23.597  -13.902  65.215 0.0000000000
60067  23.195  -13.493  65.386 0.0000000000
60068  22.882  -13.266  65.005 0.0000000000
60079  28.729  -13.017  62.248 0.0000000000
60081  23.491  -13.753  64.910 0.0000000000
60082  23.157  -13.551  64.832 0.0000000000
60095  29.035  -13.310  62.010 0.0000000000
60109  20.804  -13.016  62.405 0.0000000000
60122  26.479  -13.336  60.825 0.0000000000
60140  31.867  -13.994  60.285 0.0000000000
60144  25.283  -14.072  60.305 0.0000000000
60176  32.185  -14.186  59.140 0.0000000000
60250  40.402  -13.345  53.963 0.0000000000
60258  40.984  -12.425  53.322 0.0000000000
60327  29.742  -14.381  41.600 0.0000000000
61185  23.949  -12.841  65.802 0.0000000000
61187  22.978  -12.718  67.127 0.0000000000
61198  24.254  -12.828  65.184 0.0000000000
61199  22.969  -12.966  66.067 0.0000000000
61213  27.070  -12.297  63.028 0.0000000000
61216  23.135  -13.092  65.886 0.0000000000
61217  22.708  -12.934  65.473 0.0000000000
61230  29.128  -12.968  61.891 0.0000000000
61236  19.507  -12.189  64.456 0.0000000000
61244  29.601  -12.891  61.540 0.0000000000
62486  23.446  -12.210  66.004 0.0000000000
62499  21.327  -11.594  66.694 0.0000000000
62511  26.939  -12.064  63.137 0.0000000000
62512  26.161  -12.047  63.652 0.0000000000
62527  19.343  -12.039  64.926 0.0000000000
62543  30.105  -12.681  61.036 0.0000000000
62966  34.181  -11.221  37.503 0.0000000000
65337  28.915  -11.797  61.917 0.0000000000
65495  41.195  -9.973  44.694 0.0000000000
69315  45.481  -6.354  42.139 0.0000000000
70340  48.843  -4.920  41.611 0.0000000000
71291  50.653  -4.074  42.750 0.0000000000
72110  49.648  -3.648  41.128 0.0000000000
72139  51.238  -2.202  39.471 0.0000000000
72142  48.777  -3.344  39.310 0.0000000000
72901  53.033  -2.013  43.301 0.0000000000
72913  52.164  -2.287  42.375 0.0000000000
73808  53.360  0.175  42.829 0.0000000000
73818  54.048  0.655  41.689 0.0000000000
73821  52.361  -1.183  41.464 0.0000000000
73835  53.482  0.283  40.697 0.0000000000
73857  53.083  0.532  38.846 0.0000000000
73882  52.925  0.709  38.517 0.0000000000
74734  54.178  0.926  42.899 0.0000000000
74752  54.245  0.696  41.289 0.0000000000
74769  53.494  0.361  40.228 0.0000000000
74801  52.826  1.042  38.239 0.0000000000
74817  52.169  0.413  37.239 0.0000000000
75806  52.122  1.628  37.211 0.0000000000
75824  51.955  1.224  36.827 0.0000000000
77888  58.421  4.050  31.996 0.0000000000
77891  56.521  4.220  32.165 0.0000000000
77901  58.073  3.861  31.698 0.0000000000
77927  58.384  4.081  31.420 0.0000000000
78958  61.540  5.407  34.437 0.0000000000
78959  61.369  5.229  34.557 0.0000000000
78960  60.889  5.051  34.647 0.0000000000
78976  61.649  5.286  34.110 0.0000000000
78978  60.400  4.818  34.019 0.0000000000
78979  59.552  4.742  33.575 0.0000000000
78997  61.684  5.021  33.313 0.0000000000
78998  60.978  4.718  33.174 0.0000000000
78999  60.097  4.541  32.968 0.0000000000
79018  61.502  4.871  32.413 0.0000000000
79020  59.883  4.503  32.027 0.0000000000
79021  58.902  4.312  31.708 0.0000000000
79022  55.444  4.065  31.881 0.0000000000
79045  61.289  4.847  31.715 0.0000000000
79046  60.635  4.816  31.509 0.0000000000
79049  57.660  4.440  30.455 0.0000000000
79874  61.198  5.996  36.086 0.0000000000
79875  60.855  6.040  36.300 0.0000000000
79876  60.643  6.076  36.331 0.0000000000
79901  61.277  5.898  35.462 0.0000000000
79902  60.997  5.598  35.943 0.0000000000
79903  60.468  6.246  36.068 0.0000000000
79920  61.383  5.728  34.460 0.0000000000
79921  61.089  5.452  35.110 0.0000000000
79922  60.346  5.549  34.856 0.0000000000
79923  59.891  5.612  34.461 0.0000000000
79933  61.610  5.760  33.452 0.0000000000
79935  59.465  5.295  33.886 0.0000000000
79936  58.350  5.210  33.183 0.0000000000
79945  61.614  5.523  32.585 0.0000000000
79982  61.027  5.303  31.403 0.0000000000
79986  57.630  4.944  30.025 0.0000000000
80773  60.835  6.204  36.082 0.0000000000
80774  60.588  6.300  36.208 0.0000000000
80775  60.470  6.490  36.197 0.0000000000
80794  60.994  6.298  35.634 0.0000000000
80795  60.541  6.401  35.774 0.0000000000
80796  60.352  6.395  35.970 0.0000000000
80798  53.282  6.405  35.668 0.0000000000
80805  60.477  6.271  34.843 0.0000000000
80806  60.173  6.101  35.103 0.0000000000
80810  52.104  5.535  34.607 0.0000000000
80817  61.006  6.565  33.357 0.0000000000
80818  60.302  6.394  33.584 0.0000000000
80819  59.806  6.198  33.558 0.0000000000
80820  59.708  5.722  34.026 0.0000000000
80827  59.338  6.456  32.854 0.0000000000
80837  61.217  6.061  32.018 0.0000000000
80838  60.850  6.213  31.626 0.0000000000
80839  55.268  6.154  31.325 0.0000000000
80850  61.057  5.719  31.602 0.0000000000
80851  60.603  6.052  31.331 0.0000000000
80854  54.775  6.637  30.933 0.0000000000
80855  54.128  6.843  30.933 0.0000000000
81646  53.595  7.048  35.941 0.0000000000
81650  53.180  7.169  35.294 0.0000000000
81659  60.130  7.133  32.677 0.0000000000
81660  59.512  7.077  32.606 0.0000000000
81661  59.000  7.572  32.528 0.0000000000
81668  60.928  6.916  32.318 0.0000000000
81670  58.961  7.115  32.473 0.0000000000
81672  57.331  6.936  31.931 0.0000000000
81673  56.511  6.904  31.724 0.0000000000
81681  60.838  6.684  31.801 0.0000000000
81693  60.339  6.962  30.990 0.0000000000
81697  54.682  7.287  30.796 0.0000000000
81698  53.995  7.538  30.855 0.0000000000
82484  53.527  7.683  36.141 0.0000000000
82502  60.328  7.907  32.350 0.0000000000
82503  60.000  7.950  32.470 0.0000000000
82504  58.308  8.683  32.541 0.0000000000
82510  60.556  7.839  32.140 0.0000000000
82511  60.027  8.314  32.207 0.0000000000
82512  58.761  7.821  32.533 0.0000000000
82524  60.354  7.593  31.250 0.0000000000
82529  52.971  8.071  31.561 0.0000000000
82536  60.068  7.784  30.838 0.0000000000
82537  55.712  7.442  31.242 0.0000000000
82538  55.312  7.748  30.939 0.0000000000
83344  53.040  9.432  33.049 0.0000000000
83355  53.189  9.142  32.461 0.0000000000
83364  60.450  8.041  31.802 0.0000000000
83365  56.178  9.256  31.817 0.0000000000
83366  55.419  9.150  31.459 0.0000000000
84164  53.155  10.194  33.230 0.0000000000
84165  52.514  10.169  33.844 0.0000000000
84178  53.916  10.422  32.696 0.0000000000
84191  53.703  9.702  32.307 0.0000000000
85022  58.269  11.976  32.964 0.0000000000
85023  58.000  11.810  33.037 0.0000000000
85054  54.096  10.788  33.028 0.0000000000
85066  58.659  10.598  31.422 0.0000000000
85864  55.010  13.142  35.484 0.0000000000
134965  40.905  -10.021  44.698 0.0000000000
134969  40.852  -9.923  45.955 0.0000000000
134970  40.861  -9.873  45.752 0.0000000000
134979  41.012  -9.871  46.069 0.0000000000
134980  40.938  -9.875  45.852 0.0000000000
134992  41.164  -9.742  45.917 0.0000000000
135418  57.654  10.931  32.699 0.0000000000
135425  57.052  10.965  32.588 0.0000000000
135426  55.573  11.625  33.342 0.0000000000
135434  53.969  11.590  33.834 0.0000000000
135435  54.080  11.453  33.661 0.0000000000
135596  57.877  9.225  30.144 0.0000000000
135597  57.751  9.745  29.829 0.0000000000
135613  59.633  8.482  31.067 0.0000000000
135616  58.652  10.175  31.347 0.0000000000
135624  59.439  9.004  31.976 0.0000000000
135636  58.752  8.200  32.534 0.0000000000
135638  58.635  8.935  32.440 0.0000000000
135643  57.916  9.131  32.463 0.0000000000
135644  58.086  9.432  32.552 0.0000000000
135660  57.165  10.434  32.522 0.0000000000
135661  57.054  11.393  32.720 0.0000000000
135663  52.772  10.713  33.877 0.0000000000
135669  56.819  12.243  33.473 0.0000000000
135670  56.792  11.949  33.017 0.0000000000
135671  52.930  10.563  33.637 0.0000000000
