#!ascii label  , from subject la02 vox2ras=TkReg
1044
111356  45.494  43.004  3.338 0.0000000000
118705  50.060  52.276  3.321 0.0000000000
106864  43.769  37.826  5.746 0.0000000000
109604  39.434  41.136  2.439 0.0000000000
106052  40.921  37.796  3.271 0.0000000000
116226  46.674  50.147  0.889 0.0000000000
117883  45.313  52.516  1.582 0.0000000000
120961  43.894  55.880  -1.489 0.0000000000
106846  46.029  38.036  10.001 0.0000000000
102967  50.579  33.486  5.065 0.0000000000
114638  51.673  47.534  1.876 0.0000000000
108701  48.037  39.916  2.005 0.0000000000
112176  50.103  44.149  5.551 0.0000000000
110424  42.577  42.658  6.537 0.0000000000
116253  44.436  50.176  -3.749 0.0000000000
119576  48.639  53.065  -1.141 0.0000000000
102245  43.502  33.094  3.348 0.0000000000
110477  42.573  42.123  3.111 0.0000000000
106912  39.870  38.618  2.586 0.0000000000
108705  42.724  40.577  2.438 0.0000000000
114631  46.547  47.246  3.298 0.0000000000
112975  43.382  45.237  3.646 0.0000000000
121543  41.473  56.757  2.601 0.0000000000
107730  48.392  39.564  11.701 0.0000000000
106835  52.026  37.364  8.961 0.0000000000
105971  52.767  37.427  11.022 0.0000000000
116291  47.555  49.542  -6.538 0.0000000000
117017  51.371  49.624  1.862 0.0000000000
112952  52.652  45.335  4.458 0.0000000000
115418  51.260  48.587  5.611 0.0000000000
114597  45.270  47.772  7.505 0.0000000000
112948  44.751  45.505  6.391 0.0000000000
112939  42.833  45.574  7.370 0.0000000000
109525  40.406  41.543  8.006 0.0000000000
120282  47.069  55.148  1.166 0.0000000000
120315  46.040  54.321  -1.523 0.0000000000
118755  49.888  52.862  1.393 0.0000000000
117037  50.600  51.001  0.243 0.0000000000
107804  45.455  39.115  4.314 0.0000000000
106039  44.640  36.924  4.452 0.0000000000
104446  44.588  35.712  5.603 0.0000000000
104485  39.739  36.245  2.185 0.0000000000
103761  40.119  35.054  1.243 0.0000000000
117936  46.973  51.371  -2.482 0.0000000000
115453  44.928  48.931  -0.902 0.0000000000
118732  47.702  53.147  2.167 0.0000000000
116182  49.232  49.877  5.322 0.0000000000
118817  38.771  52.783  -1.339 0.0000000000
118815  40.798  52.960  -1.565 0.0000000000
120920  45.148  56.516  1.932 0.0000000000
106852  43.363  37.692  8.389 0.0000000000
103692  45.417  34.419  8.075 0.0000000000
104415  49.306  35.287  8.878 0.0000000000
104443  52.656  36.294  5.998 0.0000000000
112962  48.813  44.825  3.858 0.0000000000
110493  47.595  41.681  1.957 0.0000000000
110469  51.547  41.897  3.461 0.0000000000
110449  50.580  41.569  4.647 0.0000000000
109537  46.419  41.622  5.008 0.0000000000
113773  48.516  47.083  6.611 0.0000000000
111315  45.674  43.892  5.814 0.0000000000
109540  42.981  40.846  5.847 0.0000000000
107762  42.203  39.075  8.240 0.0000000000
107748  43.998  39.602  10.418 0.0000000000
115491  44.795  48.374  -5.652 0.0000000000
118000  47.345  51.912  -5.155 0.0000000000
119615  46.633  53.647  -4.121 0.0000000000
118843  48.649  53.050  -3.922 0.0000000000
117914  48.825  51.676  -0.676 0.0000000000
116210  49.050  49.435  2.124 0.0000000000
107816  44.377  38.919  3.250 0.0000000000
103733  41.784  35.332  3.233 0.0000000000
103782  42.398  34.610  0.336 0.0000000000
102226  46.917  32.127  4.113 0.0000000000
111357  44.393  43.096  3.347 0.0000000000
110496  42.988  41.734  2.784 0.0000000000
109579  44.456  41.557  2.446 0.0000000000
113793  46.690  45.464  4.022 0.0000000000
113803  44.917  46.123  3.685 0.0000000000
112198  44.964  44.106  3.630 0.0000000000
112199  43.891  44.182  3.542 0.0000000000
107713  49.256  39.423  12.314 0.0000000000
107710  52.033  39.272  12.177 0.0000000000
105944  52.251  38.146  14.093 0.0000000000
102287  39.119  33.031  0.425 0.0000000000
117831  50.536  50.941  3.405 0.0000000000
116198  51.529  49.012  4.216 0.0000000000
117809  50.455  50.563  4.164 0.0000000000
113756  44.393  47.141  8.761 0.0000000000
113766  44.169  46.973  7.569 0.0000000000
119513  48.459  53.996  2.065 0.0000000000
120255  48.571  54.304  1.402 0.0000000000
118730  49.854  52.724  2.445 0.0000000000
117881  50.742  51.297  1.541 0.0000000000
107787  44.846  38.440  4.819 0.0000000000
106024  45.218  37.101  5.070 0.0000000000
105213  44.509  36.275  6.048 0.0000000000
107834  38.480  40.103  2.490 0.0000000000
107819  38.653  38.941  2.676 0.0000000000
106902  40.505  38.391  2.994 0.0000000000
106061  39.768  37.362  2.742 0.0000000000
105258  40.122  37.015  2.538 0.0000000000
104496  39.491  35.352  1.810 0.0000000000
104484  40.492  36.405  2.274 0.0000000000
117040  46.392  50.602  -0.869 0.0000000000
116235  45.790  49.899  -1.446 0.0000000000
117032  46.001  50.312  -0.285 0.0000000000
110479  40.554  42.448  3.467 0.0000000000
109584  38.786  41.463  2.793 0.0000000000
117882  46.169  52.485  1.741 0.0000000000
117007  47.606  51.120  3.128 0.0000000000
117009  45.674  51.165  2.677 0.0000000000
119537  43.701  54.683  1.309 0.0000000000
121558  43.594  57.327  2.116 0.0000000000
119536  44.804  54.624  1.483 0.0000000000
119535  45.923  54.543  1.535 0.0000000000
105992  45.504  37.246  9.451 0.0000000000
105191  46.180  36.478  9.362 0.0000000000
105189  48.349  36.514  9.661 0.0000000000
136380  54.202  37.929  7.961 0.0000000000
136387  52.154  36.741  7.347 0.0000000000
104453  54.412  35.766  5.669 0.0000000000
113789  50.359  46.060  3.899 0.0000000000
112184  50.550  43.981  3.775 0.0000000000
112969  51.720  45.418  3.167 0.0000000000
112953  51.967  45.105  5.316 0.0000000000
111322  52.958  42.348  4.773 0.0000000000
110432  49.966  42.214  5.121 0.0000000000
109535  48.114  41.715  4.872 0.0000000000
110434  47.109  42.434  5.421 0.0000000000
116139  47.781  48.933  6.324 0.0000000000
116137  49.379  49.135  7.149 0.0000000000
114609  48.271  47.775  7.138 0.0000000000
112168  44.044  44.559  6.242 0.0000000000
112167  45.199  44.574  6.093 0.0000000000
111316  44.521  43.398  5.870 0.0000000000
110437  43.961  42.113  5.699 0.0000000000
109530  42.741  41.469  6.156 0.0000000000
107773  41.940  39.656  6.609 0.0000000000
109531  41.607  41.711  6.803 0.0000000000
109516  39.765  41.191  9.725 0.0000000000
107764  41.057  39.821  8.928 0.0000000000
116268  44.005  49.187  -4.045 0.0000000000
116266  46.377  50.190  -5.197 0.0000000000
117105  46.111  51.052  -4.571 0.0000000000
120327  42.211  54.644  -1.681 0.0000000000
118831  42.543  53.081  -1.748 0.0000000000
120325  44.009  54.623  -2.208 0.0000000000
119577  47.691  53.574  -1.000 0.0000000000
120323  46.267  54.248  -2.673 0.0000000000
119603  47.905  53.851  -3.204 0.0000000000
119621  47.990  53.535  -4.566 0.0000000000
119602  48.592  53.372  -3.148 0.0000000000
117958  48.405  52.317  -2.265 0.0000000000
118811  49.063  52.313  -1.129 0.0000000000
116218  50.581  49.662  1.440 0.0000000000
116219  49.718  49.905  1.504 0.0000000000
115432  50.402  48.694  1.917 0.0000000000
114629  48.997  47.561  3.372 0.0000000000
109612  48.448  40.740  1.115 0.0000000000
108718  45.875  40.484  1.316 0.0000000000
107837  46.713  39.941  1.852 0.0000000000
104459  43.688  35.448  4.546 0.0000000000
105245  43.136  36.415  3.914 0.0000000000
103732  42.398  34.767  3.657 0.0000000000
103744  41.750  34.616  2.678 0.0000000000
103027  42.693  33.597  1.976 0.0000000000
102951  48.633  33.351  6.593 0.0000000000
102193  46.042  32.570  6.264 0.0000000000
102209  48.162  32.233  5.253 0.0000000000
109582  40.937  41.702  3.085 0.0000000000
108708  39.767  40.446  2.167 0.0000000000
108707  40.742  40.475  2.334 0.0000000000
106910  41.311  39.358  2.765 0.0000000000
106901  41.512  38.736  3.181 0.0000000000
116212  46.960  49.243  1.876 0.0000000000
111359  42.221  43.226  3.611 0.0000000000
107745  47.573  39.218  11.027 0.0000000000
105983  49.338  37.828  10.188 0.0000000000
106831  50.286  38.806  11.078 0.0000000000
106828  53.141  37.765  9.861 0.0000000000
115440  52.168  48.484  1.242 0.0000000000
113796  52.227  46.605  2.794 0.0000000000
114625  52.238  47.513  3.138 0.0000000000
114618  52.094  47.283  4.632 0.0000000000
113783  51.268  46.092  6.095 0.0000000000
115394  45.929  48.146  6.909 0.0000000000
114610  46.879  47.554  6.969 0.0000000000
113765  44.970  47.078  7.269 0.0000000000
112949  43.745  45.496  6.586 0.0000000000
112170  42.558  44.315  7.054 0.0000000000
110418  40.990  42.357  7.351 0.0000000000
111311  41.447  43.664  7.355 0.0000000000
111308  40.191  43.561  8.962 0.0000000000
111301  39.862  42.864  10.568 0.0000000000
117085  42.648  50.268  -2.714 0.0000000000
120934  45.962  55.953  0.443 0.0000000000
120968  44.938  55.311  -1.644 0.0000000000
120946  46.912  55.149  0.464 0.0000000000
119558  48.189  53.631  -0.059 0.0000000000
119557  49.059  53.242  0.087 0.0000000000
118796  49.431  52.372  -0.502 0.0000000000
118780  50.293  52.132  0.666 0.0000000000
117018  50.832  50.254  1.558 0.0000000000
107802  47.168  40.003  3.482 0.0000000000
107815  45.289  38.951  3.456 0.0000000000
106891  44.808  38.040  4.449 0.0000000000
105232  44.592  36.079  4.954 0.0000000000
102982  43.940  33.911  4.884 0.0000000000
102993  51.252  34.200  2.784 0.0000000000
102238  49.742  33.569  2.569 0.0000000000
104473  37.833  35.660  3.116 0.0000000000
106913  39.013  38.500  2.689 0.0000000000
105260  38.769  36.976  2.993 0.0000000000
103746  37.904  34.636  1.899 0.0000000000
103763  38.242  34.265  1.028 0.0000000000
103785  39.819  34.320  0.743 0.0000000000
103047  40.284  34.178  0.002 0.0000000000
117081  47.102  50.343  -3.497 0.0000000000
115463  46.176  48.606  -2.503 0.0000000000
117858  48.745  52.164  3.075 0.0000000000
117811  49.487  51.115  3.985 0.0000000000
117834  48.310  51.543  3.251 0.0000000000
116200  47.775  49.916  4.342 0.0000000000
116184  47.045  49.409  4.931 0.0000000000
116162  46.024  48.648  5.869 0.0000000000
115375  45.233  48.162  7.457 0.0000000000
118816  39.917  53.001  -1.370 0.0000000000
120329  41.179  54.525  -1.383 0.0000000000
120963  42.025  55.949  -1.165 0.0000000000
121570  44.565  56.893  0.723 0.0000000000
120919  45.869  56.135  1.380 0.0000000000
119514  47.706  54.168  1.981 0.0000000000
106003  43.623  37.177  7.057 0.0000000000
105205  44.336  36.393  6.942 0.0000000000
105197  44.881  35.844  8.459 0.0000000000
103682  46.751  34.611  8.933 0.0000000000
102938  50.131  34.609  6.584 0.0000000000
105196  50.564  36.742  8.510 0.0000000000
104434  51.084  35.894  6.682 0.0000000000
103707  51.266  34.928  5.402 0.0000000000
112187  47.351  44.505  3.838 0.0000000000
110473  47.042  42.347  2.510 0.0000000000
111353  48.453  43.118  3.334 0.0000000000
110491  49.252  41.604  2.308 0.0000000000
108699  49.729  40.703  2.597 0.0000000000
112183  52.922  43.693  3.806 0.0000000000
109555  52.598  41.081  3.968 0.0000000000
108674  48.883  40.501  3.772 0.0000000000
108675  47.515  40.303  3.738 0.0000000000
108677  45.333  40.341  4.642 0.0000000000
108654  44.243  40.174  4.992 0.0000000000
116181  50.127  50.008  5.616 0.0000000000
114593  50.289  47.834  7.750 0.0000000000
113784  49.224  46.213  6.009 0.0000000000
113774  47.469  46.861  6.596 0.0000000000
112957  47.633  45.518  6.007 0.0000000000
112178  47.323  44.641  5.840 0.0000000000
110435  45.827  42.433  5.369 0.0000000000
109538  45.139  41.187  5.065 0.0000000000
107789  43.429  39.108  5.310 0.0000000000
106857  42.798  37.952  7.128 0.0000000000
106853  42.620  38.415  8.180 0.0000000000
106848  43.284  38.494  9.085 0.0000000000
108634  40.908  40.171  8.244 0.0000000000
107757  42.745  39.070  9.395 0.0000000000
107755  44.723  38.891  9.989 0.0000000000
107746  46.460  39.401  10.816 0.0000000000
115490  45.765  48.658  -5.905 0.0000000000
117121  47.466  51.087  -6.110 0.0000000000
118015  48.261  51.536  -6.155 0.0000000000
120324  45.187  54.597  -2.280 0.0000000000
117984  45.748  51.995  -3.874 0.0000000000
118857  46.828  52.931  -4.440 0.0000000000
118856  47.959  52.997  -5.123 0.0000000000
118844  48.397  52.614  -4.569 0.0000000000
117959  47.703  52.198  -3.032 0.0000000000
117935  47.777  51.819  -1.999 0.0000000000
117030  48.078  50.917  0.234 0.0000000000
117899  49.769  50.900  -0.211 0.0000000000
117029  49.187  50.791  0.345 0.0000000000
116221  47.449  49.889  1.364 0.0000000000
115434  48.354  48.612  2.712 0.0000000000
113801  47.396  46.580  3.827 0.0000000000
109599  44.706  41.128  1.556 0.0000000000
107829  43.080  39.847  2.724 0.0000000000
106900  42.609  38.415  3.590 0.0000000000
106049  43.873  37.160  3.868 0.0000000000
106050  42.875  37.407  3.765 0.0000000000
104471  41.607  36.105  3.225 0.0000000000
103745  41.402  35.623  2.556 0.0000000000
103783  41.535  34.835  0.518 0.0000000000
103698  44.744  34.714  6.910 0.0000000000
102212  45.014  33.075  5.637 0.0000000000
102243  45.159  32.513  3.588 0.0000000000
102240  48.128  32.782  3.026 0.0000000000
103025  44.443  33.190  1.398 0.0000000000
105163  51.865  36.216  12.026 0.0000000000
105183  51.990  35.986  10.539 0.0000000000
110475  44.920  42.011  3.028 0.0000000000
112197  46.090  44.096  3.726 0.0000000000
112973  45.490  45.111  3.837 0.0000000000
106818  51.653  39.188  13.564 0.0000000000
118704  50.418  51.636  3.101 0.0000000000
117832  50.061  51.611  3.831 0.0000000000
119512  49.312  53.514  2.002 0.0000000000
118729  50.515  51.953  2.422 0.0000000000
106879  44.403  37.973  5.270 0.0000000000
106013  44.000  37.200  5.914 0.0000000000
108709  38.807  40.648  2.390 0.0000000000
107820  38.182  39.366  2.849 0.0000000000
107833  39.080  39.496  2.302 0.0000000000
106053  40.133  37.744  2.948 0.0000000000
105248  40.610  37.269  2.965 0.0000000000
105257  40.709  36.816  2.725 0.0000000000
117031  46.774  50.562  0.158 0.0000000000
109583  39.935  41.748  2.928 0.0000000000
109605  38.991  41.106  2.475 0.0000000000
108692  38.482  40.950  2.503 0.0000000000
117861  45.536  51.762  2.035 0.0000000000
118759  44.023  53.606  1.164 0.0000000000
118758  45.125  53.537  1.354 0.0000000000
118757  46.263  53.446  1.563 0.0000000000
105991  46.643  37.348  9.679 0.0000000000
105990  47.771  37.513  9.878 0.0000000000
105219  54.084  37.296  7.323 0.0000000000
113798  51.102  46.712  3.002 0.0000000000
112970  51.009  45.551  3.602 0.0000000000
113797  51.922  46.270  2.629 0.0000000000
112954  50.817  45.132  5.745 0.0000000000
111324  50.666  43.006  5.187 0.0000000000
111325  49.310  43.165  5.433 0.0000000000
116138  48.537  48.963  6.640 0.0000000000
115393  47.482  48.392  6.820 0.0000000000
111317  43.343  43.582  6.397 0.0000000000
110423  43.652  42.419  5.936 0.0000000000
108642  41.742  40.538  6.602 0.0000000000
108627  40.034  40.251  10.506 0.0000000000
116254  43.155  49.652  -3.476 0.0000000000
116267  45.169  49.941  -4.460 0.0000000000
117083  45.209  51.060  -3.765 0.0000000000
120971  42.601  55.342  -1.733 0.0000000000
120326  42.997  54.672  -1.999 0.0000000000
120970  43.474  55.398  -1.970 0.0000000000
119590  48.349  53.665  -2.175 0.0000000000
119589  48.917  53.167  -2.294 0.0000000000
118812  48.899  52.594  -1.790 0.0000000000
118797  49.048  52.606  -1.071 0.0000000000
115431  51.128  48.418  1.558 0.0000000000
116208  50.825  48.998  1.424 0.0000000000
114627  50.812  47.816  2.296 0.0000000000
108715  48.698  40.374  1.549 0.0000000000
107826  46.170  39.568  2.476 0.0000000000
102983  43.486  34.255  4.466 0.0000000000
103731  43.201  34.716  4.284 0.0000000000
102996  43.116  33.698  3.814 0.0000000000
103012  42.374  33.733  2.656 0.0000000000
103011  43.311  33.249  2.598 0.0000000000
102950  49.503  33.666  6.225 0.0000000000
102191  48.002  32.678  6.113 0.0000000000
102207  49.859  33.018  4.449 0.0000000000
109581  41.859  41.732  3.010 0.0000000000
109602  41.327  41.172  2.650 0.0000000000
109580  42.291  41.742  2.948 0.0000000000
109600  43.547  41.283  2.417 0.0000000000
108706  41.692  40.549  2.552 0.0000000000
107830  41.961  39.765  2.783 0.0000000000
114640  46.807  48.093  2.778 0.0000000000
115436  46.012  48.818  2.213 0.0000000000
114632  45.336  47.144  3.418 0.0000000000
111358  43.291  43.158  3.420 0.0000000000
110478  41.571  42.383  3.430 0.0000000000
107744  48.623  39.178  11.041 0.0000000000
107743  49.557  39.042  11.068 0.0000000000
107709  52.406  38.771  12.005 0.0000000000
107726  52.224  38.599  11.245 0.0000000000
106825  52.548  38.121  11.595 0.0000000000
136399  54.172  37.395  9.605 0.0000000000
105977  53.593  37.225  10.076 0.0000000000
115501  47.115  48.467  -6.682 0.0000000000
114712  46.432  47.740  -7.210 0.0000000000
116216  52.116  49.132  1.777 0.0000000000
115439  52.318  48.399  1.750 0.0000000000
116205  52.238  48.611  2.411 0.0000000000
116179  51.393  48.955  4.880 0.0000000000
114623  51.932  47.717  4.392 0.0000000000
114619  51.672  47.497  5.292 0.0000000000
113782  52.181  46.337  5.564 0.0000000000
114620  51.228  47.123  6.209 0.0000000000
114611  45.745  47.358  6.880 0.0000000000
113778  43.528  46.177  7.095 0.0000000000
112950  43.257  45.460  6.984 0.0000000000
112169  43.019  44.665  6.919 0.0000000000
112160  42.720  44.934  7.166 0.0000000000
111310  42.052  43.992  7.189 0.0000000000
112161  42.256  44.587  7.271 0.0000000000
112158  40.596  44.423  8.657 0.0000000000
112154  40.448  44.249  9.575 0.0000000000
110411  39.746  42.736  9.899 0.0000000000
111304  39.920  43.238  10.042 0.0000000000
120933  46.435  55.734  0.896 0.0000000000
120947  46.280  55.354  0.128 0.0000000000
120932  47.036  55.210  0.842 0.0000000000
119532  49.365  53.716  1.116 0.0000000000
120280  48.655  53.987  0.707 0.0000000000
120279  49.080  53.829  0.760 0.0000000000
118781  49.733  52.724  0.441 0.0000000000
117857  50.718  51.097  2.403 0.0000000000
116217  51.417  49.084  1.275 0.0000000000
107803  46.695  39.793  3.651 0.0000000000
105223  44.736  36.422  5.410 0.0000000000
104445  44.634  35.952  5.429 0.0000000000
104458  44.283  35.535  5.016 0.0000000000
103720  44.309  34.781  5.391 0.0000000000
105249  38.175  36.313  3.148 0.0000000000
107832  40.227  39.629  2.248 0.0000000000
105259  39.428  36.856  2.659 0.0000000000
106062  39.441  37.762  2.857 0.0000000000
104486  38.671  35.683  2.644 0.0000000000
104497  38.753  34.740  1.844 0.0000000000
103762  39.265  34.472  1.367 0.0000000000
103784  40.665  34.742  0.609 0.0000000000
117960  47.153  51.239  -3.334 0.0000000000
117059  46.703  50.413  -2.780 0.0000000000
116236  45.367  49.223  -1.294 0.0000000000
116241  46.187  49.616  -2.288 0.0000000000
115458  45.667  48.973  -1.879 0.0000000000
115459  45.206  48.477  -1.515 0.0000000000
117859  47.860  52.008  2.711 0.0000000000
116994  48.040  50.667  3.713 0.0000000000
117941  39.341  52.274  -1.479 0.0000000000
119592  40.770  53.902  -1.538 0.0000000000
120964  41.356  55.460  -1.007 0.0000000000
120317  41.475  55.080  -1.289 0.0000000000
120921  44.129  56.547  2.021 0.0000000000
121571  43.470  57.451  1.150 0.0000000000
121585  43.678  56.779  0.013 0.0000000000
121556  45.429  56.881  1.264 0.0000000000
118756  47.143  53.671  1.855 0.0000000000
119534  46.921  54.402  1.776 0.0000000000
118731  48.790  53.040  2.744 0.0000000000
105998  43.485  37.297  7.823 0.0000000000
106002  44.095  36.700  7.575 0.0000000000
105193  44.503  36.654  8.549 0.0000000000
104406  47.885  35.708  9.498 0.0000000000
104407  46.769  35.601  9.353 0.0000000000
103672  48.379  35.105  9.214 0.0000000000
103690  48.931  34.432  7.793 0.0000000000
103679  49.505  35.248  8.239 0.0000000000
105982  50.203  37.639  9.886 0.0000000000
105988  49.695  37.172  9.653 0.0000000000
105996  50.953  37.243  8.781 0.0000000000
136388  51.761  36.422  7.156 0.0000000000
104444  51.997  35.456  5.259 0.0000000000
103718  52.352  34.891  3.848 0.0000000000
104455  52.810  35.348  4.342 0.0000000000
112972  48.222  44.554  3.843 0.0000000000
112195  47.900  44.100  3.717 0.0000000000
112194  48.808  43.933  3.703 0.0000000000
111351  51.044  43.221  3.653 0.0000000000
111352  49.618  43.129  3.520 0.0000000000
110470  49.956  41.876  3.390 0.0000000000
109594  49.709  41.120  2.193 0.0000000000
112960  52.677  45.434  3.578 0.0000000000
112191  52.806  44.631  3.508 0.0000000000
112182  53.126  44.568  4.010 0.0000000000
110431  51.353  42.081  5.103 0.0000000000
110447  53.150  41.661  4.678 0.0000000000
110448  51.953  41.684  4.491 0.0000000000
108672  50.386  40.870  3.578 0.0000000000
109557  49.693  41.072  4.235 0.0000000000
109558  48.364  41.261  4.595 0.0000000000
109559  47.024  40.956  4.619 0.0000000000
109560  45.938  40.867  4.731 0.0000000000
108653  44.872  40.473  4.886 0.0000000000
116970  49.207  50.440  4.480 0.0000000000
116969  49.960  50.387  4.784 0.0000000000
114595  49.096  47.970  7.610 0.0000000000
116117  49.665  48.832  7.618 0.0000000000
114607  49.555  47.350  7.424 0.0000000000
113772  49.577  46.934  6.742 0.0000000000
113785  48.715  46.486  6.188 0.0000000000
113776  45.330  46.439  6.648 0.0000000000
113775  46.358  46.606  6.537 0.0000000000
112946  46.960  45.599  6.220 0.0000000000
112166  46.352  44.557  5.952 0.0000000000
111327  46.486  43.622  5.731 0.0000000000
109539  43.710  41.425  5.584 0.0000000000
108655  43.048  40.191  5.446 0.0000000000
107772  42.470  39.093  6.100 0.0000000000
107768  41.607  39.615  7.385 0.0000000000
107767  42.156  38.911  7.258 0.0000000000
106849  42.653  38.758  8.754 0.0000000000
109524  40.908  41.369  7.438 0.0000000000
108638  40.649  40.774  7.896 0.0000000000
107758  41.801  39.428  9.577 0.0000000000
107756  44.123  39.076  9.744 0.0000000000
107747  45.145  39.231  10.570 0.0000000000
115492  43.767  48.074  -5.421 0.0000000000
114694  42.713  47.791  -5.211 0.0000000000
117104  46.943  51.147  -5.478 0.0000000000
116265  46.946  50.698  -5.708 0.0000000000
118016  47.504  51.495  -5.760 0.0000000000
120316  45.355  54.933  -1.309 0.0000000000
120336  46.364  54.168  -3.476 0.0000000000
120337  45.731  54.252  -2.994 0.0000000000
119616  45.619  53.697  -3.273 0.0000000000
118846  45.937  52.900  -3.795 0.0000000000
118858  46.225  52.476  -4.140 0.0000000000
119623  46.951  53.399  -4.419 0.0000000000
118855  48.409  53.222  -4.545 0.0000000000
117982  47.760  51.707  -4.205 0.0000000000
118828  48.306  52.555  -3.795 0.0000000000
117934  48.679  51.999  -1.444 0.0000000000
117915  47.761  51.494  -1.024 0.0000000000
117901  48.257  51.351  -0.362 0.0000000000
117912  50.345  51.477  0.119 0.0000000000
117913  49.711  51.533  -0.410 0.0000000000
117038  50.281  50.994  -0.203 0.0000000000
117020  49.431  50.416  0.957 0.0000000000
116220  48.649  49.993  1.554 0.0000000000
117021  48.373  50.461  0.905 0.0000000000
116211  47.930  49.347  2.050 0.0000000000
113790  49.299  45.891  3.978 0.0000000000
113800  48.558  46.751  3.771 0.0000000000
113791  48.167  45.785  4.065 0.0000000000
110495  46.178  41.523  2.116 0.0000000000
109598  45.926  41.285  1.762 0.0000000000
107839  45.391  40.189  1.588 0.0000000000
108703  44.737  40.302  1.850 0.0000000000
107828  44.123  39.751  2.617 0.0000000000
107817  43.402  39.073  3.222 0.0000000000
106898  44.502  37.962  3.860 0.0000000000
104470  42.305  35.780  3.683 0.0000000000
105246  42.131  36.710  3.654 0.0000000000
103759  42.148  34.231  1.444 0.0000000000
103806  40.969  34.658  -0.274 0.0000000000
103805  41.829  34.721  -0.386 0.0000000000
104428  44.893  35.051  8.053 0.0000000000
104429  44.641  35.455  7.485 0.0000000000
103697  44.973  34.245  7.396 0.0000000000
101442  46.713  32.097  5.796 0.0000000000
102194  45.328  33.260  6.494 0.0000000000
102211  45.801  32.443  5.301 0.0000000000
102228  45.027  32.607  4.616 0.0000000000
102227  46.029  32.219  4.420 0.0000000000
103008  49.242  33.930  1.541 0.0000000000
102239  48.976  33.301  2.880 0.0000000000
103009  48.683  33.875  1.675 0.0000000000
110476  43.756  42.056  3.056 0.0000000000
110497  42.670  41.751  2.860 0.0000000000
113802  46.236  46.068  3.799 0.0000000000
112974  44.434  45.154  3.592 0.0000000000
107729  49.406  39.438  11.659 0.0000000000
107712  50.269  39.404  12.304 0.0000000000
107671  52.239  39.234  13.302 0.0000000000
105963  52.627  37.943  12.487 0.0000000000
117006  50.984  50.278  2.520 0.0000000000
117005  51.451  49.547  2.616 0.0000000000
116992  50.975  50.114  3.594 0.0000000000
116199  51.213  49.672  4.317 0.0000000000
116180  51.123  49.305  5.475 0.0000000000
114598  44.694  47.532  7.976 0.0000000000
113768  42.719  46.389  8.220 0.0000000000
120235  48.163  54.400  1.853 0.0000000000
119533  48.994  54.000  1.715 0.0000000000
118754  50.469  52.145  1.538 0.0000000000
106878  44.924  37.961  4.869 0.0000000000
106025  44.663  37.397  5.341 0.0000000000
106012  44.519  36.857  5.654 0.0000000000
106911  40.746  39.086  2.670 0.0000000000
106054  39.841  38.107  2.890 0.0000000000
106903  40.072  38.226  2.883 0.0000000000
104495  40.331  35.780  1.778 0.0000000000
117916  46.994  51.255  -1.661 0.0000000000
117049  46.334  50.612  -1.954 0.0000000000
116231  45.852  50.152  -0.990 0.0000000000
116232  45.590  49.856  -0.658 0.0000000000
110480  39.503  42.432  3.434 0.0000000000
108693  38.012  40.576  2.693 0.0000000000
118733  46.866  52.938  1.799 0.0000000000
117860  46.703  52.023  2.179 0.0000000000
117008  46.762  51.115  2.815 0.0000000000
120923  42.412  55.983  2.577 0.0000000000
120904  42.634  56.778  2.606 0.0000000000
120936  43.598  55.998  2.208 0.0000000000
120283  44.074  56.143  2.018 0.0000000000
120258  45.509  55.558  1.697 0.0000000000
106851  44.058  37.473  8.835 0.0000000000
105993  44.573  37.124  8.970 0.0000000000
105190  47.256  36.541  9.576 0.0000000000
136402  53.009  37.991  8.357 0.0000000000
136391  51.940  37.200  8.006 0.0000000000
105220  52.947  37.389  7.669 0.0000000000
104442  53.846  36.625  6.505 0.0000000000
104454  53.748  35.831  5.048 0.0000000000
112961  50.160  44.985  3.941 0.0000000000
112193  51.189  44.546  3.581 0.0000000000
112192  52.213  44.181  3.329 0.0000000000
112174  52.793  43.843  4.558 0.0000000000
111323  51.889  42.752  4.611 0.0000000000
110451  48.704  41.691  4.819 0.0000000000
110433  48.471  42.136  5.077 0.0000000000
116160  48.424  49.364  5.908 0.0000000000
116159  49.302  49.563  6.261 0.0000000000
115392  48.748  48.461  7.207 0.0000000000
112947  45.809  45.573  6.206 0.0000000000
111329  44.789  43.016  5.668 0.0000000000
110422  44.243  42.757  5.807 0.0000000000
109529  43.358  41.777  5.903 0.0000000000
108641  42.426  40.306  6.081 0.0000000000
109520  39.925  41.524  8.983 0.0000000000
108635  40.428  40.507  8.725 0.0000000000
107759  41.014  39.924  9.711 0.0000000000
116269  42.985  48.925  -4.146 0.0000000000
115479  43.397  48.447  -4.637 0.0000000000
115478  44.500  48.759  -4.801 0.0000000000
115477  45.504  49.189  -5.228 0.0000000000
119591  41.329  53.474  -1.626 0.0000000000
118814  41.645  52.864  -1.623 0.0000000000
119607  42.452  53.987  -1.716 0.0000000000
119606  43.416  53.827  -1.965 0.0000000000
120314  47.206  54.056  -2.099 0.0000000000
120322  47.073  54.270  -3.328 0.0000000000
120335  46.879  54.342  -3.984 0.0000000000
119614  47.504  53.934  -4.070 0.0000000000
119613  48.263  53.538  -3.992 0.0000000000
118827  48.652  52.747  -2.944 0.0000000000
117019  50.287  50.289  1.036 0.0000000000
116209  50.054  49.286  1.802 0.0000000000
115433  49.561  48.817  2.406 0.0000000000
115425  49.275  48.202  2.924 0.0000000000
114628  50.067  47.648  3.071 0.0000000000
113799  49.755  46.829  3.647 0.0000000000
109596  48.065  41.250  1.290 0.0000000000
109614  46.418  40.818  1.106 0.0000000000
108717  46.821  40.251  1.225 0.0000000000
107838  46.036  39.995  1.726 0.0000000000
107827  45.179  39.612  2.349 0.0000000000
105233  44.243  36.124  4.612 0.0000000000
105244  43.956  36.503  4.211 0.0000000000
105234  43.629  35.996  4.281 0.0000000000
104469  43.049  35.506  4.074 0.0000000000
102997  42.199  34.053  3.314 0.0000000000
103758  42.748  34.142  0.763 0.0000000000
102942  46.331  33.719  7.894 0.0000000000
102943  45.407  33.757  7.411 0.0000000000
102181  46.738  32.961  7.142 0.0000000000
102210  47.455  32.129  5.698 0.0000000000
101469  47.808  31.979  4.829 0.0000000000
109603  40.363  41.171  2.460 0.0000000000
107831  41.095  39.822  2.523 0.0000000000
109601  42.403  41.417  2.698 0.0000000000
116222  46.196  49.594  1.453 0.0000000000
112200  42.841  44.212  3.823 0.0000000000
120237  42.025  55.803  2.587 0.0000000000
119538  42.701  54.582  1.662 0.0000000000
118760  42.983  53.666  1.292 0.0000000000
106840  46.784  38.720  10.427 0.0000000000
106844  47.665  38.067  10.126 0.0000000000
106839  47.878  38.522  10.450 0.0000000000
106837  50.004  38.439  10.620 0.0000000000
106836  50.963  37.852  10.130 0.0000000000
107727  51.452  39.014  11.448 0.0000000000
106829  51.810  38.244  10.469 0.0000000000
136383  54.078  38.037  9.221 0.0000000000
136379  54.398  37.571  8.892 0.0000000000
114650  52.010  47.704  1.335 0.0000000000
113812  52.015  47.037  2.199 0.0000000000
113811  52.135  47.258  2.121 0.0000000000
113788  52.459  46.433  3.761 0.0000000000
115422  51.922  48.198  3.615 0.0000000000
114622  52.236  47.208  4.062 0.0000000000
113781  52.300  46.678  4.650 0.0000000000
115410  46.627  48.458  6.537 0.0000000000
113777  44.359  46.382  6.769 0.0000000000
111318  42.348  43.757  6.984 0.0000000000
110425  41.799  42.947  6.973 0.0000000000
111319  41.895  43.452  7.091 0.0000000000
110419  40.277  42.775  8.162 0.0000000000
111312  40.609  44.000  8.094 0.0000000000
110415  39.754  42.528  9.426 0.0000000000
109517  39.636  41.466  10.232 0.0000000000
108628  39.711  40.607  10.950 0.0000000000
117084  43.950  50.949  -2.952 0.0000000000
121584  44.560  56.340  -0.364 0.0000000000
120960  44.573  55.811  -1.209 0.0000000000
120948  45.516  55.704  -0.260 0.0000000000
120301  45.823  54.861  -0.583 0.0000000000
120300  46.919  54.508  -0.489 0.0000000000
120281  47.674  54.595  0.664 0.0000000000
119559  47.601  54.025  -0.165 0.0000000000
119575  49.087  52.765  -0.685 0.0000000000
118795  49.997  52.021  -0.006 0.0000000000
117898  50.635  51.467  0.769 0.0000000000
117027  50.697  50.783  0.810 0.0000000000
107812  47.761  39.903  2.937 0.0000000000
107825  47.120  39.798  2.404 0.0000000000
107814  46.461  39.260  3.246 0.0000000000
106023  44.958  36.452  4.944 0.0000000000
106038  44.670  36.388  4.749 0.0000000000
103721  43.796  34.767  4.793 0.0000000000
102995  43.819  33.352  4.357 0.0000000000
102980  51.297  34.064  3.780 0.0000000000
102994  50.526  33.733  3.090 0.0000000000
104488  36.897  34.901  2.435 0.0000000000
106063  38.737  37.827  3.026 0.0000000000
104472  38.248  35.855  3.016 0.0000000000
104487  37.530  35.020  2.571 0.0000000000
103747  37.037  34.717  1.875 0.0000000000
103764  37.342  34.373  1.175 0.0000000000
103048  39.514  33.694  0.321 0.0000000000
116251  46.758  49.310  -3.110 0.0000000000
116227  45.665  49.965  0.488 0.0000000000
115447  44.916  49.243  -0.066 0.0000000000
118706  49.348  52.440  3.102 0.0000000000
117833  49.138  51.655  3.599 0.0000000000
116993  48.891  50.871  4.029 0.0000000000
116183  48.263  49.665  4.945 0.0000000000
116161  47.428  49.138  5.759 0.0000000000
120328  41.623  54.610  -1.501 0.0000000000
120972  41.966  55.139  -1.534 0.0000000000
120962  43.086  56.057  -1.514 0.0000000000
122203  42.007  57.797  1.899 0.0000000000
121598  42.339  56.571  -0.446 0.0000000000
121597  42.936  56.597  -0.760 0.0000000000
121596  43.727  56.353  -0.918 0.0000000000
121569  45.476  56.446  0.417 0.0000000000
121555  45.963  56.447  0.984 0.0000000000
120257  46.563  55.314  1.565 0.0000000000
120256  47.641  54.692  1.631 0.0000000000
106014  43.550  37.602  6.272 0.0000000000
105206  44.036  36.844  6.519 0.0000000000
104418  44.763  35.547  8.175 0.0000000000
105192  45.136  36.327  8.854 0.0000000000
104416  46.111  35.200  8.962 0.0000000000
102930  46.607  34.109  8.463 0.0000000000
102929  47.212  33.965  8.463 0.0000000000
102939  49.216  34.190  7.029 0.0000000000
102949  50.286  33.953  5.812 0.0000000000
105989  48.813  37.264  9.854 0.0000000000
105188  49.346  36.493  9.570 0.0000000000
104404  49.905  35.966  9.226 0.0000000000
136396  51.173  37.075  8.086 0.0000000000
105204  50.737  36.676  7.949 0.0000000000
104427  50.036  35.586  7.985 0.0000000000
103689  49.822  35.261  7.637 0.0000000000
103696  50.705  34.760  5.961 0.0000000000
103708  50.841  34.226  5.428 0.0000000000
102979  52.000  34.451  3.433 0.0000000000
112196  47.014  43.930  3.561 0.0000000000
111355  46.527  43.065  3.165 0.0000000000
111354  47.488  43.166  3.143 0.0000000000
110472  48.027  42.365  2.630 0.0000000000
112185  49.708  44.052  3.869 0.0000000000
110471  48.976  42.257  2.865 0.0000000000
110492  48.543  41.734  1.998 0.0000000000
109595  48.988  41.253  1.521 0.0000000000
109611  49.127  40.759  1.509 0.0000000000
108700  48.986  40.229  2.256 0.0000000000
112968  52.328  45.395  3.167 0.0000000000
111350  52.520  42.624  3.519 0.0000000000
111333  53.167  42.431  4.123 0.0000000000
111349  53.114  41.786  3.609 0.0000000000
110468  52.616  41.565  3.367 0.0000000000
109576  50.529  41.239  3.332 0.0000000000
108689  49.372  40.433  3.051 0.0000000000
108690  48.176  40.039  2.977 0.0000000000
108691  47.688  40.045  3.275 0.0000000000
108676  46.320  40.225  4.256 0.0000000000
107805  44.858  39.743  4.731 0.0000000000
107788  44.458  38.951  4.963 0.0000000000
106880  43.834  38.369  5.420 0.0000000000
117810  49.978  50.927  4.175 0.0000000000
116968  50.686  50.089  4.695 0.0000000000
116157  50.689  49.074  6.677 0.0000000000
116136  50.149  49.082  7.364 0.0000000000
116135  50.587  48.715  7.203 0.0000000000
113771  50.537  46.875  6.684 0.0000000000
112943  50.282  46.101  6.275 0.0000000000
112955  49.622  45.422  5.797 0.0000000000
112945  47.928  46.208  6.236 0.0000000000
112956  48.419  45.598  5.794 0.0000000000
112177  48.757  44.394  5.551 0.0000000000
111326  47.900  43.368  5.581 0.0000000000
110436  44.563  42.444  5.608 0.0000000000
106865  43.175  38.148  5.993 0.0000000000
106847  44.618  38.194  9.509 0.0000000000
108637  41.146  40.483  7.450 0.0000000000
107763  41.548  39.560  8.443 0.0000000000
106841  45.652  38.734  10.307 0.0000000000
107731  47.321  39.569  11.690 0.0000000000
115489  46.693  49.027  -6.141 0.0000000000
116281  46.295  49.422  -5.646 0.0000000000
116280  47.057  50.110  -5.951 0.0000000000
116279  47.841  50.593  -6.590 0.0000000000
117120  48.138  51.225  -6.575 0.0000000000
117999  48.383  51.720  -5.340 0.0000000000
117060  43.675  51.282  -2.603 0.0000000000
120969  44.355  55.364  -1.947 0.0000000000
117985  44.862  51.967  -3.019 0.0000000000
117082  45.831  51.545  -4.177 0.0000000000
118001  46.395  51.993  -4.357 0.0000000000
119622  47.336  53.473  -4.516 0.0000000000
117039  47.442  51.043  -0.347 0.0000000000
117022  47.453  50.430  0.741 0.0000000000
117933  49.214  51.989  -0.871 0.0000000000
117900  49.040  51.258  -0.131 0.0000000000
117028  50.126  50.662  0.329 0.0000000000
115435  47.247  48.738  2.424 0.0000000000
114639  47.534  48.296  2.833 0.0000000000
115426  48.590  48.048  3.133 0.0000000000
114630  47.818  47.699  3.313 0.0000000000
113792  47.199  45.658  4.080 0.0000000000
112964  47.018  45.013  4.041 0.0000000000
110474  45.985  41.879  2.572 0.0000000000
109578  45.247  41.604  2.152 0.0000000000
108704  43.830  40.501  2.249 0.0000000000
109615  45.496  40.842  1.309 0.0000000000
107818  42.497  39.198  3.139 0.0000000000
106051  41.828  37.679  3.621 0.0000000000
106899  43.638  38.135  3.638 0.0000000000
105247  41.227  36.942  3.235 0.0000000000
104483  41.087  36.342  2.659 0.0000000000
104494  40.926  35.945  2.106 0.0000000000
103760  41.189  35.277  1.524 0.0000000000
105214  44.244  36.685  6.195 0.0000000000
104435  44.637  35.577  6.523 0.0000000000
103709  44.635  34.841  6.118 0.0000000000
102183  45.330  33.475  6.958 0.0000000000
102954  44.675  34.328  6.429 0.0000000000
102970  44.523  33.948  5.883 0.0000000000
102213  44.434  33.507  5.316 0.0000000000
102229  44.343  33.166  4.799 0.0000000000
102244  44.030  32.805  3.828 0.0000000000
102224  49.035  32.709  3.775 0.0000000000
102241  47.137  32.525  3.259 0.0000000000
102269  47.689  34.010  1.321 0.0000000000
102256  47.252  32.941  2.237 0.0000000000
102242  46.164  32.345  3.395 0.0000000000
102258  45.398  32.620  2.659 0.0000000000
102259  44.319  32.763  2.631 0.0000000000
102260  43.765  32.906  3.098 0.0000000000
103010  43.804  33.133  1.964 0.0000000000
103026  43.241  33.586  1.316 0.0000000000
105115  52.541  37.588  13.452 0.0000000000
105139  52.573  37.133  12.181 0.0000000000
105162  53.264  36.675  10.126 0.0000000000
101443  46.254  32.277  5.646 0.0000000000
101457  47.585  31.928  5.163 0.0000000000
101458  47.043  31.780  5.262 0.0000000000
101459  46.434  32.081  5.200 0.0000000000
101470  47.365  31.904  4.713 0.0000000000
101471  46.751  31.919  4.738 0.0000000000
102182  45.784  33.136  7.131 0.0000000000
102190  48.888  32.878  5.773 0.0000000000
102192  47.133  32.394  6.445 0.0000000000
102208  49.023  32.563  4.823 0.0000000000
102223  49.821  33.235  3.472 0.0000000000
102225  48.002  32.186  4.187 0.0000000000
102253  49.604  33.783  2.031 0.0000000000
102254  49.064  33.679  2.147 0.0000000000
102255  48.156  33.572  1.987 0.0000000000
102928  48.251  33.977  8.303 0.0000000000
102940  48.406  33.690  7.433 0.0000000000
102941  47.452  33.480  7.747 0.0000000000
102952  47.736  33.069  6.927 0.0000000000
102953  44.898  33.855  6.751 0.0000000000
102966  51.176  34.102  4.746 0.0000000000
102968  49.764  33.155  5.411 0.0000000000
102969  44.908  33.510  6.207 0.0000000000
102981  50.583  33.541  4.104 0.0000000000
102992  51.896  34.714  2.529 0.0000000000
103671  48.835  35.146  9.103 0.0000000000
103673  47.530  35.066  9.278 0.0000000000
103680  48.993  34.964  8.619 0.0000000000
103681  47.905  34.444  9.006 0.0000000000
103683  45.943  34.758  8.617 0.0000000000
103691  46.183  34.285  8.436 0.0000000000
103693  44.858  34.741  7.617 0.0000000000
103719  51.907  34.827  4.453 0.0000000000
104403  50.173  36.206  9.100 0.0000000000
104405  49.053  35.533  9.336 0.0000000000
104408  45.877  35.779  9.078 0.0000000000
104413  50.248  36.143  8.750 0.0000000000
104414  49.744  35.515  8.518 0.0000000000
104417  45.367  35.365  8.538 0.0000000000
104426  50.452  36.018  7.869 0.0000000000
104456  52.238  35.259  4.693 0.0000000000
104457  44.575  35.881  5.228 0.0000000000
105187  50.133  36.551  9.231 0.0000000000
105198  44.450  36.201  8.076 0.0000000000
105203  50.932  36.608  7.530 0.0000000000
105221  52.182  36.435  7.021 0.0000000000
105222  44.673  36.120  5.248 0.0000000000
105943  52.492  38.464  13.445 0.0000000000
105981  50.894  37.457  9.387 0.0000000000
105984  48.436  37.972  10.199 0.0000000000
105985  47.927  38.048  10.151 0.0000000000
105987  50.410  37.125  9.248 0.0000000000
105997  43.942  36.988  8.197 0.0000000000
106004  43.263  37.712  6.617 0.0000000000
106801  52.402  39.047  13.380 0.0000000000
106802  52.154  39.053  13.960 0.0000000000
106817  52.564  38.666  12.701 0.0000000000
106830  50.811  38.558  10.962 0.0000000000
106838  48.963  38.564  10.565 0.0000000000
106842  45.011  38.793  10.133 0.0000000000
106845  47.126  38.081  10.057 0.0000000000
106856  43.269  37.512  7.604 0.0000000000
107672  52.179  39.183  13.530 0.0000000000
107690  52.352  39.176  12.853 0.0000000000
107691  51.932  39.388  13.182 0.0000000000
107692  51.129  39.254  13.033 0.0000000000
107711  51.226  39.408  12.307 0.0000000000
107725  52.421  38.272  11.194 0.0000000000
107728  50.379  39.172  11.507 0.0000000000
107742  50.025  38.893  11.115 0.0000000000
107813  47.371  39.854  3.145 0.0000000000
107824  47.709  39.863  2.678 0.0000000000
108631  40.173  40.506  9.751 0.0000000000
108632  39.799  40.785  10.207 0.0000000000
108673  49.926  40.832  3.588 0.0000000000
108678  44.816  40.184  4.807 0.0000000000
108688  50.155  40.873  3.321 0.0000000000
108702  47.326  39.987  1.659 0.0000000000
108710  38.430  40.445  2.505 0.0000000000
108714  49.354  40.561  1.895 0.0000000000
108716  47.850  40.216  1.194 0.0000000000
108719  45.207  40.666  1.366 0.0000000000
109513  39.647  41.529  11.091 0.0000000000
109521  39.690  41.749  9.622 0.0000000000
109536  47.568  41.701  4.942 0.0000000000
109556  50.973  40.927  3.880 0.0000000000
109561  45.465  40.800  4.824 0.0000000000
109575  51.942  41.316  3.624 0.0000000000
109577  45.681  41.534  2.125 0.0000000000
109597  47.021  41.257  1.318 0.0000000000
109613  47.463  40.747  0.866 0.0000000000
109616  45.114  40.869  1.262 0.0000000000
110412  39.691  42.413  10.283 0.0000000000
110416  39.613  42.041  9.869 0.0000000000
110429  53.102  41.926  5.009 0.0000000000
110430  52.597  41.976  5.123 0.0000000000
110450  49.301  41.662  4.752 0.0000000000
110467  53.061  41.252  3.544 0.0000000000
110494  46.650  41.566  2.061 0.0000000000
111305  39.793  42.841  10.276 0.0000000000
111314  46.180  44.014  5.814 0.0000000000
111328  45.306  43.156  5.615 0.0000000000
111332  53.329  41.492  3.945 0.0000000000
111334  50.675  43.582  3.662 0.0000000000
111335  50.338  43.574  3.714 0.0000000000
112150  40.524  44.106  10.505 0.0000000000
112165  46.862  44.932  5.990 0.0000000000
112173  53.005  44.565  4.333 0.0000000000
112175  51.406  43.978  5.166 0.0000000000
112179  46.713  44.250  5.883 0.0000000000
112186  47.670  44.509  3.840 0.0000000000
112188  46.765  44.527  3.854 0.0000000000
112944  49.703  46.205  6.186 0.0000000000
112963  47.786  44.875  3.956 0.0000000000
112965  46.367  45.053  3.975 0.0000000000
112971  48.425  44.366  3.792 0.0000000000
113763  50.134  47.278  7.444 0.0000000000
113764  49.783  47.269  7.490 0.0000000000
113813  51.742  46.923  2.407 0.0000000000
114594  49.697  47.665  7.810 0.0000000000
114596  48.828  48.135  7.441 0.0000000000
114606  50.675  47.593  7.107 0.0000000000
114608  49.149  47.521  7.259 0.0000000000
114626  52.132  47.667  3.798 0.0000000000
114636  52.302  47.680  1.980 0.0000000000
114637  52.098  47.501  1.684 0.0000000000
114648  52.282  48.120  1.473 0.0000000000
114649  52.183  47.916  1.350 0.0000000000
114711  47.412  47.952  -7.302 0.0000000000
115371  50.295  48.100  7.807 0.0000000000
115372  50.131  48.241  7.933 0.0000000000
115373  49.565  48.360  7.797 0.0000000000
115374  49.120  48.324  7.572 0.0000000000
115389  50.518  48.220  7.513 0.0000000000
115390  50.282  48.623  7.641 0.0000000000
115391  49.308  48.638  7.527 0.0000000000
115407  51.315  48.207  5.558 0.0000000000
115408  51.027  48.285  6.355 0.0000000000
115417  51.495  48.446  4.892 0.0000000000
115421  52.190  48.103  2.993 0.0000000000
115423  50.615  48.294  2.009 0.0000000000
115424  50.133  48.276  2.468 0.0000000000
115429  52.293  48.293  2.461 0.0000000000
115430  52.128  48.365  2.930 0.0000000000
115441  51.810  48.144  1.199 0.0000000000
116116  49.968  48.692  7.801 0.0000000000
116158  50.175  49.539  6.538 0.0000000000
116206  51.932  48.797  2.798 0.0000000000
116207  51.167  48.832  1.312 0.0000000000
116215  52.292  48.673  2.168 0.0000000000
116252  45.053  50.430  -4.019 0.0000000000
116971  48.457  50.308  4.286 0.0000000000
116991  51.396  49.432  3.487 0.0000000000
117041  45.927  50.287  -0.613 0.0000000000
117106  45.376  50.619  -4.202 0.0000000000
117940  40.184  52.216  -1.459 0.0000000000
118030  48.533  51.413  -6.716 0.0000000000
118832  41.902  53.509  -1.637 0.0000000000
118845  46.473  53.195  -4.158 0.0000000000
119608  41.637  54.064  -1.608 0.0000000000
119609  41.296  54.269  -1.514 0.0000000000
120236  48.032  54.413  1.964 0.0000000000
120254  49.039  54.117  1.001 0.0000000000
120259  44.368  55.725  1.823 0.0000000000
120260  43.398  55.536  1.945 0.0000000000
120261  42.323  55.381  2.309 0.0000000000
120284  43.864  55.943  2.014 0.0000000000
120302  45.404  55.228  -0.782 0.0000000000
120905  42.071  56.320  2.637 0.0000000000
120922  43.164  56.345  2.475 0.0000000000
120935  43.793  56.223  2.158 0.0000000000
120949  45.015  55.973  -0.669 0.0000000000
120959  45.100  55.503  -0.998 0.0000000000
121541  42.958  57.197  2.571 0.0000000000
121542  42.314  57.090  2.601 0.0000000000
121557  44.471  57.068  1.593 0.0000000000
121568  45.997  56.222  0.736 0.0000000000
121583  45.170  56.176  -0.233 0.0000000000
121586  42.823  57.134  0.089 0.0000000000
121595  44.180  56.108  -1.029 0.0000000000
122190  42.625  57.585  2.481 0.0000000000
122191  42.127  57.534  2.422 0.0000000000
122201  43.061  57.756  2.382 0.0000000000
122202  42.620  57.987  2.220 0.0000000000
136382  54.066  37.748  9.394 0.0000000000
136384  54.064  38.091  8.890 0.0000000000
136385  53.580  38.023  7.969 0.0000000000
136389  50.429  35.756  7.363 0.0000000000
136390  53.606  38.140  8.459 0.0000000000
136393  51.689  36.758  7.497 0.0000000000
136394  53.309  38.035  8.068 0.0000000000
136395  53.361  38.143  8.258 0.0000000000
136397  53.117  37.890  7.981 0.0000000000
136400  52.723  37.727  8.205 0.0000000000
136401  52.902  37.806  8.017 0.0000000000
136418  52.679  41.168  3.517 0.0000000000
