#!ascii label  , from subject la02 vox2ras=TkReg
1307
71838  12.822  -3.017  64.209 0.0000000000
59062  6.298  -14.596  55.219 0.0000000000
62485  6.564  -11.379  67.522 0.0000000000
69159  4.380  -5.114  60.873 0.0000000000
73618  5.342  -0.118  53.482 0.0000000000
69124  9.466  -5.346  67.076 0.0000000000
70981  5.974  -4.094  65.212 0.0000000000
135310  15.984  -2.907  63.877 0.0000000000
69114  13.249  -5.284  67.879 0.0000000000
62474  9.571  -11.118  69.158 0.0000000000
77378  3.029  3.450  62.411 0.0000000000
71901  3.859  -1.404  57.068 0.0000000000
80587  6.190  5.077  56.601 0.0000000000
58893  5.346  -14.753  65.405 0.0000000000
62563  5.565  -12.611  62.122 0.0000000000
66421  6.368  -7.987  64.109 0.0000000000
135371  5.201  -0.820  63.198 0.0000000000
66464  6.848  -8.873  57.785 0.0000000000
68351  6.865  -6.742  54.877 0.0000000000
70160  10.211  -4.208  52.356 0.0000000000
73714  6.961  -0.406  48.426 0.0000000000
70034  10.567  -3.680  66.097 0.0000000000
70988  9.492  -3.914  64.595 0.0000000000
71830  14.312  -2.949  64.501 0.0000000000
70023  14.796  -4.299  66.046 0.0000000000
71826  13.132  -3.187  66.393 0.0000000000
71812  10.424  -3.804  69.350 0.0000000000
79585  4.807  4.328  59.108 0.0000000000
61210  6.012  -12.478  66.488 0.0000000000
62509  6.445  -12.160  65.200 0.0000000000
63943  6.699  -9.687  65.599 0.0000000000
72727  6.906  -2.049  61.563 0.0000000000
71002  5.127  -3.078  63.838 0.0000000000
62483  7.659  -11.199  68.490 0.0000000000
60033  7.846  -12.922  68.196 0.0000000000
60035  6.454  -13.187  68.106 0.0000000000
57665  5.254  -15.467  67.011 0.0000000000
66440  6.283  -8.620  61.427 0.0000000000
62574  6.501  -10.960  60.720 0.0000000000
67392  4.900  -7.042  59.222 0.0000000000
71956  4.465  -1.374  54.934 0.0000000000
70119  6.212  -4.775  56.724 0.0000000000
71976  7.426  -2.582  54.694 0.0000000000
69201  8.933  -5.827  54.010 0.0000000000
72016  7.391  -2.396  52.178 0.0000000000
65287  7.847  -8.295  67.451 0.0000000000
66384  5.931  -7.800  67.724 0.0000000000
68284  7.208  -5.191  67.582 0.0000000000
70048  7.906  -3.565  63.991 0.0000000000
135297  18.605  -3.601  63.415 0.0000000000
69148  16.470  -5.601  61.730 0.0000000000
69133  16.277  -5.338  63.973 0.0000000000
67340  13.598  -6.738  65.204 0.0000000000
135198  11.005  -8.105  68.236 0.0000000000
65269  9.398  -8.247  68.417 0.0000000000
135347  4.155  -1.270  61.756 0.0000000000
71056  4.771  -4.049  59.383 0.0000000000
73534  3.032  -0.063  59.641 0.0000000000
76441  3.312  2.062  57.133 0.0000000000
78632  5.312  2.764  55.233 0.0000000000
71027  15.098  -2.720  60.903 0.0000000000
72672  21.192  -1.225  60.030 0.0000000000
73462  22.029  -0.045  63.097 0.0000000000
135313  17.118  -1.509  62.429 0.0000000000
72647  16.193  -1.439  62.294 0.0000000000
56611  5.243  -16.760  64.316 0.0000000000
57731  5.762  -15.757  62.664 0.0000000000
61254  5.298  -13.351  63.879 0.0000000000
134933  6.516  -10.120  63.493 0.0000000000
68310  5.265  -6.594  62.762 0.0000000000
68294  5.774  -5.938  65.381 0.0000000000
70049  4.492  -4.241  63.708 0.0000000000
71013  4.226  -3.289  62.544 0.0000000000
74428  3.329  0.581  64.899 0.0000000000
58976  6.190  -14.679  61.371 0.0000000000
58996  7.196  -14.238  59.067 0.0000000000
62620  7.293  -11.317  56.960 0.0000000000
68341  5.190  -6.367  57.581 0.0000000000
66470  6.215  -8.028  56.365 0.0000000000
64110  6.034  -10.619  54.344 0.0000000000
66497  6.960  -9.054  52.676 0.0000000000
66504  8.921  -8.364  51.653 0.0000000000
80609  7.580  5.386  54.375 0.0000000000
77574  6.856  3.231  52.005 0.0000000000
77606  7.812  3.674  49.797 0.0000000000
73697  5.678  -0.156  50.163 0.0000000000
71206  6.726  -2.902  49.820 0.0000000000
70986  11.599  -3.512  64.819 0.0000000000
70987  10.542  -3.607  64.621 0.0000000000
70996  11.923  -3.707  63.675 0.0000000000
71837  13.802  -2.909  63.972 0.0000000000
70983  13.528  -2.865  65.166 0.0000000000
70984  12.840  -2.928  65.265 0.0000000000
70974  12.334  -3.680  65.906 0.0000000000
57844  5.910  -15.399  54.943 0.0000000000
60233  6.235  -13.818  54.529 0.0000000000
62496  6.410  -11.473  66.840 0.0000000000
63932  6.742  -10.598  66.370 0.0000000000
63931  7.057  -9.789  66.757 0.0000000000
70078  17.648  -4.738  59.461 0.0000000000
62484  6.950  -11.256  68.048 0.0000000000
61183  7.061  -12.164  68.287 0.0000000000
61184  6.301  -12.216  68.008 0.0000000000
60036  5.853  -13.248  67.772 0.0000000000
67374  5.362  -7.038  61.036 0.0000000000
66448  5.851  -7.999  60.757 0.0000000000
67382  4.856  -6.700  60.143 0.0000000000
72789  4.839  -0.435  54.213 0.0000000000
71954  5.979  -2.136  55.529 0.0000000000
71997  6.125  -1.504  53.673 0.0000000000
71995  7.069  -2.510  53.737 0.0000000000
72009  6.508  -1.884  52.704 0.0000000000
135170  9.112  -6.841  67.431 0.0000000000
66374  7.609  -7.309  67.478 0.0000000000
69120  8.042  -6.073  67.054 0.0000000000
69141  8.815  -4.321  64.455 0.0000000000
71042  7.816  -2.890  60.950 0.0000000000
71828  17.371  -3.118  63.115 0.0000000000
135292  16.550  -4.315  63.406 0.0000000000
70969  16.425  -3.773  63.639 0.0000000000
70020  14.282  -4.192  67.095 0.0000000000
69122  14.585  -4.966  66.192 0.0000000000
68276  13.355  -5.651  66.548 0.0000000000
69112  11.675  -6.068  68.465 0.0000000000
135207  10.570  -4.835  68.690 0.0000000000
135213  10.282  -5.120  69.083 0.0000000000
135176  9.639  -7.153  68.210 0.0000000000
65277  8.612  -8.431  67.691 0.0000000000
74451  2.641  1.007  62.365 0.0000000000
135359  3.034  -0.328  60.897 0.0000000000
76411  3.382  2.506  60.657 0.0000000000
80575  5.789  4.810  57.536 0.0000000000
79590  4.665  3.700  58.159 0.0000000000
79602  5.239  3.589  56.917 0.0000000000
77485  4.235  2.592  55.768 0.0000000000
79614  5.956  3.808  55.900 0.0000000000
73481  18.375  -0.976  62.057 0.0000000000
57701  5.190  -15.860  64.617 0.0000000000
58907  5.593  -15.020  64.236 0.0000000000
58894  5.489  -14.994  64.798 0.0000000000
134934  6.366  -9.834  64.757 0.0000000000
62507  6.626  -10.989  64.422 0.0000000000
134953  6.420  -9.535  63.930 0.0000000000
66436  6.396  -8.431  63.184 0.0000000000
67355  6.158  -7.605  63.429 0.0000000000
135240  5.661  -5.502  67.470 0.0000000000
135228  6.140  -7.050  66.496 0.0000000000
135241  5.491  -4.988  65.973 0.0000000000
135363  5.400  -1.473  62.966 0.0000000000
70993  4.749  -3.664  64.095 0.0000000000
71003  4.482  -3.174  63.359 0.0000000000
70057  4.314  -4.117  62.875 0.0000000000
135344  4.434  -2.124  62.721 0.0000000000
73455  4.544  -0.630  63.678 0.0000000000
73448  5.036  -0.122  65.000 0.0000000000
67356  15.972  -6.167  62.814 0.0000000000
67371  15.862  -6.665  60.336 0.0000000000
62482  10.061  -10.988  68.117 0.0000000000
60044  9.115  -11.822  67.289 0.0000000000
61180  8.864  -11.799  68.108 0.0000000000
57655  6.778  -15.272  68.168 0.0000000000
58866  7.492  -14.620  67.395 0.0000000000
57676  4.977  -15.632  66.165 0.0000000000
56587  4.944  -16.656  65.621 0.0000000000
60118  5.618  -14.022  62.750 0.0000000000
57745  5.948  -15.595  62.080 0.0000000000
61292  5.696  -13.333  61.419 0.0000000000
62589  6.737  -11.215  59.450 0.0000000000
61307  6.723  -12.931  60.187 0.0000000000
62602  6.804  -11.382  58.228 0.0000000000
61321  7.256  -12.402  57.967 0.0000000000
64072  6.702  -10.441  57.379 0.0000000000
71900  4.435  -1.796  58.049 0.0000000000
70109  4.911  -5.016  58.487 0.0000000000
71064  5.482  -3.844  57.739 0.0000000000
69188  7.181  -5.802  55.984 0.0000000000
68339  6.125  -6.579  56.409 0.0000000000
68347  6.581  -6.900  55.655 0.0000000000
65408  5.728  -9.527  55.332 0.0000000000
66482  6.089  -8.538  54.677 0.0000000000
64109  5.969  -9.810  54.057 0.0000000000
67427  7.101  -7.557  53.866 0.0000000000
69199  10.051  -5.033  53.513 0.0000000000
68357  9.227  -6.743  53.138 0.0000000000
68363  9.622  -6.947  52.676 0.0000000000
80631  9.324  5.673  52.321 0.0000000000
79648  7.385  4.747  53.076 0.0000000000
79696  8.040  4.630  51.519 0.0000000000
74670  8.382  0.723  47.496 0.0000000000
75653  7.459  1.540  49.050 0.0000000000
75632  6.736  1.691  49.912 0.0000000000
73715  5.971  -0.253  49.080 0.0000000000
71196  5.305  -2.797  50.372 0.0000000000
72034  5.772  -2.235  48.959 0.0000000000
69123  10.530  -4.778  67.188 0.0000000000
70027  9.518  -4.119  66.361 0.0000000000
70966  9.682  -3.591  65.921 0.0000000000
71829  15.542  -2.557  63.734 0.0000000000
71817  15.358  -3.566  64.555 0.0000000000
70971  14.661  -3.236  65.105 0.0000000000
70962  13.850  -3.498  66.253 0.0000000000
70953  13.780  -3.545  67.610 0.0000000000
70013  12.325  -5.030  69.021 0.0000000000
72636  12.121  -2.708  68.372 0.0000000000
70965  11.399  -3.806  67.410 0.0000000000
80543  6.110  4.778  61.209 0.0000000000
79570  4.752  3.927  60.367 0.0000000000
81410  5.858  5.593  60.010 0.0000000000
80555  6.583  5.871  58.900 0.0000000000
80573  7.176  5.653  57.424 0.0000000000
60061  5.429  -13.786  66.155 0.0000000000
61229  5.992  -13.148  65.062 0.0000000000
61211  6.307  -12.232  65.885 0.0000000000
62508  6.499  -11.273  65.865 0.0000000000
134938  6.536  -9.075  65.059 0.0000000000
71001  6.885  -2.683  63.916 0.0000000000
71835  6.072  -3.148  64.230 0.0000000000
135360  6.320  -1.965  62.887 0.0000000000
135372  5.979  -1.661  62.869 0.0000000000
135367  6.777  -0.283  62.773 0.0000000000
73453  6.562  0.292  64.375 0.0000000000
62476  8.295  -11.013  69.247 0.0000000000
60026  8.286  -12.611  69.042 0.0000000000
61182  7.641  -12.061  69.025 0.0000000000
60034  7.254  -12.969  68.219 0.0000000000
58857  5.857  -14.287  68.171 0.0000000000
57664  5.613  -15.343  67.721 0.0000000000
58867  5.532  -14.337  67.311 0.0000000000
58878  5.408  -13.995  66.619 0.0000000000
134941  6.249  -11.222  62.137 0.0000000000
62575  5.824  -11.911  61.153 0.0000000000
65369  6.380  -9.347  61.055 0.0000000000
66454  6.403  -8.792  60.000 0.0000000000
66460  6.284  -8.326  58.596 0.0000000000
71929  4.137  -1.676  56.152 0.0000000000
71075  6.077  -3.670  56.912 0.0000000000
71927  6.136  -2.653  56.460 0.0000000000
71926  7.094  -3.046  56.505 0.0000000000
71091  7.952  -4.774  55.659 0.0000000000
69195  8.339  -5.890  54.855 0.0000000000
71110  8.814  -3.895  54.490 0.0000000000
71132  8.958  -3.835  53.372 0.0000000000
71153  8.841  -3.454  52.363 0.0000000000
73750  7.544  -0.334  46.704 0.0000000000
72044  6.035  -1.962  47.721 0.0000000000
72060  6.143  -1.957  46.345 0.0000000000
63917  7.168  -10.154  67.536 0.0000000000
65288  7.223  -8.651  67.256 0.0000000000
66375  6.605  -7.601  67.798 0.0000000000
68279  6.120  -5.849  68.601 0.0000000000
135218  6.508  -4.652  65.765 0.0000000000
70028  8.575  -4.457  65.978 0.0000000000
70037  7.708  -4.313  65.192 0.0000000000
70990  7.446  -3.459  64.487 0.0000000000
71840  7.408  -2.922  62.670 0.0000000000
135277  18.378  -3.254  61.476 0.0000000000
135284  17.686  -4.302  61.032 0.0000000000
135281  18.333  -4.048  63.119 0.0000000000
70031  15.332  -4.436  64.961 0.0000000000
68286  14.756  -5.680  65.107 0.0000000000
67346  13.805  -6.671  64.160 0.0000000000
63914  10.950  -9.830  67.804 0.0000000000
65276  10.135  -9.612  69.023 0.0000000000
135208  10.956  -6.187  69.191 0.0000000000
66358  10.333  -8.302  68.736 0.0000000000
63896  9.306  -9.902  69.329 0.0000000000
63897  8.910  -9.760  69.032 0.0000000000
63906  7.796  -9.634  67.870 0.0000000000
135342  4.531  -2.893  60.794 0.0000000000
70084  4.553  -4.635  60.273 0.0000000000
135348  4.704  -1.880  60.037 0.0000000000
71875  4.232  -1.504  59.314 0.0000000000
72730  3.134  -1.125  58.556 0.0000000000
77418  3.841  2.956  59.928 0.0000000000
75486  3.720  1.546  58.474 0.0000000000
72753  3.318  -0.479  57.249 0.0000000000
74532  4.038  0.640  56.211 0.0000000000
75547  4.072  1.135  54.796 0.0000000000
74595  4.389  0.909  53.562 0.0000000000
71007  13.201  -3.834  62.681 0.0000000000
71850  19.815  -2.315  59.852 0.0000000000
73496  24.884  -0.584  61.556 0.0000000000
73460  23.640  -0.076  62.831 0.0000000000
73498  23.100  -0.494  61.602 0.0000000000
72654  21.687  -0.876  60.876 0.0000000000
72655  20.467  -1.081  61.145 0.0000000000
71024  19.374  -2.214  60.462 0.0000000000
135312  17.567  -2.909  62.786 0.0000000000
135305  16.701  -2.033  62.675 0.0000000000
135316  16.598  -0.811  62.571 0.0000000000
135306  16.026  -2.247  63.317 0.0000000000
71836  14.796  -2.523  63.599 0.0000000000
71845  14.320  -2.804  63.436 0.0000000000
58921  5.631  -14.885  63.722 0.0000000000
62550  5.492  -12.809  63.260 0.0000000000
61242  5.704  -13.314  64.422 0.0000000000
134950  6.203  -12.329  63.648 0.0000000000
134935  6.520  -10.709  63.043 0.0000000000
134943  6.511  -9.235  62.781 0.0000000000
67368  5.484  -6.901  62.211 0.0000000000
67369  4.954  -6.414  61.616 0.0000000000
65299  6.990  -8.738  66.679 0.0000000000
65323  6.929  -7.663  65.486 0.0000000000
66420  6.414  -7.309  64.586 0.0000000000
70038  5.266  -4.435  64.948 0.0000000000
69137  4.992  -5.338  64.331 0.0000000000
68302  5.337  -5.777  63.879 0.0000000000
68307  4.745  -5.645  63.466 0.0000000000
69152  4.265  -4.903  62.075 0.0000000000
70074  4.239  -3.987  61.338 0.0000000000
135343  4.627  -2.013  62.085 0.0000000000
135364  3.222  -0.470  62.638 0.0000000000
76371  3.626  2.711  63.755 0.0000000000
76361  5.837  1.784  64.999 0.0000000000
77373  4.825  3.645  64.162 0.0000000000
78500  4.662  4.206  62.827 0.0000000000
58891  8.679  -13.181  65.752 0.0000000000
60046  8.089  -13.394  67.376 0.0000000000
61291  5.912  -12.916  60.751 0.0000000000
58997  7.084  -14.456  59.932 0.0000000000
60214  7.261  -13.454  55.825 0.0000000000
68325  4.717  -6.210  59.427 0.0000000000
68332  5.016  -6.576  58.359 0.0000000000
66465  6.366  -8.471  57.532 0.0000000000
69190  5.500  -5.640  56.938 0.0000000000
68340  5.448  -6.659  57.008 0.0000000000
65386  6.525  -8.974  56.920 0.0000000000
64083  6.443  -10.254  56.394 0.0000000000
62644  7.087  -10.881  55.840 0.0000000000
61370  6.846  -12.575  55.129 0.0000000000
62687  6.279  -11.911  53.868 0.0000000000
67426  8.119  -7.439  53.730 0.0000000000
66496  7.745  -8.588  52.411 0.0000000000
81457  9.069  6.575  55.765 0.0000000000
80607  9.552  6.539  54.463 0.0000000000
80598  6.743  5.244  55.483 0.0000000000
79629  6.347  4.265  54.684 0.0000000000
78658  6.038  2.892  53.723 0.0000000000
75592  4.673  1.317  52.489 0.0000000000
77594  7.246  3.497  50.906 0.0000000000
74628  5.354  1.229  51.223 0.0000000000
73650  5.652  0.128  52.047 0.0000000000
72019  6.905  -1.335  51.234 0.0000000000
71175  7.378  -2.332  51.397 0.0000000000
71173  8.987  -3.325  51.395 0.0000000000
71204  8.338  -3.384  49.461 0.0000000000
71839  12.286  -3.259  64.471 0.0000000000
71831  13.272  -2.772  64.673 0.0000000000
71832  12.617  -2.970  64.765 0.0000000000
70985  12.282  -3.414  65.135 0.0000000000
57830  6.357  -15.588  55.601 0.0000000000
59074  5.955  -14.628  54.353 0.0000000000
63918  6.791  -10.708  67.057 0.0000000000
70076  19.382  -3.512  60.041 0.0000000000
70088  18.410  -4.434  58.974 0.0000000000
67375  4.909  -6.330  60.896 0.0000000000
68318  4.719  -5.895  60.406 0.0000000000
72788  5.271  -0.459  53.787 0.0000000000
71999  5.165  -0.714  53.987 0.0000000000
71998  5.745  -0.871  53.760 0.0000000000
72011  6.221  -0.645  53.250 0.0000000000
135178  8.352  -6.782  67.274 0.0000000000
135180  8.821  -5.998  67.178 0.0000000000
71823  16.700  -3.166  63.342 0.0000000000
135318  15.851  -3.381  64.091 0.0000000000
69113  13.681  -4.796  67.337 0.0000000000
69117  14.009  -4.975  66.763 0.0000000000
68272  12.858  -5.716  67.149 0.0000000000
68277  12.629  -6.336  66.508 0.0000000000
68273  12.229  -6.330  66.988 0.0000000000
135211  11.815  -6.549  67.447 0.0000000000
69115  12.423  -5.889  67.733 0.0000000000
135186  10.342  -5.599  67.920 0.0000000000
135185  10.505  -5.775  68.294 0.0000000000
135190  9.886  -6.254  67.903 0.0000000000
135171  9.309  -7.447  67.871 0.0000000000
76385  2.697  2.772  62.195 0.0000000000
75457  2.877  1.822  61.600 0.0000000000
76401  2.915  2.841  61.319 0.0000000000
80576  5.412  4.311  57.604 0.0000000000
80588  5.927  4.390  56.854 0.0000000000
79601  5.797  3.828  56.611 0.0000000000
80599  6.243  4.662  55.969 0.0000000000
57689  5.046  -15.759  65.402 0.0000000000
134939  6.451  -9.137  64.591 0.0000000000
134954  6.377  -9.336  64.275 0.0000000000
66422  6.371  -8.532  63.980 0.0000000000
66430  6.344  -8.393  63.697 0.0000000000
66429  6.242  -7.751  63.671 0.0000000000
135229  5.846  -5.354  66.060 0.0000000000
135243  5.653  -4.664  65.678 0.0000000000
135349  4.792  -1.666  62.976 0.0000000000
135356  4.406  -2.392  63.016 0.0000000000
135345  4.693  -1.309  62.958 0.0000000000
62473  9.622  -11.302  68.436 0.0000000000
61171  9.585  -11.656  68.337 0.0000000000
61172  9.520  -11.849  68.567 0.0000000000
57688  5.110  -15.186  65.745 0.0000000000
57677  4.860  -16.175  65.792 0.0000000000
61275  5.610  -13.291  62.189 0.0000000000
60132  5.746  -14.182  62.146 0.0000000000
64061  6.697  -10.294  58.428 0.0000000000
70108  5.206  -4.644  58.042 0.0000000000
71899  5.546  -2.800  57.525 0.0000000000
68346  7.110  -6.489  55.283 0.0000000000
68352  6.688  -6.884  55.040 0.0000000000
67421  6.399  -7.540  55.081 0.0000000000
67420  6.824  -6.984  54.505 0.0000000000
66490  6.321  -8.376  54.186 0.0000000000
69204  10.233  -5.428  53.083 0.0000000000
80630  10.350  5.952  52.453 0.0000000000
80641  10.255  5.662  51.455 0.0000000000
79670  8.322  4.922  51.998 0.0000000000
80642  9.510  5.445  51.510 0.0000000000
73713  7.351  0.145  48.133 0.0000000000
75671  7.945  1.371  48.218 0.0000000000
74658  7.310  0.641  48.653 0.0000000000
74659  6.544  0.405  49.183 0.0000000000
72850  6.159  -0.901  48.536 0.0000000000
72851  5.867  -1.171  49.207 0.0000000000
72860  5.900  -1.489  48.378 0.0000000000
70026  10.882  -4.284  66.695 0.0000000000
70035  9.996  -3.493  66.075 0.0000000000
70976  10.454  -3.558  65.518 0.0000000000
70045  11.317  -4.125  63.332 0.0000000000
71824  15.104  -3.139  64.546 0.0000000000
70973  13.245  -3.165  65.904 0.0000000000
71818  13.720  -3.537  66.773 0.0000000000
71814  13.295  -3.061  67.273 0.0000000000
72635  12.705  -2.746  68.098 0.0000000000
72642  12.769  -2.982  67.205 0.0000000000
70025  11.709  -3.984  66.340 0.0000000000
70964  11.987  -3.648  66.830 0.0000000000
70021  11.035  -4.345  67.598 0.0000000000
81396  5.961  5.216  60.302 0.0000000000
81423  6.951  6.297  59.321 0.0000000000
81433  7.756  6.401  58.584 0.0000000000
80562  7.254  5.993  58.342 0.0000000000
81441  8.434  6.542  57.859 0.0000000000
60060  5.612  -13.308  66.449 0.0000000000
60075  5.663  -13.369  66.058 0.0000000000
71841  6.782  -2.501  63.124 0.0000000000
71834  6.426  -2.796  63.982 0.0000000000
135373  6.441  -1.445  62.383 0.0000000000
135357  5.852  -0.965  62.629 0.0000000000
73467  7.444  0.495  63.287 0.0000000000
61174  8.336  -12.122  69.423 0.0000000000
58856  6.588  -14.219  68.133 0.0000000000
60047  5.652  -13.261  67.053 0.0000000000
65360  6.388  -9.329  61.836 0.0000000000
64015  6.409  -10.119  61.511 0.0000000000
67381  5.357  -7.468  59.966 0.0000000000
66447  6.295  -8.704  60.550 0.0000000000
66455  6.102  -8.287  59.691 0.0000000000
65377  6.474  -8.508  59.168 0.0000000000
67391  5.496  -7.651  59.009 0.0000000000
72772  4.020  -0.903  55.531 0.0000000000
71928  5.155  -2.201  56.449 0.0000000000
71955  5.063  -1.911  55.249 0.0000000000
71977  6.611  -2.240  54.644 0.0000000000
71953  6.859  -2.516  55.618 0.0000000000
71952  7.838  -2.790  55.689 0.0000000000
71073  7.761  -4.409  55.999 0.0000000000
71924  8.135  -4.020  55.854 0.0000000000
71090  8.284  -4.378  55.453 0.0000000000
71975  8.338  -2.919  54.723 0.0000000000
72007  7.587  -2.626  52.877 0.0000000000
71133  8.580  -3.202  53.874 0.0000000000
71154  8.291  -3.140  52.992 0.0000000000
74697  8.096  -0.037  46.355 0.0000000000
73751  7.048  -0.848  46.302 0.0000000000
72873  6.664  -1.288  46.923 0.0000000000
72884  6.403  -1.412  45.974 0.0000000000
65278  7.643  -9.056  67.619 0.0000000000
135193  7.271  -5.481  68.376 0.0000000000
67323  6.752  -6.581  68.283 0.0000000000
68274  6.863  -5.467  68.574 0.0000000000
135235  5.849  -4.039  68.020 0.0000000000
135231  6.370  -4.147  67.730 0.0000000000
70967  9.253  -3.841  65.993 0.0000000000
70036  8.666  -4.179  65.341 0.0000000000
70040  8.226  -4.069  64.608 0.0000000000
70041  7.900  -3.741  64.360 0.0000000000
70979  7.417  -3.855  64.922 0.0000000000
71000  7.510  -3.213  63.455 0.0000000000
135280  18.378  -3.478  62.492 0.0000000000
68308  17.721  -3.535  61.934 0.0000000000
135276  19.100  -4.288  63.458 0.0000000000
135285  16.982  -4.633  63.280 0.0000000000
70022  15.137  -4.056  65.401 0.0000000000
70960  15.319  -3.932  64.825 0.0000000000
68280  14.360  -5.527  65.772 0.0000000000
69130  14.820  -5.173  65.655 0.0000000000
67339  14.319  -6.217  65.084 0.0000000000
67345  14.490  -6.055  64.329 0.0000000000
66407  13.085  -7.345  65.127 0.0000000000
66408  12.563  -7.833  65.227 0.0000000000
66372  11.222  -8.661  68.082 0.0000000000
65286  10.965  -9.364  68.324 0.0000000000
66357  10.646  -8.442  68.578 0.0000000000
71806  10.984  -3.788  70.045 0.0000000000
70014  11.568  -5.290  69.477 0.0000000000
135237  10.820  -5.578  69.918 0.0000000000
135201  10.565  -6.162  68.524 0.0000000000
67318  10.263  -7.610  68.603 0.0000000000
66359  9.995  -8.507  68.903 0.0000000000
65268  9.570  -8.844  69.041 0.0000000000
135346  4.629  -1.967  61.191 0.0000000000
135350  3.443  -0.625  61.084 0.0000000000
73523  3.110  -0.349  60.380 0.0000000000
135352  3.432  -0.633  60.328 0.0000000000
72704  3.267  -0.823  59.509 0.0000000000
72729  3.704  -1.329  58.987 0.0000000000
72705  2.939  -0.566  58.870 0.0000000000
79579  4.624  3.923  59.905 0.0000000000
78531  4.193  3.468  60.018 0.0000000000
79586  4.586  3.761  59.432 0.0000000000
77457  3.829  2.489  57.396 0.0000000000
77442  4.004  2.621  58.198 0.0000000000
75498  3.517  1.510  57.619 0.0000000000
74502  3.680  1.031  57.889 0.0000000000
74518  3.618  0.727  57.314 0.0000000000
72764  3.660  -0.280  56.854 0.0000000000
74533  3.724  0.775  56.625 0.0000000000
77505  4.665  2.458  55.314 0.0000000000
76465  4.033  2.151  55.434 0.0000000000
76479  4.514  1.969  54.912 0.0000000000
74579  4.242  1.026  54.213 0.0000000000
76496  4.844  1.642  54.364 0.0000000000
71017  14.051  -3.389  61.774 0.0000000000
72695  20.764  -1.749  59.122 0.0000000000
72719  20.962  -1.952  58.412 0.0000000000
72696  20.093  -1.995  59.538 0.0000000000
74443  22.420  0.514  63.077 0.0000000000
74442  23.081  0.433  63.088 0.0000000000
73461  22.870  -0.026  62.833 0.0000000000
73476  23.400  -0.238  62.250 0.0000000000
73477  22.532  -0.289  62.345 0.0000000000
73499  22.151  -0.569  61.643 0.0000000000
72656  19.552  -1.655  60.847 0.0000000000
72674  19.711  -1.814  60.412 0.0000000000
135289  19.247  -1.893  60.771 0.0000000000
135307  17.604  -0.454  63.628 0.0000000000
135319  17.100  -2.335  62.580 0.0000000000
135302  16.011  -0.704  62.966 0.0000000000
71843  15.951  -1.808  62.869 0.0000000000
71848  15.962  -1.978  61.996 0.0000000000
71016  14.729  -2.660  62.027 0.0000000000
71005  14.718  -2.551  62.566 0.0000000000
71006  14.150  -3.045  62.849 0.0000000000
55643  5.388  -17.567  63.973 0.0000000000
60105  5.492  -14.220  63.929 0.0000000000
60104  5.455  -13.927  63.470 0.0000000000
61253  5.317  -13.301  63.517 0.0000000000
62522  6.351  -12.409  64.485 0.0000000000
134930  6.541  -10.551  63.898 0.0000000000
134945  6.505  -11.957  63.789 0.0000000000
134931  6.570  -10.788  63.648 0.0000000000
134946  6.387  -11.588  63.300 0.0000000000
134940  6.498  -9.827  62.581 0.0000000000
134947  6.514  -9.219  63.188 0.0000000000
67361  5.770  -7.130  63.028 0.0000000000
66435  6.111  -7.750  62.678 0.0000000000
68311  4.668  -6.045  62.528 0.0000000000
65289  6.604  -8.148  67.296 0.0000000000
65300  6.323  -8.193  66.966 0.0000000000
67342  6.248  -6.578  66.125 0.0000000000
66396  6.708  -7.297  66.179 0.0000000000
67343  6.256  -6.372  65.532 0.0000000000
66410  6.611  -7.181  65.114 0.0000000000
67347  6.030  -6.502  64.941 0.0000000000
70992  5.456  -3.694  64.567 0.0000000000
70042  5.154  -4.196  64.725 0.0000000000
70043  4.859  -4.329  64.485 0.0000000000
69143  4.671  -5.073  64.006 0.0000000000
68303  4.832  -5.460  63.775 0.0000000000
70065  4.217  -4.074  62.234 0.0000000000
135340  4.303  -2.945  61.908 0.0000000000
73449  4.021  -0.096  64.775 0.0000000000
73456  3.237  -0.159  64.050 0.0000000000
74437  2.717  0.645  64.050 0.0000000000
75427  3.200  1.588  64.148 0.0000000000
74425  6.177  1.007  65.232 0.0000000000
70058  17.003  -4.997  61.407 0.0000000000
70069  17.336  -4.836  60.790 0.0000000000
69147  16.774  -5.319  61.223 0.0000000000
60045  8.720  -12.262  67.047 0.0000000000
60057  8.846  -12.326  66.407 0.0000000000
55635  5.300  -17.559  64.754 0.0000000000
57760  6.239  -15.503  61.654 0.0000000000
56654  6.073  -16.104  61.811 0.0000000000
56653  6.413  -16.243  61.263 0.0000000000
57759  6.670  -15.432  61.135 0.0000000000
61290  6.530  -12.084  60.310 0.0000000000
61306  7.049  -12.416  59.257 0.0000000000
60167  7.089  -13.527  59.647 0.0000000000
60184  7.311  -13.426  58.619 0.0000000000
61337  7.635  -12.476  57.104 0.0000000000
60199  7.582  -13.509  57.448 0.0000000000
60198  7.590  -13.127  56.612 0.0000000000
59033  7.482  -13.923  56.435 0.0000000000
61336  7.505  -12.256  56.247 0.0000000000
69166  4.651  -5.355  59.829 0.0000000000
70098  4.735  -4.598  59.269 0.0000000000
69182  5.085  -5.645  57.833 0.0000000000
67401  5.485  -7.609  58.069 0.0000000000
68331  5.296  -6.967  57.577 0.0000000000
70120  5.546  -4.628  57.266 0.0000000000
67409  5.988  -7.269  56.613 0.0000000000
67410  5.823  -7.636  57.102 0.0000000000
66471  6.237  -8.563  56.688 0.0000000000
65391  6.163  -9.466  56.536 0.0000000000
66477  5.885  -8.842  56.069 0.0000000000
65397  5.760  -9.786  55.347 0.0000000000
64093  6.122  -10.305  55.448 0.0000000000
62666  7.006  -12.056  55.294 0.0000000000
62667  6.643  -11.580  54.998 0.0000000000
61371  6.487  -12.796  54.514 0.0000000000
65415  6.335  -9.590  53.378 0.0000000000
65422  6.504  -9.710  52.520 0.0000000000
68350  8.351  -6.644  54.339 0.0000000000
68358  8.782  -6.728  53.673 0.0000000000
67433  9.057  -7.613  52.504 0.0000000000
67434  8.296  -7.952  52.909 0.0000000000
66495  8.420  -8.305  52.220 0.0000000000
66505  8.057  -8.908  51.624 0.0000000000
80606  10.190  6.569  54.210 0.0000000000
80608  8.538  6.054  54.375 0.0000000000
80597  7.786  5.677  55.425 0.0000000000
80610  6.838  5.031  54.611 0.0000000000
78655  6.801  4.149  52.633 0.0000000000
78645  6.490  4.085  53.427 0.0000000000
78672  6.375  2.920  53.048 0.0000000000
76539  5.345  1.845  52.985 0.0000000000
76538  5.856  2.166  52.369 0.0000000000
77620  7.834  3.235  48.748 0.0000000000
78701  8.220  3.683  49.226 0.0000000000
78687  8.091  4.148  50.219 0.0000000000
77593  7.552  3.998  50.662 0.0000000000
77607  7.456  3.398  50.077 0.0000000000
74643  5.712  0.860  50.487 0.0000000000
75613  5.875  1.432  50.879 0.0000000000
73698  5.313  0.553  50.986 0.0000000000
73699  5.090  0.817  51.294 0.0000000000
73674  5.935  -0.371  50.874 0.0000000000
73649  6.234  -0.347  51.480 0.0000000000
72827  6.477  -1.072  50.564 0.0000000000
71207  6.062  -2.774  49.989 0.0000000000
71193  6.980  -2.249  50.549 0.0000000000
71192  7.506  -2.697  50.571 0.0000000000
71191  8.281  -3.133  50.521 0.0000000000
71236  6.029  -2.919  48.048 0.0000000000
70975  11.429  -3.718  65.559 0.0000000000
70044  11.655  -4.015  63.346 0.0000000000
70052  11.656  -4.244  62.923 0.0000000000
71827  12.780  -3.298  66.495 0.0000000000
60248  5.901  -13.892  53.842 0.0000000000
61196  5.961  -12.299  67.375 0.0000000000
66441  6.022  -7.763  61.768 0.0000000000
72780  4.469  -0.587  54.837 0.0000000000
71979  5.351  -1.436  54.397 0.0000000000
71978  5.963  -1.792  54.572 0.0000000000
71996  6.406  -2.119  53.671 0.0000000000
72008  6.949  -2.302  52.846 0.0000000000
66373  8.296  -7.768  67.421 0.0000000000
135182  8.045  -7.018  67.322 0.0000000000
135192  7.820  -6.568  67.343 0.0000000000
68283  7.553  -5.715  67.346 0.0000000000
70046  9.155  -4.232  64.310 0.0000000000
70999  8.356  -3.888  63.493 0.0000000000
71011  8.300  -3.945  62.685 0.0000000000
71012  7.948  -3.472  61.928 0.0000000000
135294  17.972  -3.447  63.567 0.0000000000
135293  18.300  -3.754  63.421 0.0000000000
70968  17.434  -3.357  62.634 0.0000000000
70030  16.027  -4.406  64.040 0.0000000000
70019  14.375  -3.936  66.625 0.0000000000
70024  14.422  -4.583  66.499 0.0000000000
68275  14.002  -5.369  66.242 0.0000000000
68281  13.668  -6.009  65.858 0.0000000000
135184  11.369  -7.531  67.724 0.0000000000
135222  10.174  -4.615  69.103 0.0000000000
71807  10.344  -5.007  69.655 0.0000000000
135214  10.310  -5.339  68.959 0.0000000000
135167  9.294  -7.812  68.018 0.0000000000
73469  2.664  0.262  62.560 0.0000000000
135358  2.770  -0.098  61.613 0.0000000000
74471  3.148  0.979  61.044 0.0000000000
75469  3.456  1.691  60.467 0.0000000000
80565  5.294  4.636  58.338 0.0000000000
78548  4.634  3.780  58.796 0.0000000000
79589  4.866  4.060  58.196 0.0000000000
79594  5.081  3.843  57.498 0.0000000000
78599  4.256  2.826  56.962 0.0000000000
77471  3.693  2.417  56.661 0.0000000000
78598  4.748  3.209  56.582 0.0000000000
79615  5.398  3.470  56.243 0.0000000000
79631  5.708  3.336  55.435 0.0000000000
73465  18.812  -0.255  62.821 0.0000000000
60092  5.559  -14.160  64.306 0.0000000000
134936  6.573  -11.881  64.711 0.0000000000
134932  6.492  -10.297  63.959 0.0000000000
134951  6.426  -8.870  63.548 0.0000000000
67362  6.210  -7.833  63.233 0.0000000000
67338  5.684  -6.847  67.534 0.0000000000
135227  5.803  -7.207  66.873 0.0000000000
135217  5.740  -6.436  66.765 0.0000000000
68296  5.384  -4.859  65.465 0.0000000000
135362  5.444  -2.089  63.213 0.0000000000
71004  4.238  -2.911  63.023 0.0000000000
71014  4.237  -2.715  62.778 0.0000000000
135341  4.334  -2.574  62.575 0.0000000000
68305  16.457  -5.967  62.397 0.0000000000
68309  16.024  -6.004  61.253 0.0000000000
67363  15.711  -6.285  61.834 0.0000000000
62495  10.016  -10.932  67.533 0.0000000000
61179  9.520  -11.584  67.925 0.0000000000
60031  9.161  -11.664  67.745 0.0000000000
61194  8.503  -12.333  67.422 0.0000000000
58855  7.202  -14.166  67.860 0.0000000000
58868  5.217  -14.786  66.643 0.0000000000
56573  5.173  -16.565  66.674 0.0000000000
56599  5.132  -16.701  65.092 0.0000000000
58936  5.777  -14.866  62.400 0.0000000000
58953  5.960  -14.803  61.868 0.0000000000
64048  6.639  -9.983  59.641 0.0000000000
71055  4.974  -3.497  58.947 0.0000000000
70097  4.932  -4.465  58.651 0.0000000000
69181  5.234  -5.149  57.453 0.0000000000
70118  7.081  -5.005  56.364 0.0000000000
69189  6.443  -5.693  56.424 0.0000000000
67416  6.334  -7.458  55.995 0.0000000000
66476  6.140  -8.277  55.589 0.0000000000
66483  5.768  -9.060  55.371 0.0000000000
65407  5.838  -9.592  54.825 0.0000000000
65406  6.037  -9.078  54.086 0.0000000000
66489  6.583  -8.518  53.713 0.0000000000
69200  9.620  -5.306  53.672 0.0000000000
69206  9.126  -6.320  53.558 0.0000000000
69205  9.522  -6.003  53.444 0.0000000000
67432  9.730  -7.334  52.274 0.0000000000
80620  8.421  5.581  53.310 0.0000000000
80621  7.685  5.164  53.490 0.0000000000
79647  8.004  5.041  52.773 0.0000000000
79671  7.672  4.535  52.240 0.0000000000
78669  7.123  3.953  51.888 0.0000000000
76608  7.652  2.255  48.785 0.0000000000
76609  7.285  2.652  49.388 0.0000000000
76610  7.088  2.720  50.023 0.0000000000
75631  7.084  1.772  49.500 0.0000000000
74660  5.997  0.362  49.731 0.0000000000
72840  5.939  -1.260  49.978 0.0000000000
72026  5.733  -1.776  49.481 0.0000000000
72035  5.402  -2.933  49.672 0.0000000000
71222  5.972  -2.976  49.345 0.0000000000
70977  9.493  -3.770  65.439 0.0000000000
70961  14.767  -3.644  65.421 0.0000000000
70972  14.160  -3.124  65.380 0.0000000000
70957  14.367  -3.880  66.341 0.0000000000
70958  14.068  -3.651  66.864 0.0000000000
70016  13.556  -4.347  67.848 0.0000000000
70017  13.064  -4.712  68.589 0.0000000000
69111  12.575  -5.424  68.370 0.0000000000
70950  12.714  -4.245  69.090 0.0000000000
71810  12.507  -2.938  69.069 0.0000000000
71811  11.350  -2.903  69.142 0.0000000000
71821  11.731  -3.101  67.494 0.0000000000
71815  11.310  -2.863  68.255 0.0000000000
70956  10.747  -3.264  68.690 0.0000000000
70018  10.690  -4.352  68.486 0.0000000000
69119  10.564  -4.954  67.555 0.0000000000
78503  4.418  3.970  61.754 0.0000000000
78504  3.907  3.811  61.384 0.0000000000
79569  5.159  4.127  60.654 0.0000000000
80550  5.345  4.672  59.976 0.0000000000
81426  5.498  4.927  59.681 0.0000000000
81409  6.334  6.210  60.113 0.0000000000
81424  6.159  5.851  59.480 0.0000000000
80556  5.983  5.393  58.994 0.0000000000
80564  5.838  5.074  58.330 0.0000000000
80574  6.349  5.274  57.443 0.0000000000
60076  5.571  -13.797  65.622 0.0000000000
61228  6.009  -12.918  65.812 0.0000000000
70991  6.566  -3.237  64.482 0.0000000000
71842  5.875  -2.765  63.804 0.0000000000
135365  6.085  -2.259  63.317 0.0000000000
135354  6.346  -1.745  62.691 0.0000000000
135366  5.941  -1.804  63.035 0.0000000000
135370  5.792  -1.474  62.852 0.0000000000
135374  5.875  -0.427  63.452 0.0000000000
73468  6.986  0.151  63.832 0.0000000000
62475  8.894  -11.397  69.549 0.0000000000
61173  9.018  -12.469  69.029 0.0000000000
60027  7.860  -12.625  68.963 0.0000000000
57656  6.135  -15.328  68.150 0.0000000000
58879  5.186  -14.542  66.038 0.0000000000
62562  5.702  -12.139  61.948 0.0000000000
64032  6.489  -9.960  60.647 0.0000000000
65372  6.489  -9.290  60.240 0.0000000000
65381  6.863  -9.112  58.517 0.0000000000
66459  6.731  -8.608  58.067 0.0000000000
71074  7.073  -4.075  56.631 0.0000000000
70132  7.634  -5.167  55.802 0.0000000000
69196  7.744  -5.883  55.424 0.0000000000
68345  7.939  -6.689  55.111 0.0000000000
70131  8.127  -5.182  55.347 0.0000000000
70142  8.602  -4.982  54.676 0.0000000000
70141  9.146  -4.728  54.009 0.0000000000
70150  9.339  -4.319  53.658 0.0000000000
71131  9.477  -3.841  52.696 0.0000000000
74686  7.920  0.202  47.105 0.0000000000
73730  7.090  -0.767  47.307 0.0000000000
72859  6.513  -1.247  47.819 0.0000000000
72043  6.356  -1.538  47.317 0.0000000000
72885  6.022  -1.852  45.857 0.0000000000
59049  6.536  -15.063  55.605 0.0000000000
67330  5.993  -6.891  68.259 0.0000000000
135233  5.782  -5.081  68.149 0.0000000000
135247  5.812  -4.263  67.304 0.0000000000
69125  7.931  -5.144  66.484 0.0000000000
70029  7.861  -4.764  65.695 0.0000000000
69126  6.952  -5.120  66.653 0.0000000000
69131  7.215  -4.873  65.743 0.0000000000
135230  7.059  -4.148  65.230 0.0000000000
70980  6.807  -3.895  65.019 0.0000000000
135361  7.426  -2.679  62.071 0.0000000000
135278  18.750  -3.224  60.862 0.0000000000
70077  18.181  -3.904  60.653 0.0000000000
135272  18.126  -3.480  61.526 0.0000000000
135273  17.406  -4.177  61.578 0.0000000000
135295  16.930  -4.875  62.268 0.0000000000
70982  17.190  -3.963  62.736 0.0000000000
135296  17.001  -4.898  62.604 0.0000000000
69144  17.284  -5.902  62.678 0.0000000000
68298  16.599  -6.113  63.181 0.0000000000
67351  14.395  -6.313  63.316 0.0000000000
135309  15.691  -3.720  64.250 0.0000000000
70970  15.713  -4.099  64.281 0.0000000000
69128  15.810  -4.896  64.347 0.0000000000
69121  14.959  -4.808  65.780 0.0000000000
69129  15.224  -5.026  65.106 0.0000000000
69134  15.609  -5.210  64.322 0.0000000000
67344  15.112  -5.653  63.917 0.0000000000
67341  13.002  -7.310  65.399 0.0000000000
63929  10.910  -9.788  67.521 0.0000000000
63915  10.651  -10.159  68.005 0.0000000000
63903  10.143  -10.587  68.631 0.0000000000
63904  9.999  -10.093  69.050 0.0000000000
135199  11.046  -6.166  68.880 0.0000000000
67317  11.133  -7.128  68.612 0.0000000000
135187  10.943  -6.114  69.006 0.0000000000
135200  10.974  -6.348  69.084 0.0000000000
65266  10.350  -8.887  68.868 0.0000000000
65267  9.961  -9.318  69.085 0.0000000000
62467  9.230  -10.690  69.460 0.0000000000
62468  8.872  -10.555  69.510 0.0000000000
63905  8.355  -9.913  68.331 0.0000000000
63916  7.527  -10.466  68.060 0.0000000000
71043  4.763  -3.983  60.029 0.0000000000
135353  3.633  -0.752  60.539 0.0000000000
72751  3.695  -1.318  58.317 0.0000000000
77406  3.526  3.220  60.703 0.0000000000
75478  3.747  1.587  59.464 0.0000000000
77430  4.159  2.710  59.086 0.0000000000
76425  3.836  2.192  58.810 0.0000000000
74490  3.626  0.779  59.054 0.0000000000
73541  3.245  0.069  58.553 0.0000000000
72752  3.462  -1.174  57.661 0.0000000000
72763  3.740  -0.761  56.559 0.0000000000
73589  4.516  0.046  55.711 0.0000000000
76466  3.610  1.821  55.692 0.0000000000
74550  4.165  0.786  55.660 0.0000000000
73605  4.688  0.146  54.616 0.0000000000
74578  4.477  0.639  54.036 0.0000000000
74594  4.710  0.514  53.275 0.0000000000
71018  12.990  -3.773  61.464 0.0000000000
71033  19.760  -2.958  59.732 0.0000000000
73475  24.263  -0.277  62.311 0.0000000000
73500  21.257  -0.616  61.650 0.0000000000
72673  20.136  -1.733  60.150 0.0000000000
71851  19.604  -2.078  60.222 0.0000000000
71023  19.389  -2.611  60.381 0.0000000000
71022  18.949  -2.687  60.827 0.0000000000
135320  18.000  -2.238  61.726 0.0000000000
135303  17.122  -2.785  62.954 0.0000000000
135304  16.530  -2.514  63.248 0.0000000000
135317  17.314  0.300  65.042 0.0000000000
71849  15.268  -2.283  62.371 0.0000000000
71844  14.811  -2.368  62.969 0.0000000000
70994  13.903  -3.049  63.505 0.0000000000
70995  13.292  -3.277  63.536 0.0000000000
57716  5.371  -15.906  63.845 0.0000000000
57715  5.637  -15.560  63.317 0.0000000000
58920  5.667  -14.826  63.082 0.0000000000
61264  5.423  -13.214  63.104 0.0000000000
134942  5.711  -12.388  62.791 0.0000000000
60077  5.640  -14.059  64.903 0.0000000000
134937  6.584  -11.994  64.151 0.0000000000
62532  5.784  -12.798  64.032 0.0000000000
62541  5.707  -12.567  63.485 0.0000000000
62540  5.703  -12.370  63.166 0.0000000000
66434  6.406  -8.739  62.465 0.0000000000
68314  4.615  -5.772  61.398 0.0000000000
65313  6.344  -7.929  66.719 0.0000000000
65312  7.031  -8.094  66.175 0.0000000000
66411  6.681  -8.306  65.024 0.0000000000
135232  5.619  -4.404  65.409 0.0000000000
69138  4.948  -4.957  64.782 0.0000000000
68295  5.389  -5.663  64.935 0.0000000000
67348  5.954  -6.643  64.279 0.0000000000
67354  5.962  -6.969  63.591 0.0000000000
68306  5.252  -6.344  63.212 0.0000000000
69146  4.384  -5.038  63.160 0.0000000000
73457  2.772  0.160  63.366 0.0000000000
75445  2.808  1.773  63.014 0.0000000000
76384  3.032  2.815  63.052 0.0000000000
73454  5.931  0.059  64.536 0.0000000000
74426  5.691  0.519  65.296 0.0000000000
75416  4.945  1.383  65.490 0.0000000000
76369  5.100  2.678  64.456 0.0000000000
76363  4.589  2.088  64.909 0.0000000000
76370  4.343  2.841  64.282 0.0000000000
77374  3.957  3.883  63.927 0.0000000000
77377  3.620  3.689  62.897 0.0000000000
79559  5.478  4.310  61.597 0.0000000000
71008  12.287  -4.093  62.302 0.0000000000
69162  17.276  -5.595  59.722 0.0000000000
68313  16.425  -6.131  60.369 0.0000000000
61181  8.263  -12.490  67.910 0.0000000000
58877  8.268  -13.790  66.888 0.0000000000
56644  5.812  -16.372  62.212 0.0000000000
62576  5.613  -12.687  61.579 0.0000000000
60149  5.948  -13.877  60.990 0.0000000000
60168  6.548  -13.704  60.432 0.0000000000
58975  6.646  -14.565  60.790 0.0000000000
57773  7.045  -15.385  60.245 0.0000000000
56663  7.047  -16.342  59.594 0.0000000000
59019  7.375  -14.473  58.133 0.0000000000
59061  6.726  -14.215  55.392 0.0000000000
69174  4.755  -5.584  58.820 0.0000000000
67402  5.170  -7.209  58.638 0.0000000000
69191  5.251  -6.080  57.315 0.0000000000
65385  6.658  -9.460  57.437 0.0000000000
65390  6.432  -9.924  56.919 0.0000000000
65398  5.803  -9.635  55.787 0.0000000000
64094  5.977  -10.048  55.962 0.0000000000
62619  7.385  -11.462  56.166 0.0000000000
62643  7.203  -11.728  55.651 0.0000000000
60231  7.028  -13.028  55.379 0.0000000000
60232  6.733  -13.580  55.156 0.0000000000
61387  6.293  -12.759  53.910 0.0000000000
62688  6.278  -12.578  53.583 0.0000000000
67419  7.653  -7.067  54.440 0.0000000000
66488  7.494  -8.235  53.267 0.0000000000
67425  8.691  -7.276  53.173 0.0000000000
65429  6.711  -9.677  51.710 0.0000000000
80571  8.889  6.374  57.105 0.0000000000
80585  7.990  5.802  56.440 0.0000000000
80586  6.972  5.480  56.462 0.0000000000
80596  8.788  6.420  55.390 0.0000000000
79613  6.211  4.265  55.517 0.0000000000
79652  6.055  3.514  54.750 0.0000000000
79650  6.490  4.162  53.787 0.0000000000
79651  6.275  3.842  54.256 0.0000000000
78647  5.767  2.946  54.570 0.0000000000
76516  5.132  1.651  53.830 0.0000000000
75574  4.417  1.097  53.263 0.0000000000
74611  4.480  0.816  52.633 0.0000000000
78668  7.585  4.253  51.339 0.0000000000
77573  7.096  3.564  51.619 0.0000000000
76588  6.800  2.298  50.522 0.0000000000
76589  6.666  2.399  51.233 0.0000000000
76567  6.211  2.243  51.729 0.0000000000
75615  4.942  1.265  51.745 0.0000000000
73652  4.623  0.831  52.051 0.0000000000
74609  5.324  0.280  52.629 0.0000000000
73633  6.190  -0.153  52.232 0.0000000000
72018  6.945  -1.788  51.612 0.0000000000
72017  7.052  -2.098  52.018 0.0000000000
72022  6.372  -1.933  50.162 0.0000000000
71176  7.110  -2.082  51.378 0.0000000000
71174  8.080  -2.781  51.778 0.0000000000
71152  9.486  -3.624  52.046 0.0000000000
71221  6.667  -3.250  48.894 0.0000000000
71205  7.461  -3.154  49.643 0.0000000000
71172  9.822  -3.714  51.378 0.0000000000
56632  5.729  -16.501  62.639 0.0000000000
60032  8.834  -11.832  67.531 0.0000000000
60150  5.822  -14.007  61.643 0.0000000000
60215  6.964  -13.990  55.497 0.0000000000
61195  8.295  -12.889  67.335 0.0000000000
61208  8.538  -12.579  67.033 0.0000000000
61227  5.815  -13.028  66.226 0.0000000000
61265  5.265  -12.987  63.473 0.0000000000
61353  7.179  -12.496  55.559 0.0000000000
61372  6.206  -13.299  54.059 0.0000000000
62466  9.432  -10.724  69.341 0.0000000000
63895  9.553  -10.319  69.256 0.0000000000
63944  6.728  -10.540  65.943 0.0000000000
63953  6.246  -12.407  63.915 0.0000000000
64084  5.974  -9.884  56.187 0.0000000000
64125  6.055  -10.210  53.702 0.0000000000
65275  10.407  -9.488  68.697 0.0000000000
65311  7.065  -7.517  65.851 0.0000000000
65336  6.405  -8.689  64.160 0.0000000000
65376  6.602  -8.922  59.460 0.0000000000
65382  6.703  -8.630  58.923 0.0000000000
66364  10.896  -8.818  68.460 0.0000000000
66383  7.692  -6.772  67.470 0.0000000000
66397  6.306  -7.590  66.603 0.0000000000
66398  5.815  -7.757  67.047 0.0000000000
66409  6.792  -7.039  65.683 0.0000000000
66481  6.218  -8.615  54.144 0.0000000000
67322  7.501  -6.131  67.869 0.0000000000
67414  7.331  -6.731  54.782 0.0000000000
67415  7.044  -6.660  54.792 0.0000000000
67428  6.495  -7.884  54.295 0.0000000000
68278  12.237  -6.704  66.641 0.0000000000
68285  15.228  -5.364  64.558 0.0000000000
68287  14.177  -6.075  65.438 0.0000000000
68291  15.018  -5.575  64.361 0.0000000000
68292  8.775  -4.526  64.376 0.0000000000
68293  8.697  -4.503  64.047 0.0000000000
68297  17.170  -6.133  62.884 0.0000000000
68300  9.093  -4.625  64.371 0.0000000000
68301  8.896  -4.694  63.992 0.0000000000
68304  17.037  -6.008  62.582 0.0000000000
68338  6.737  -6.338  56.036 0.0000000000
68356  9.793  -6.354  52.977 0.0000000000
69116  6.236  -4.881  68.348 0.0000000000
69118  13.447  -5.277  67.184 0.0000000000
69127  16.535  -4.831  63.827 0.0000000000
69135  8.784  -4.331  64.523 0.0000000000
69136  8.666  -4.246  64.270 0.0000000000
69139  17.382  -5.681  63.011 0.0000000000
69140  9.053  -4.397  64.279 0.0000000000
69142  4.908  -5.371  63.992 0.0000000000
69145  16.847  -5.691  62.406 0.0000000000
69153  18.713  -3.126  61.057 0.0000000000
69155  16.403  -5.695  60.968 0.0000000000
70015  11.218  -5.711  70.027 0.0000000000
70032  15.092  -4.648  65.556 0.0000000000
70033  11.353  -3.867  66.078 0.0000000000
70039  8.803  -4.142  64.979 0.0000000000
70047  8.500  -4.022  64.093 0.0000000000
70050  17.369  -5.708  62.761 0.0000000000
70051  17.118  -5.575  62.565 0.0000000000
70059  16.856  -5.134  62.048 0.0000000000
70067  18.950  -3.037  60.734 0.0000000000
70068  18.878  -3.326  60.609 0.0000000000
70140  9.632  -4.741  53.675 0.0000000000
70149  9.798  -4.401  53.256 0.0000000000
70951  11.935  -4.137  69.497 0.0000000000
70952  11.091  -4.876  70.126 0.0000000000
70954  13.137  -3.707  68.518 0.0000000000
70955  12.613  -3.690  69.115 0.0000000000
70959  11.062  -3.491  68.018 0.0000000000
70963  13.345  -3.237  66.356 0.0000000000
70978  7.772  -3.916  64.855 0.0000000000
70989  7.731  -3.775  64.626 0.0000000000
71015  16.864  -4.892  62.118 0.0000000000
71025  17.078  -4.751  61.571 0.0000000000
71072  8.076  -4.262  55.791 0.0000000000
71109  9.113  -4.031  53.942 0.0000000000
71194  6.212  -2.420  50.078 0.0000000000
71195  5.511  -2.705  50.257 0.0000000000
71208  5.515  -3.113  50.289 0.0000000000
71209  5.258  -3.089  50.425 0.0000000000
71223  5.465  -3.210  49.969 0.0000000000
71224  5.324  -3.207  50.169 0.0000000000
71805  11.629  -3.463  69.358 0.0000000000
71808  13.558  -3.156  67.459 0.0000000000
71809  13.339  -2.868  68.008 0.0000000000
71813  13.598  -3.410  67.116 0.0000000000
71816  6.155  -3.832  68.033 0.0000000000
71819  13.204  -3.207  66.788 0.0000000000
71820  12.511  -3.171  67.053 0.0000000000
71822  17.586  -3.088  63.022 0.0000000000
71825  14.572  -3.071  64.930 0.0000000000
71833  12.278  -3.300  64.755 0.0000000000
71846  19.421  -1.914  60.526 0.0000000000
71856  20.582  -2.167  58.540 0.0000000000
71925  7.816  -3.605  56.178 0.0000000000
71951  8.342  -3.547  55.475 0.0000000000
71980  4.896  -0.974  54.244 0.0000000000
71994  7.907  -2.745  53.806 0.0000000000
72010  6.703  -1.067  52.726 0.0000000000
72021  6.912  -1.881  50.584 0.0000000000
72023  5.628  -2.399  50.163 0.0000000000
72024  5.422  -2.943  50.325 0.0000000000
72027  5.486  -2.314  49.849 0.0000000000
72028  5.548  -3.069  50.147 0.0000000000
72036  5.216  -3.205  49.950 0.0000000000
72061  5.925  -2.471  46.065 0.0000000000
72637  11.673  -2.741  68.403 0.0000000000
72638  12.957  -2.852  67.488 0.0000000000
72639  12.486  -2.730  67.663 0.0000000000
72640  11.923  -2.708  67.872 0.0000000000
72641  12.997  -2.994  67.079 0.0000000000
72643  12.307  -2.892  67.398 0.0000000000
72728  3.870  -1.086  60.193 0.0000000000
72731  3.101  -0.586  58.069 0.0000000000
72798  6.346  -0.379  52.803 0.0000000000
72799  5.791  -0.405  53.386 0.0000000000
72812  6.674  -0.619  51.845 0.0000000000
72828  6.101  -1.831  50.086 0.0000000000
72841  5.905  -1.827  50.031 0.0000000000
73447  5.576  0.112  65.021 0.0000000000
73487  2.680  0.492  61.949 0.0000000000
73508  2.813  0.484  61.414 0.0000000000
73524  2.894  0.189  60.711 0.0000000000
73533  3.232  -0.500  59.971 0.0000000000
73552  3.435  0.085  57.700 0.0000000000
73568  4.299  0.404  56.090 0.0000000000
73569  4.173  0.130  56.621 0.0000000000
73570  3.746  0.010  57.061 0.0000000000
73588  4.413  0.373  55.830 0.0000000000
73619  4.955  0.029  53.851 0.0000000000
73634  5.657  0.068  52.908 0.0000000000
73635  5.125  0.179  53.320 0.0000000000
73651  4.980  0.579  52.018 0.0000000000
73675  5.405  0.230  51.256 0.0000000000
73676  4.940  0.735  51.618 0.0000000000
73677  4.573  0.867  51.903 0.0000000000
73729  7.433  -0.121  47.588 0.0000000000
74427  4.423  0.539  65.402 0.0000000000
74433  17.775  0.061  64.632 0.0000000000
74435  6.662  0.711  64.615 0.0000000000
74436  6.139  0.387  64.904 0.0000000000
74438  2.580  0.814  63.225 0.0000000000
74462  2.826  0.943  61.700 0.0000000000
74478  3.418  0.853  60.089 0.0000000000
74503  3.654  0.833  58.005 0.0000000000
74517  3.651  0.920  57.594 0.0000000000
74531  4.160  0.626  56.032 0.0000000000
74549  4.267  0.563  55.900 0.0000000000
74551  3.751  0.983  55.980 0.0000000000
74565  4.306  0.854  54.797 0.0000000000
74566  4.066  0.910  54.372 0.0000000000
74593  5.108  0.290  52.950 0.0000000000
74610  4.981  0.454  52.584 0.0000000000
74627  5.511  1.216  51.003 0.0000000000
74629  4.659  1.037  51.761 0.0000000000
74630  4.439  0.997  52.133 0.0000000000
74642  6.358  0.988  49.860 0.0000000000
74644  5.220  0.995  51.104 0.0000000000
74645  4.920  0.933  51.502 0.0000000000
74671  7.714  0.494  47.869 0.0000000000
75414  6.194  1.457  64.891 0.0000000000
75415  5.725  1.363  65.280 0.0000000000
75417  3.946  1.447  65.132 0.0000000000
75428  2.690  1.206  63.687 0.0000000000
75444  3.240  2.180  63.473 0.0000000000
75497  3.635  1.155  57.668 0.0000000000
75509  3.543  1.145  57.389 0.0000000000
75510  3.345  1.381  56.909 0.0000000000
75519  3.448  1.390  56.115 0.0000000000
75531  4.107  1.122  55.152 0.0000000000
75532  3.934  1.307  55.386 0.0000000000
75548  4.046  1.015  54.582 0.0000000000
75560  4.246  1.004  53.963 0.0000000000
75590  5.735  2.035  51.932 0.0000000000
75591  5.263  1.764  52.124 0.0000000000
75614  5.596  1.567  51.458 0.0000000000
75616  4.588  1.183  52.010 0.0000000000
75633  6.321  1.523  50.466 0.0000000000
75634  5.182  1.204  51.395 0.0000000000
75635  4.997  1.011  51.347 0.0000000000
75654  6.940  1.158  49.393 0.0000000000
76362  5.364  1.960  65.033 0.0000000000
76364  3.958  2.100  64.455 0.0000000000
76418  3.737  2.312  59.755 0.0000000000
76432  3.588  2.134  57.928 0.0000000000
76452  3.229  1.977  56.349 0.0000000000
76480  4.109  1.535  55.121 0.0000000000
76497  4.352  1.298  54.427 0.0000000000
76517  4.521  1.283  53.822 0.0000000000
76540  4.770  1.407  53.252 0.0000000000
76566  6.357  1.850  51.106 0.0000000000
76586  7.305  2.121  49.323 0.0000000000
76587  6.998  2.254  49.766 0.0000000000
77391  3.535  3.814  62.023 0.0000000000
77392  3.185  3.529  61.527 0.0000000000
77486  3.697  2.361  55.987 0.0000000000
77531  5.143  2.225  54.603 0.0000000000
77554  5.634  2.321  53.818 0.0000000000
77572  7.294  3.856  51.277 0.0000000000
77575  6.430  2.746  52.366 0.0000000000
77576  6.063  2.408  53.076 0.0000000000
77595  7.021  3.151  51.288 0.0000000000
77596  6.729  2.776  51.626 0.0000000000
77608  7.103  2.993  50.484 0.0000000000
77609  6.884  2.759  51.039 0.0000000000
77621  7.272  3.009  49.807 0.0000000000
77622  7.145  2.962  50.137 0.0000000000
78515  4.508  3.848  60.941 0.0000000000
78516  4.081  3.690  60.693 0.0000000000
78549  4.361  3.302  59.294 0.0000000000
78567  4.645  3.752  58.368 0.0000000000
78568  4.467  3.289  58.418 0.0000000000
78584  4.312  3.019  57.670 0.0000000000
78615  4.878  2.989  55.854 0.0000000000
78616  4.201  2.755  56.293 0.0000000000
78644  6.593  4.159  53.242 0.0000000000
78646  6.133  3.383  54.189 0.0000000000
78654  7.240  4.216  52.161 0.0000000000
78656  6.496  3.888  53.089 0.0000000000
78657  6.337  3.495  53.517 0.0000000000
78670  6.807  3.716  52.307 0.0000000000
78671  6.564  3.370  52.704 0.0000000000
78700  8.844  4.131  49.396 0.0000000000
78730  8.226  3.511  48.797 0.0000000000
79547  5.570  4.405  62.463 0.0000000000
79578  5.001  4.353  59.859 0.0000000000
79595  4.694  3.567  57.853 0.0000000000
79603  4.718  3.358  57.246 0.0000000000
79612  6.432  4.720  55.082 0.0000000000
79627  7.167  4.920  53.889 0.0000000000
79628  6.668  4.598  54.249 0.0000000000
79630  6.119  3.867  55.119 0.0000000000
79649  6.850  4.455  53.355 0.0000000000
79669  8.887  5.327  51.728 0.0000000000
79672  7.135  4.409  52.682 0.0000000000
79673  6.394  3.869  53.384 0.0000000000
79674  6.399  3.897  53.623 0.0000000000
80548  5.740  4.730  60.556 0.0000000000
80554  6.969  6.104  58.873 0.0000000000
80557  5.346  4.896  59.244 0.0000000000
80561  7.754  6.262  58.126 0.0000000000
80563  6.511  5.492  58.274 0.0000000000
80570  9.297  6.597  56.813 0.0000000000
80572  8.031  6.173  57.483 0.0000000000
80589  5.567  3.946  57.157 0.0000000000
80595  9.330  6.761  55.023 0.0000000000
80600  6.092  4.182  56.209 0.0000000000
80632  8.580  5.340  52.429 0.0000000000
81411  5.685  5.017  59.969 0.0000000000
81425  5.706  5.263  59.567 0.0000000000
81434  7.213  6.213  58.810 0.0000000000
81442  7.985  6.386  58.027 0.0000000000
81460  10.203  6.778  54.630 0.0000000000
81461  9.576  6.797  54.887 0.0000000000
81464  10.478  6.643  54.081 0.0000000000
134944  6.377  -9.536  64.631 0.0000000000
134948  5.950  -12.271  63.211 0.0000000000
134949  6.396  -9.725  64.444 0.0000000000
134952  6.200  -12.176  63.451 0.0000000000
134955  6.379  -8.955  64.098 0.0000000000
135168  9.426  -7.521  68.069 0.0000000000
135169  9.030  -6.504  67.268 0.0000000000
135172  9.509  -6.735  67.879 0.0000000000
135173  8.792  -6.425  67.231 0.0000000000
135174  8.569  -6.755  67.278 0.0000000000
135175  9.874  -6.418  68.037 0.0000000000
135177  9.746  -6.713  68.048 0.0000000000
135179  8.770  -6.639  67.282 0.0000000000
135181  8.491  -6.523  67.221 0.0000000000
135183  8.118  -6.713  67.223 0.0000000000
135188  10.226  -6.268  68.183 0.0000000000
135189  10.075  -6.192  68.000 0.0000000000
135191  9.038  -6.190  66.996 0.0000000000
135194  7.693  -6.023  67.402 0.0000000000
135195  7.304  -5.396  68.092 0.0000000000
135197  10.664  -5.176  68.377 0.0000000000
135202  9.046  -6.098  67.225 0.0000000000
135203  7.164  -5.073  67.892 0.0000000000
135204  7.225  -5.194  67.943 0.0000000000
135205  7.141  -5.092  68.395 0.0000000000
135206  10.565  -5.280  68.740 0.0000000000
135209  11.080  -6.074  69.344 0.0000000000
135210  11.267  -5.934  69.388 0.0000000000
135212  10.949  -6.236  69.358 0.0000000000
135215  10.150  -6.007  67.894 0.0000000000
135216  7.106  -5.054  68.108 0.0000000000
135219  5.899  -4.434  68.186 0.0000000000
135220  6.166  -4.193  68.155 0.0000000000
135221  10.365  -4.511  68.884 0.0000000000
135223  11.137  -6.049  69.676 0.0000000000
135224  10.925  -6.061  69.570 0.0000000000
135225  10.124  -5.024  69.238 0.0000000000
135226  6.659  -4.489  68.083 0.0000000000
135234  5.747  -4.352  67.919 0.0000000000
135236  6.324  -4.049  68.105 0.0000000000
135238  6.365  -4.015  68.067 0.0000000000
135239  5.713  -6.052  68.134 0.0000000000
135242  5.566  -4.211  64.974 0.0000000000
135244  5.429  -4.521  65.394 0.0000000000
135245  5.703  -4.730  67.789 0.0000000000
135246  5.781  -4.129  67.802 0.0000000000
135269  18.451  -3.649  62.717 0.0000000000
135270  17.815  -3.858  61.386 0.0000000000
135271  17.923  -3.081  61.979 0.0000000000
135274  17.820  -4.004  61.149 0.0000000000
135275  18.927  -3.823  63.734 0.0000000000
135279  17.989  -3.675  61.389 0.0000000000
135282  18.988  -4.204  63.796 0.0000000000
135283  19.039  -3.608  64.083 0.0000000000
135286  18.570  -4.261  63.668 0.0000000000
135287  18.512  -3.653  64.086 0.0000000000
135290  16.906  -4.680  62.014 0.0000000000
135298  17.239  -5.469  62.756 0.0000000000
135299  17.063  -5.292  62.508 0.0000000000
135301  18.455  -3.443  63.610 0.0000000000
135311  15.598  -3.509  64.279 0.0000000000
135314  17.035  -2.005  62.523 0.0000000000
135351  3.252  -0.489  60.674 0.0000000000
135355  6.114  -1.916  63.026 0.0000000000
