#!ascii label  , from subject la02 vox2ras=TkReg
334
59858  20.773  -14.918  -11.937 0.0000000000
59925  23.857  -14.073  -15.466 0.0000000000
76302  20.636  1.466  -26.247 0.0000000000
133837  19.118  0.564  -25.961 0.0000000000
54389  23.072  -18.769  -9.200 0.0000000000
55482  25.096  -18.278  -10.302 0.0000000000
59892  22.883  -14.828  -13.747 0.0000000000
63831  20.956  -11.693  -17.231 0.0000000000
66311  22.067  -9.427  -18.174 0.0000000000
133515  23.346  -6.824  -22.076 0.0000000000
80464  23.388  5.944  -26.899 0.0000000000
56448  21.451  -17.145  -10.751 0.0000000000
55457  24.412  -18.578  -9.660 0.0000000000
56474  23.284  -16.814  -11.105 0.0000000000
65235  20.436  -11.433  -16.612 0.0000000000
67255  21.424  -9.152  -17.619 0.0000000000
76322  19.545  1.114  -26.906 0.0000000000
133443  21.780  -7.552  -20.143 0.0000000000
72603  20.170  -2.130  -26.704 0.0000000000
66339  21.800  -8.601  -20.535 0.0000000000
74385  21.683  -1.247  -26.143 0.0000000000
83853  23.457  9.880  -28.021 0.0000000000
82190  22.952  7.639  -26.892 0.0000000000
82187  24.170  8.083  -27.740 0.0000000000
59910  23.139  -14.450  -14.529 0.0000000000
57504  25.158  -15.908  -11.992 0.0000000000
58662  26.607  -15.247  -12.605 0.0000000000
79490  20.640  3.314  -25.285 0.0000000000
61075  24.769  -13.489  -16.632 0.0000000000
61039  18.954  -13.077  -13.740 0.0000000000
59874  21.718  -14.981  -12.885 0.0000000000
61037  20.481  -13.646  -14.596 0.0000000000
61079  20.897  -13.186  -16.506 0.0000000000
61078  21.900  -13.690  -16.851 0.0000000000
133370  20.765  -7.369  -18.833 0.0000000000
63864  21.911  -11.147  -17.158 0.0000000000
61109  22.618  -13.238  -18.557 0.0000000000
63883  23.233  -12.508  -18.812 0.0000000000
80466  22.660  5.782  -26.031 0.0000000000
78450  22.080  2.983  -25.942 0.0000000000
80462  24.576  5.850  -27.468 0.0000000000
78462  23.735  4.247  -26.907 0.0000000000
76319  22.158  0.871  -26.040 0.0000000000
74384  22.710  -1.304  -25.892 0.0000000000
57477  23.965  -16.162  -11.379 0.0000000000
60998  19.744  -13.580  -12.042 0.0000000000
58650  20.483  -15.163  -11.493 0.0000000000
57480  21.218  -16.055  -11.388 0.0000000000
56475  22.275  -16.665  -11.138 0.0000000000
57479  21.903  -16.056  -11.569 0.0000000000
76321  20.219  1.051  -26.784 0.0000000000
74387  20.153  -0.316  -26.701 0.0000000000
75364  20.454  0.256  -26.663 0.0000000000
73406  21.082  -2.775  -26.023 0.0000000000
75363  21.349  -0.197  -26.400 0.0000000000
83852  23.992  9.546  -28.109 0.0000000000
83045  24.022  9.001  -27.724 0.0000000000
83044  24.383  8.985  -28.000 0.0000000000
59909  24.210  -14.290  -14.732 0.0000000000
59890  24.914  -14.501  -13.602 0.0000000000
59889  25.777  -14.372  -13.721 0.0000000000
79475  20.602  2.925  -25.323 0.0000000000
80441  21.804  4.806  -25.733 0.0000000000
55459  22.222  -18.620  -9.406 0.0000000000
54366  22.939  -19.012  -8.612 0.0000000000
54351  24.325  -19.935  -7.957 0.0000000000
54365  24.018  -19.267  -8.415 0.0000000000
55456  25.394  -18.781  -9.755 0.0000000000
54386  25.661  -19.301  -9.290 0.0000000000
61038  19.417  -13.096  -14.350 0.0000000000
63775  19.127  -11.848  -15.197 0.0000000000
63832  20.264  -11.797  -16.863 0.0000000000
62358  20.126  -12.742  -16.113 0.0000000000
62357  20.400  -12.363  -16.817 0.0000000000
62384  21.020  -12.649  -17.229 0.0000000000
133444  22.492  -7.523  -19.902 0.0000000000
133477  23.212  -4.439  -24.061 0.0000000000
67272  20.454  -8.151  -19.833 0.0000000000
68252  20.768  -7.480  -19.677 0.0000000000
65249  22.199  -10.154  -17.167 0.0000000000
63830  21.896  -11.829  -17.892 0.0000000000
63829  22.413  -11.890  -18.190 0.0000000000
62411  22.795  -12.858  -18.964 0.0000000000
65248  22.913  -10.488  -17.740 0.0000000000
133513  23.244  -7.372  -21.392 0.0000000000
66310  23.085  -9.732  -18.477 0.0000000000
81321  23.030  6.744  -26.958 0.0000000000
81322  22.461  6.077  -26.629 0.0000000000
80465  22.860  5.813  -26.885 0.0000000000
80453  22.338  5.037  -26.260 0.0000000000
80452  22.880  5.154  -26.963 0.0000000000
77328  23.051  2.023  -25.908 0.0000000000
76318  23.071  0.867  -25.851 0.0000000000
75362  22.318  -0.013  -26.016 0.0000000000
59893  21.993  -14.689  -13.611 0.0000000000
58665  23.102  -15.576  -12.301 0.0000000000
59873  22.550  -15.170  -13.003 0.0000000000
57474  26.645  -16.372  -11.597 0.0000000000
57475  25.740  -16.333  -11.424 0.0000000000
55485  21.746  -18.062  -10.335 0.0000000000
55458  23.399  -18.534  -9.646 0.0000000000
55484  22.922  -18.187  -10.271 0.0000000000
56446  23.633  -17.507  -10.624 0.0000000000
56445  24.688  -17.583  -10.622 0.0000000000
65218  20.792  -10.897  -16.061 0.0000000000
65234  21.418  -10.812  -16.895 0.0000000000
66299  21.228  -9.591  -17.721 0.0000000000
75367  18.683  0.980  -26.835 0.0000000000
133613  20.139  -1.435  -26.006 0.0000000000
73408  19.863  -0.840  -26.704 0.0000000000
133716  20.131  -2.058  -26.376 0.0000000000
133657  22.451  -4.194  -24.717 0.0000000000
67271  21.049  -8.607  -20.147 0.0000000000
133476  23.074  -7.164  -21.009 0.0000000000
133516  23.147  -6.672  -22.074 0.0000000000
133714  22.530  -3.577  -25.577 0.0000000000
84691  22.982  9.881  -27.244 0.0000000000
83047  23.042  8.781  -27.177 0.0000000000
82189  23.148  7.907  -26.916 0.0000000000
81320  23.471  6.805  -27.091 0.0000000000
59911  22.234  -14.407  -14.376 0.0000000000
59872  23.523  -15.170  -13.042 0.0000000000
59871  24.408  -14.988  -13.065 0.0000000000
58663  25.427  -15.122  -12.708 0.0000000000
133968  18.970  1.982  -25.736 0.0000000000
79476  19.405  2.246  -25.911 0.0000000000
78435  20.148  2.222  -26.019 0.0000000000
77331  20.869  2.282  -25.805 0.0000000000
54364  25.005  -19.731  -8.595 0.0000000000
61054  24.490  -13.903  -15.704 0.0000000000
59908  25.207  -14.175  -14.390 0.0000000000
61007  19.821  -13.640  -12.714 0.0000000000
59875  20.990  -14.714  -12.547 0.0000000000
61019  20.110  -13.668  -13.556 0.0000000000
59913  20.804  -13.957  -13.794 0.0000000000
59912  21.370  -14.127  -14.250 0.0000000000
62344  19.551  -12.531  -15.363 0.0000000000
61058  20.729  -13.493  -15.557 0.0000000000
59928  21.718  -14.060  -14.931 0.0000000000
59927  22.386  -14.150  -15.172 0.0000000000
61056  22.532  -13.905  -16.052 0.0000000000
61055  23.437  -13.903  -16.068 0.0000000000
67256  20.718  -8.759  -17.644 0.0000000000
66300  20.765  -9.033  -17.702 0.0000000000
133371  21.346  -7.342  -19.388 0.0000000000
66312  21.059  -9.372  -17.982 0.0000000000
65250  21.480  -10.439  -17.132 0.0000000000
62383  21.764  -12.645  -17.843 0.0000000000
61094  22.324  -13.521  -17.965 0.0000000000
61077  22.826  -13.757  -16.986 0.0000000000
61093  23.226  -13.678  -17.815 0.0000000000
61092  23.964  -13.168  -17.508 0.0000000000
66327  22.022  -9.093  -19.579 0.0000000000
79489  21.319  4.012  -25.654 0.0000000000
78451  21.247  2.729  -25.969 0.0000000000
77330  21.013  2.072  -25.970 0.0000000000
81319  24.020  6.883  -27.202 0.0000000000
80463  23.779  5.818  -27.043 0.0000000000
79497  23.836  5.035  -27.055 0.0000000000
79498  23.096  4.995  -26.786 0.0000000000
78449  23.359  3.098  -26.793 0.0000000000
77329  22.011  2.234  -26.032 0.0000000000
74371  22.139  -1.963  -26.003 0.0000000000
73404  22.604  -2.494  -25.928 0.0000000000
57507  22.290  -15.818  -11.880 0.0000000000
56473  24.295  -16.920  -11.035 0.0000000000
57505  24.496  -15.916  -11.721 0.0000000000
56472  25.269  -16.985  -11.037 0.0000000000
59859  20.343  -14.286  -11.908 0.0000000000
58637  20.750  -15.737  -11.304 0.0000000000
58649  21.267  -15.481  -11.883 0.0000000000
76303  20.405  1.461  -26.344 0.0000000000
74386  20.597  -0.958  -26.788 0.0000000000
76320  20.772  1.298  -26.372 0.0000000000
55455  26.057  -18.944  -9.754 0.0000000000
54385  26.767  -19.259  -9.614 0.0000000000
62337  18.947  -12.375  -14.631 0.0000000000
133518  22.395  -3.054  -25.303 0.0000000000
133773  19.137  -0.065  -26.008 0.0000000000
66328  20.836  -8.920  -19.133 0.0000000000
63863  22.488  -11.290  -17.665 0.0000000000
67284  22.307  -8.402  -21.083 0.0000000000
78448  23.946  3.031  -26.656 0.0000000000
56470  27.175  -17.114  -11.481 0.0000000000
57456  20.756  -16.344  -10.905 0.0000000000
56447  22.554  -17.440  -10.738 0.0000000000
66298  21.873  -10.064  -17.289 0.0000000000
76323  18.887  0.907  -27.073 0.0000000000
74374  19.385  -0.006  -26.672 0.0000000000
75366  19.279  0.696  -26.991 0.0000000000
73421  20.322  -1.231  -26.873 0.0000000000
72604  20.051  -1.908  -26.721 0.0000000000
133660  20.818  -2.469  -26.122 0.0000000000
133715  21.407  -3.281  -25.730 0.0000000000
73419  21.487  -2.125  -26.065 0.0000000000
73405  21.888  -2.631  -25.982 0.0000000000
74372  21.832  -2.002  -26.019 0.0000000000
84697  23.388  10.111  -28.095 0.0000000000
84698  22.404  10.583  -27.773 0.0000000000
83854  23.006  10.018  -27.780 0.0000000000
83046  23.334  8.926  -27.538 0.0000000000
82188  23.826  7.976  -27.200 0.0000000000
59891  23.863  -14.766  -13.809 0.0000000000
58687  25.598  -14.657  -13.272 0.0000000000
57503  26.125  -15.799  -12.063 0.0000000000
77298  19.997  2.020  -24.995 0.0000000000
78424  19.605  2.221  -25.098 0.0000000000
79477  18.867  2.108  -25.976 0.0000000000
79461  19.584  2.355  -25.448 0.0000000000
78452  20.726  3.090  -25.406 0.0000000000
54387  24.715  -19.083  -9.131 0.0000000000
54363  26.073  -19.864  -8.810 0.0000000000
61076  23.743  -13.598  -16.794 0.0000000000
61021  18.624  -12.962  -13.223 0.0000000000
61020  19.229  -13.310  -13.380 0.0000000000
59876  20.416  -14.061  -12.774 0.0000000000
63800  19.731  -11.964  -16.410 0.0000000000
61080  20.429  -13.142  -15.904 0.0000000000
61036  21.151  -13.835  -15.043 0.0000000000
61057  21.570  -13.817  -15.766 0.0000000000
133268  20.740  -7.544  -18.345 0.0000000000
68249  20.820  -7.770  -17.840 0.0000000000
133322  20.489  -8.219  -17.771 0.0000000000
66313  20.600  -8.849  -17.851 0.0000000000
133661  19.807  -1.968  -25.830 0.0000000000
133564  20.980  -1.915  -26.061 0.0000000000
62412  22.388  -12.989  -18.431 0.0000000000
63884  23.054  -12.713  -19.080 0.0000000000
61107  23.407  -13.228  -18.193 0.0000000000
62410  23.449  -12.794  -18.718 0.0000000000
62381  23.700  -12.937  -18.080 0.0000000000
67285  21.665  -7.867  -20.730 0.0000000000
83035  22.999  8.261  -26.950 0.0000000000
82182  22.778  6.932  -26.675 0.0000000000
81311  22.171  5.955  -26.272 0.0000000000
80454  22.129  5.319  -25.935 0.0000000000
79488  22.027  4.004  -26.178 0.0000000000
81318  24.579  7.012  -27.835 0.0000000000
78461  24.348  3.806  -27.004 0.0000000000
58667  21.507  -15.177  -12.402 0.0000000000
58666  22.112  -15.477  -12.294 0.0000000000
58647  23.678  -15.739  -11.787 0.0000000000
57506  22.612  -15.741  -12.024 0.0000000000
58664  24.258  -15.455  -12.235 0.0000000000
56471  26.207  -17.047  -11.201 0.0000000000
55511  26.549  -17.753  -11.093 0.0000000000
56444  25.715  -17.709  -10.774 0.0000000000
57455  21.508  -16.494  -11.185 0.0000000000
75365  19.973  0.508  -26.879 0.0000000000
73420  21.030  -1.979  -26.338 0.0000000000
59926  23.256  -14.152  -15.341 0.0000000000
79474  21.171  3.577  -25.588 0.0000000000
55486  20.912  -17.619  -10.232 0.0000000000
56436  20.368  -17.277  -9.687 0.0000000000
55460  20.779  -18.107  -9.538 0.0000000000
54350  24.892  -20.169  -8.150 0.0000000000
62338  18.747  -12.666  -13.930 0.0000000000
63799  20.208  -12.010  -16.957 0.0000000000
61095  21.581  -13.145  -17.299 0.0000000000
62382  22.383  -12.407  -18.356 0.0000000000
61108  22.974  -13.413  -18.569 0.0000000000
63862  22.974  -11.865  -18.495 0.0000000000
133475  22.716  -7.652  -21.156 0.0000000000
79487  22.448  3.898  -26.281 0.0000000000
58646  24.127  -15.750  -11.702 0.0000000000
56449  20.590  -16.899  -10.277 0.0000000000
54388  23.775  -18.784  -9.053 0.0000000000
55483  24.025  -18.112  -10.178 0.0000000000
76306  17.942  0.944  -25.842 0.0000000000
133662  20.004  -0.863  -26.102 0.0000000000
74375  18.801  -0.039  -26.443 0.0000000000
133663  19.564  -1.038  -26.371 0.0000000000
133659  20.673  -2.310  -26.196 0.0000000000
74373  19.900  -0.393  -26.823 0.0000000000
133612  21.541  -3.014  -25.837 0.0000000000
133611  23.219  -5.977  -23.032 0.0000000000
77314  18.938  1.533  -25.855 0.0000000000
77313  18.506  1.132  -26.233 0.0000000000
77333  18.665  1.649  -26.526 0.0000000000
77332  19.082  1.527  -26.669 0.0000000000
78436  19.663  2.054  -26.070 0.0000000000
77311  19.739  1.769  -26.350 0.0000000000
76304  20.039  1.453  -26.517 0.0000000000
77310  20.403  1.884  -26.123 0.0000000000
77309  20.666  1.652  -26.143 0.0000000000
61035  24.849  -14.109  -14.980 0.0000000000
61034  25.401  -13.885  -15.027 0.0000000000
59895  20.738  -14.132  -13.190 0.0000000000
59894  21.271  -14.426  -13.367 0.0000000000
61059  20.063  -13.151  -15.362 0.0000000000
68245  21.055  -8.362  -17.432 0.0000000000
133445  22.957  -5.823  -22.265 0.0000000000
67262  20.179  -8.119  -18.521 0.0000000000
82200  24.708  8.530  -28.059 0.0000000000
79496  24.834  4.698  -27.202 0.0000000000
133656  23.233  -4.622  -24.583 0.0000000000
58648  21.889  -15.727  -11.909 0.0000000000
57478  22.900  -16.062  -11.627 0.0000000000
57476  24.843  -16.355  -11.393 0.0000000000
55481  26.371  -18.533  -10.444 0.0000000000
62435  23.277  -12.873  -19.254 0.0000000000
62436  23.046  -12.831  -19.379 0.0000000000
73407  19.945  -1.225  -26.626 0.0000000000
74366  18.978  -0.396  -26.410 0.0000000000
74388  19.806  0.122  -26.882 0.0000000000
75341  18.511  0.062  -26.194 0.0000000000
75351  19.016  0.665  -26.858 0.0000000000
75352  18.480  0.377  -26.447 0.0000000000
75353  18.154  0.717  -26.313 0.0000000000
75368  18.311  0.839  -26.476 0.0000000000
76291  18.272  0.250  -26.178 0.0000000000
76292  18.637  0.301  -26.155 0.0000000000
76305  18.128  0.470  -26.182 0.0000000000
76307  18.896  1.018  -25.884 0.0000000000
76324  18.379  1.256  -26.516 0.0000000000
77312  19.189  1.793  -26.390 0.0000000000
77334  18.342  1.698  -26.343 0.0000000000
78423  20.349  2.306  -24.922 0.0000000000
78437  18.865  1.923  -26.177 0.0000000000
78438  18.579  2.115  -26.028 0.0000000000
78453  18.524  1.810  -26.225 0.0000000000
78454  18.414  1.966  -26.236 0.0000000000
79462  19.026  2.197  -25.861 0.0000000000
82186  24.642  7.991  -28.008 0.0000000000
84684  22.886  9.735  -26.816 0.0000000000
85522  22.894  10.055  -26.999 0.0000000000
133369  20.398  -8.429  -17.871 0.0000000000
133658  21.645  -3.313  -25.660 0.0000000000
133717  19.850  -1.600  -26.404 0.0000000000
133718  18.982  -0.687  -26.030 0.0000000000
133719  18.644  -0.204  -26.245 0.0000000000
133774  19.068  2.202  -25.610 0.0000000000
133939  18.693  2.140  -25.851 0.0000000000
134411  22.769  10.177  -27.156 0.0000000000
