#!ascii label  , from subject la02 vox2ras=TkReg
499
65219  19.826  -11.273  -15.872 0.2500000000
63775  19.127  -11.848  -15.197 0.2500000000
66298  21.873  -10.064  -17.289 0.2500000000
65218  20.792  -10.897  -16.061 0.2500000000
63800  19.731  -11.964  -16.410 0.7500000000
62344  19.551  -12.531  -15.363 0.8750000000
61037  20.481  -13.646  -14.596 0.8750000000
65234  21.418  -10.812  -16.895 0.3750000000
65235  20.436  -11.433  -16.612 0.3750000000
61080  20.429  -13.142  -15.904 1.0000000000
62358  20.126  -12.742  -16.113 1.0000000000
61059  20.063  -13.151  -15.362 1.0000000000
61036  21.151  -13.835  -15.043 1.0000000000
63832  20.264  -11.797  -16.863 0.8750000000
63799  20.208  -12.010  -16.957 1.0000000000
61058  20.729  -13.493  -15.557 1.0000000000
67254  22.198  -9.563  -17.613 0.1250000000
61079  20.897  -13.186  -16.506 1.0000000000
62357  20.400  -12.363  -16.817 1.0000000000
61057  21.570  -13.817  -15.766 1.0000000000
59927  22.386  -14.150  -15.172 1.0000000000
59928  21.718  -14.060  -14.931 1.0000000000
133838  21.035  -0.314  -26.301 0.2500000000
68244  21.827  -8.832  -17.635 0.2500000000
68245  21.055  -8.362  -17.432 0.3750000000
67255  21.424  -9.152  -17.619 0.5000000000
66299  21.228  -9.591  -17.721 1.0000000000
63831  20.956  -11.693  -17.231 1.0000000000
61078  21.900  -13.690  -16.851 1.0000000000
61056  22.532  -13.905  -16.052 1.0000000000
133444  22.492  -7.523  -19.902 0.3750000000
133212  21.592  -7.569  -18.359 0.5000000000
133322  20.489  -8.219  -17.771 0.8750000000
66300  20.765  -9.033  -17.702 1.0000000000
133370  20.765  -7.369  -18.833 1.0000000000
65250  21.480  -10.439  -17.132 1.0000000000
62383  21.764  -12.645  -17.843 1.0000000000
61095  21.581  -13.145  -17.299 1.0000000000
133896  20.533  1.439  -25.868 0.5000000000
133518  22.395  -3.054  -25.303 0.6250000000
133477  23.212  -4.439  -24.061 0.6250000000
133268  20.740  -7.544  -18.345 0.7500000000
67262  20.179  -8.119  -18.521 1.0000000000
63830  21.896  -11.829  -17.892 1.0000000000
63864  21.911  -11.147  -17.158 1.0000000000
61094  22.324  -13.521  -17.965 0.8750000000
61077  22.826  -13.757  -16.986 0.8750000000
133837  19.118  0.564  -25.961 0.5000000000
133773  19.137  -0.065  -26.008 0.8750000000
68252  20.768  -7.480  -19.677 1.0000000000
133371  21.346  -7.342  -19.388 1.0000000000
65249  22.199  -10.154  -17.167 1.0000000000
66312  21.059  -9.372  -17.982 1.0000000000
66328  20.836  -8.920  -19.133 1.0000000000
62412  22.388  -12.989  -18.431 1.0000000000
63829  22.413  -11.890  -18.190 1.0000000000
77299  19.697  0.944  -25.532 0.5000000000
133662  20.004  -0.863  -26.102 1.0000000000
73408  19.863  -0.840  -26.704 1.0000000000
133661  19.807  -1.968  -25.830 1.0000000000
133613  20.139  -1.435  -26.006 1.0000000000
133657  22.451  -4.194  -24.717 1.0000000000
67272  20.454  -8.151  -19.833 1.0000000000
66311  22.067  -9.427  -18.174 1.0000000000
79490  20.640  3.314  -25.285 1.0000000000
79474  21.171  3.577  -25.588 0.3750000000
76322  19.545  1.114  -26.906 1.0000000000
133660  20.818  -2.469  -26.122 1.0000000000
72604  20.051  -1.908  -26.721 1.0000000000
80441  21.804  4.806  -25.733 0.8750000000
79489  21.319  4.012  -25.654 1.0000000000
78435  20.148  2.222  -26.019 1.0000000000
78452  20.726  3.090  -25.406 1.0000000000
73421  20.322  -1.231  -26.873 1.0000000000
74387  20.153  -0.316  -26.701 1.0000000000
72603  20.170  -2.130  -26.704 1.0000000000
80454  22.129  5.319  -25.935 0.7500000000
78451  21.247  2.729  -25.969 1.0000000000
77331  20.869  2.282  -25.805 1.0000000000
75364  20.454  0.256  -26.663 1.0000000000
76303  20.405  1.461  -26.344 1.0000000000
77309  20.666  1.652  -26.143 1.0000000000
85526  22.991  10.539  -28.334 0.1250000000
85533  22.743  10.946  -28.683 0.1250000000
83853  23.457  9.880  -28.021 0.2500000000
84697  23.388  10.111  -28.095 0.1250000000
83852  23.992  9.546  -28.109 0.3750000000
84696  24.252  9.930  -28.236 0.2500000000
83045  24.022  9.001  -27.724 0.5000000000
83044  24.383  8.985  -28.000 0.3750000000
85532  24.014  10.612  -28.525 0.2500000000
83851  24.535  9.406  -28.092 0.2500000000
84705  25.138  10.115  -28.145 0.2500000000
83060  25.477  8.859  -28.204 0.2500000000
83061  24.907  8.940  -28.102 0.3750000000
83865  25.115  9.521  -28.186 0.2500000000
82199  25.019  7.987  -28.200 0.3750000000
65190  20.368  -10.840  -15.252 0.1250000000
65233  22.212  -10.474  -16.653 0.1250000000
59911  22.234  -14.407  -14.376 1.0000000000
133564  20.980  -1.915  -26.061 0.8750000000
133443  21.780  -7.552  -20.143 1.0000000000
65191  19.556  -11.194  -14.980 0.1250000000
62337  18.947  -12.375  -14.631 0.6250000000
59913  20.804  -13.957  -13.794 0.7500000000
59912  21.370  -14.127  -14.250 1.0000000000
68248  21.776  -8.187  -17.645 0.3750000000
59926  23.256  -14.152  -15.341 0.8750000000
61055  23.437  -13.903  -16.068 0.8750000000
61109  22.618  -13.238  -18.557 0.8750000000
80440  21.787  4.453  -25.792 0.1250000000
78425  19.746  1.842  -25.582 0.3750000000
77313  18.506  1.132  -26.233 0.6250000000
62382  22.383  -12.407  -18.356 0.8750000000
79476  19.405  2.246  -25.911 0.8750000000
133715  21.407  -3.281  -25.730 1.0000000000
73420  21.030  -1.979  -26.338 1.0000000000
80466  22.660  5.782  -26.031 0.8750000000
80453  22.338  5.037  -26.260 1.0000000000
76302  20.636  1.466  -26.247 1.0000000000
85543  22.481  11.472  -29.025 0.1250000000
84698  22.404  10.583  -27.773 0.1250000000
83046  23.334  8.926  -27.538 0.6250000000
82187  24.170  8.083  -27.740 0.5000000000
85525  23.642  10.297  -28.306 0.2500000000
85541  24.611  10.935  -29.093 0.2500000000
82200  24.708  8.530  -28.059 0.5000000000
82186  24.642  7.991  -28.008 0.5000000000
84704  26.099  10.467  -27.956 0.1250000000
82198  25.645  8.101  -28.545 0.2500000000
81328  25.376  7.166  -28.858 0.2500000000
83864  26.091  9.613  -27.984 0.1250000000
61038  19.417  -13.096  -14.350 0.7500000000
67256  20.718  -8.759  -17.644 0.8750000000
62384  21.020  -12.649  -17.229 1.0000000000
68249  20.820  -7.770  -17.840 0.6250000000
66313  20.600  -8.849  -17.851 1.0000000000
59925  23.857  -14.073  -15.466 0.8750000000
133445  22.957  -5.823  -22.265 1.0000000000
63863  22.488  -11.290  -17.665 1.0000000000
77314  18.938  1.533  -25.855 0.6250000000
76306  17.942  0.944  -25.842 0.7500000000
74375  18.801  -0.039  -26.443 1.0000000000
133663  19.564  -1.038  -26.371 1.0000000000
74374  19.385  -0.006  -26.672 1.0000000000
133659  20.673  -2.310  -26.196 1.0000000000
75366  19.279  0.696  -26.991 1.0000000000
74373  19.900  -0.393  -26.823 1.0000000000
133716  20.131  -2.058  -26.376 1.0000000000
133612  21.541  -3.014  -25.837 1.0000000000
79475  20.602  2.925  -25.323 1.0000000000
76323  18.887  0.907  -27.073 1.0000000000
75365  19.973  0.508  -26.879 1.0000000000
77332  19.082  1.527  -26.669 1.0000000000
77311  19.739  1.769  -26.350 1.0000000000
76321  20.219  1.051  -26.784 1.0000000000
76304  20.039  1.453  -26.517 1.0000000000
77310  20.403  1.884  -26.123 1.0000000000
77330  21.013  2.072  -25.970 1.0000000000
79488  22.027  4.004  -26.178 1.0000000000
85534  22.098  11.288  -28.045 0.1250000000
84706  21.912  10.929  -28.014 0.1250000000
85542  23.529  11.233  -29.081 0.2500000000
63761  18.742  -12.073  -14.676 0.2500000000
65157  20.109  -10.810  -14.437 0.1250000000
65192  19.094  -11.622  -14.527 0.1250000000
79473  21.719  3.992  -25.404 0.5000000000
133968  18.970  1.982  -25.736 0.6250000000
75367  18.683  0.980  -26.835 0.8750000000
79477  18.867  2.108  -25.976 0.7500000000
77333  18.665  1.649  -26.526 0.8750000000
79460  20.145  2.702  -25.029 0.7500000000
79461  19.584  2.355  -25.448 0.8750000000
78436  19.663  2.054  -26.070 1.0000000000
83854  23.006  10.018  -27.780 0.3750000000
82189  23.148  7.907  -26.916 0.7500000000
82188  23.826  7.976  -27.200 0.7500000000
81329  24.983  6.696  -28.172 0.3750000000
56475  22.275  -16.665  -11.138 0.7500000000
56474  23.284  -16.814  -11.105 0.7500000000
57479  21.903  -16.056  -11.569 0.7500000000
58649  21.267  -15.481  -11.883 0.7500000000
58648  21.889  -15.727  -11.909 0.7500000000
56473  24.295  -16.920  -11.035 0.7500000000
57478  22.900  -16.062  -11.627 0.7500000000
57507  22.290  -15.818  -11.880 0.7500000000
61019  20.110  -13.668  -13.556 0.7500000000
58666  22.112  -15.477  -12.294 0.7500000000
59874  21.718  -14.981  -12.885 0.8750000000
59895  20.738  -14.132  -13.190 0.8750000000
57477  23.965  -16.162  -11.379 0.7500000000
57506  22.612  -15.741  -12.024 0.7500000000
58665  23.102  -15.576  -12.301 0.7500000000
59894  21.271  -14.426  -13.367 0.8750000000
58646  24.127  -15.750  -11.702 0.7500000000
59873  22.550  -15.170  -13.003 0.8750000000
59893  21.993  -14.689  -13.611 0.8750000000
59872  23.523  -15.170  -13.042 0.7500000000
59892  22.883  -14.828  -13.747 0.8750000000
59871  24.408  -14.988  -13.065 0.8750000000
59891  23.863  -14.766  -13.809 0.8750000000
59910  23.139  -14.450  -14.529 0.8750000000
58687  25.598  -14.657  -13.272 0.3750000000
59890  24.914  -14.501  -13.602 0.6250000000
59909  24.210  -14.290  -14.732 0.7500000000
59889  25.777  -14.372  -13.721 0.1250000000
59908  25.207  -14.175  -14.390 0.3750000000
59888  26.596  -14.513  -13.794 0.1250000000
61034  25.401  -13.885  -15.027 0.1250000000
61076  23.743  -13.598  -16.794 0.6250000000
61093  23.226  -13.678  -17.815 0.7500000000
61053  25.532  -13.605  -15.784 0.1250000000
61075  24.769  -13.489  -16.632 0.1250000000
61108  22.974  -13.413  -18.569 0.7500000000
59906  26.910  -14.194  -14.412 0.1250000000
61107  23.407  -13.228  -18.193 0.5000000000
62411  22.795  -12.858  -18.964 0.6250000000
81311  22.171  5.955  -26.272 0.6250000000
82182  22.778  6.932  -26.675 0.5000000000
81322  22.461  6.077  -26.629 0.7500000000
63862  22.974  -11.865  -18.495 0.6250000000
65248  22.913  -10.488  -17.740 0.6250000000
63883  23.233  -12.508  -18.812 0.5000000000
67271  21.049  -8.607  -20.147 0.6250000000
74386  20.597  -0.958  -26.788 0.8750000000
67285  21.665  -7.867  -20.730 0.7500000000
73406  21.082  -2.775  -26.023 0.8750000000
75363  21.349  -0.197  -26.400 0.8750000000
66310  23.085  -9.732  -18.477 0.3750000000
66327  22.022  -9.093  -19.579 0.5000000000
66339  21.800  -8.601  -20.535 0.5000000000
82190  22.952  7.639  -26.892 0.6250000000
81321  23.030  6.744  -26.958 0.7500000000
80465  22.860  5.813  -26.885 0.8750000000
77329  22.011  2.234  -26.032 0.7500000000
73419  21.487  -2.125  -26.065 0.7500000000
133475  22.716  -7.652  -21.156 0.5000000000
74385  21.683  -1.247  -26.143 0.7500000000
80452  22.880  5.154  -26.963 0.8750000000
78450  22.080  2.983  -25.942 0.8750000000
76319  22.158  0.871  -26.040 0.7500000000
133515  23.346  -6.824  -22.076 0.2500000000
133611  23.219  -5.977  -23.032 0.5000000000
133516  23.147  -6.672  -22.074 0.5000000000
67284  22.307  -8.402  -21.083 0.2500000000
83047  23.042  8.781  -27.177 0.5000000000
80464  23.388  5.944  -26.899 0.7500000000
79498  23.096  4.995  -26.786 0.7500000000
78449  23.359  3.098  -26.793 0.7500000000
79487  22.448  3.898  -26.281 0.7500000000
77328  23.051  2.023  -25.908 0.7500000000
75362  22.318  -0.013  -26.016 0.5000000000
133714  22.530  -3.577  -25.577 0.2500000000
74371  22.139  -1.963  -26.003 0.3750000000
81320  23.471  6.805  -27.091 0.7500000000
80463  23.779  5.818  -27.043 0.7500000000
74384  22.710  -1.304  -25.892 0.1250000000
78462  23.735  4.247  -26.907 0.7500000000
78448  23.946  3.031  -26.656 0.3750000000
76318  23.071  0.867  -25.851 0.2500000000
72602  23.262  -3.121  -25.868 0.1250000000
133656  23.233  -4.622  -24.583 0.1250000000
81319  24.020  6.883  -27.202 0.6250000000
79497  23.836  5.035  -27.055 0.3750000000
78461  24.348  3.806  -27.004 0.3750000000
77327  23.965  2.061  -26.175 0.2500000000
75361  23.359  -0.087  -25.724 0.1250000000
81318  24.579  7.012  -27.835 0.3750000000
79496  24.834  4.698  -27.202 0.3750000000
80462  24.576  5.850  -27.468 0.3750000000
75360  24.413  -0.059  -25.863 0.1250000000
76317  23.963  0.993  -25.998 0.2500000000
74383  23.750  -1.084  -26.001 0.1250000000
80461  25.364  5.040  -28.108 0.2500000000
77341  24.863  3.320  -26.900 0.1250000000
76316  25.087  0.984  -26.361 0.1250000000
78460  24.959  3.895  -27.078 0.1250000000
79495  25.316  4.176  -27.418 0.1250000000
77340  24.849  3.013  -26.987 0.1250000000
78459  25.482  3.745  -27.503 0.1250000000
76332  25.150  2.486  -26.925 0.1250000000
79507  25.736  4.454  -28.535 0.1250000000
63884  23.054  -12.713  -19.080 0.6250000000
133476  23.074  -7.164  -21.009 0.8750000000
74372  21.832  -2.002  -26.019 0.5000000000
61054  24.490  -13.903  -15.704 0.5000000000
62410  23.449  -12.794  -18.718 0.3750000000
65247  23.699  -10.730  -17.949 0.2500000000
77326  24.986  1.892  -26.499 0.1250000000
56447  22.554  -17.440  -10.738 0.7500000000
57480  21.218  -16.055  -11.388 0.7500000000
56446  23.633  -17.507  -10.624 0.7500000000
56445  24.688  -17.583  -10.622 0.7500000000
59876  20.416  -14.061  -12.774 0.6250000000
59875  20.990  -14.714  -12.547 0.7500000000
57505  24.496  -15.916  -11.721 0.6250000000
58664  24.258  -15.455  -12.235 0.6250000000
58663  25.427  -15.122  -12.708 0.3750000000
58662  26.607  -15.247  -12.605 0.1250000000
58686  26.210  -14.795  -13.202 0.1250000000
58685  27.124  -15.032  -13.278 0.1250000000
59887  27.390  -14.676  -13.853 0.1250000000
61033  26.264  -13.689  -15.008 0.1250000000
62381  23.700  -12.937  -18.080 0.1250000000
83035  22.999  8.261  -26.950 0.5000000000
66338  22.628  -9.108  -20.807 0.1250000000
133609  23.411  -5.890  -23.415 0.1250000000
133713  23.310  -3.901  -25.372 0.1250000000
74382  24.653  -1.011  -26.341 0.1250000000
134343  24.279  11.369  -29.242 0.1250000000
80475  25.110  5.932  -28.102 0.2500000000
77339  25.865  3.001  -27.752 0.1250000000
75359  25.202  -0.026  -26.458 0.1250000000
81302  21.912  5.743  -25.972 0.3750000000
76320  20.772  1.298  -26.372 0.8750000000
80474  25.411  5.764  -28.940 0.1250000000
57455  21.508  -16.494  -11.185 0.7500000000
59858  20.773  -14.918  -11.937 0.7500000000
58667  21.507  -15.177  -12.402 0.7500000000
61020  19.229  -13.310  -13.380 0.6250000000
58647  23.678  -15.739  -11.787 0.7500000000
57504  25.158  -15.908  -11.992 0.6250000000
61035  24.849  -14.109  -14.980 0.3750000000
59907  26.043  -14.009  -14.328 0.1250000000
61092  23.964  -13.168  -17.508 0.1250000000
133513  23.244  -7.372  -21.392 0.3750000000
73405  21.888  -2.631  -25.982 0.5000000000
73404  22.604  -2.494  -25.928 0.3750000000
73418  23.363  -2.117  -26.105 0.1250000000
55483  24.025  -18.112  -10.178 0.7500000000
56448  21.451  -17.145  -10.751 0.7500000000
61007  19.821  -13.640  -12.714 0.5000000000
61074  25.747  -13.279  -16.500 0.1250000000
67298  22.977  -7.842  -21.589 0.1250000000
73417  24.086  -1.825  -26.311 0.1250000000
58650  20.483  -15.163  -11.493 0.5000000000
55458  23.399  -18.534  -9.646 0.6250000000
55457  24.412  -18.578  -9.660 0.6250000000
55456  25.394  -18.781  -9.755 0.3750000000
55482  25.096  -18.278  -10.302 0.2500000000
57503  26.125  -15.799  -12.063 0.3750000000
83844  22.963  8.990  -27.269 0.2500000000
55484  22.922  -18.187  -10.271 0.6250000000
57476  24.843  -16.355  -11.393 0.5000000000
54386  25.661  -19.301  -9.290 0.5000000000
54388  23.775  -18.784  -9.053 0.6250000000
57456  20.756  -16.344  -10.905 0.3750000000
54363  26.073  -19.864  -8.810 0.3750000000
54387  24.715  -19.083  -9.131 0.5000000000
60998  19.744  -13.580  -12.042 0.2500000000
55481  26.371  -18.533  -10.444 0.2500000000
55455  26.057  -18.944  -9.754 0.2500000000
61039  18.954  -13.077  -13.740 0.3750000000
56444  25.715  -17.709  -10.774 0.2500000000
56472  25.269  -16.985  -11.037 0.3750000000
56471  26.207  -17.047  -11.201 0.2500000000
57475  25.740  -16.333  -11.424 0.2500000000
57474  26.645  -16.372  -11.597 0.2500000000
133020  23.157  -2.610  -25.607 0.1250000000
133720  20.126  1.808  -25.590 0.2500000000
77298  19.997  2.020  -24.995 0.2500000000
62338  18.747  -12.666  -13.930 0.2500000000
78424  19.605  2.221  -25.098 0.3750000000
58637  20.750  -15.737  -11.304 0.5000000000
59859  20.343  -14.286  -11.908 0.3750000000
54385  26.767  -19.259  -9.614 0.2500000000
55485  21.746  -18.062  -10.335 0.6250000000
54364  25.005  -19.731  -8.595 0.3750000000
55459  22.222  -18.620  -9.406 0.5000000000
54365  24.018  -19.267  -8.415 0.3750000000
55460  20.779  -18.107  -9.538 0.3750000000
55486  20.912  -17.619  -10.232 0.5000000000
55448  21.093  -18.473  -8.600 0.1250000000
55447  22.018  -18.842  -8.499 0.3750000000
56449  20.590  -16.899  -10.277 0.2500000000
55416  21.653  -19.119  -7.115 0.1250000000
55435  22.367  -19.116  -8.005 0.3750000000
54350  24.892  -20.169  -8.150 0.2500000000
54352  23.139  -19.643  -7.667 0.3750000000
54366  22.939  -19.012  -8.612 0.5000000000
55437  20.279  -18.370  -7.721 0.1250000000
55461  20.064  -17.431  -9.074 0.1250000000
57457  20.069  -16.078  -10.135 0.1250000000
54389  23.072  -18.769  -9.200 0.5000000000
58638  20.160  -15.562  -10.892 0.2500000000
53179  25.429  -20.303  -8.293 0.2500000000
54351  24.325  -19.935  -7.957 0.3750000000
56436  20.368  -17.277  -9.687 0.1250000000
55436  21.523  -18.746  -7.737 0.1250000000
55449  19.894  -17.867  -8.487 0.1250000000
54353  22.192  -19.277  -7.501 0.2500000000
54332  22.880  -19.978  -7.115 0.1250000000
61009  18.694  -13.068  -12.724 0.1250000000
82174  22.321  6.261  -26.313 0.1250000000
82181  23.234  7.010  -26.421 0.1250000000
83034  23.540  7.941  -26.990 0.1250000000
83843  23.285  8.917  -26.968 0.1250000000
83842  23.953  8.839  -27.020 0.1250000000
84691  22.982  9.881  -27.244 0.1250000000
82173  22.654  6.347  -26.312 0.1250000000
84689  23.543  9.247  -27.001 0.1250000000
84683  23.166  9.587  -26.945 0.1250000000
134129  23.467  10.586  -26.460 0.1250000000
81301  22.355  5.693  -25.954 0.1250000000
77297  20.414  1.783  -25.221 0.1250000000
58651  19.933  -14.836  -11.155 0.1250000000
62295  19.213  -12.985  -12.251 0.1250000000
79459  21.002  2.939  -25.066 0.1250000000
81300  22.833  6.056  -25.998 0.1250000000
82172  23.134  7.034  -26.007 0.1250000000
83841  24.278  8.971  -27.112 0.1250000000
84675  24.062  10.272  -26.618 0.1250000000
134074  23.202  11.000  -26.402 0.1250000000
134130  22.925  11.054  -26.346 0.1250000000
63776  18.711  -11.909  -14.490 0.1250000000
63777  18.486  -11.927  -14.188 0.1250000000
84690  23.245  9.406  -26.951 0.1250000000
60999  19.504  -13.171  -11.817 0.1250000000
78423  20.349  2.306  -24.922 0.1250000000
62322  18.515  -12.328  -13.455 0.1250000000
61021  18.624  -12.962  -13.223 0.1250000000
61008  19.133  -13.188  -12.576 0.1250000000
62310  18.640  -12.187  -12.785 0.1250000000
62308  18.972  -13.008  -12.494 0.1250000000
83033  23.931  7.772  -26.949 0.1250000000
84688  24.003  9.132  -27.068 0.1250000000
134257  22.892  10.539  -26.563 0.1250000000
85516  23.303  10.270  -26.641 0.1250000000
83840  24.637  8.815  -26.961 0.1250000000
87214  23.244  12.012  -26.653 0.1250000000
54362  26.739  -19.841  -9.060 0.1250000000
55511  26.549  -17.753  -11.093 0.1250000000
55510  27.315  -18.097  -11.245 0.1250000000
56470  27.175  -17.114  -11.481 0.1250000000
56469  28.155  -17.462  -11.520 0.1250000000
53157  24.865  -20.604  -7.696 0.1250000000
53158  23.972  -20.245  -7.340 0.1250000000
53156  25.756  -20.832  -7.996 0.1250000000
53178  26.088  -20.433  -8.389 0.1250000000
53177  26.766  -20.361  -8.696 0.1250000000
53197  27.362  -19.844  -9.122 0.1250000000
53196  28.307  -19.869  -9.088 0.1250000000
54413  27.638  -18.910  -10.205 0.1250000000
55480  27.455  -18.614  -10.690 0.1250000000
55479  28.013  -18.698  -10.635 0.1250000000
55509  28.366  -18.378  -11.139 0.1250000000
56491  27.370  -16.318  -11.766 0.1250000000
57502  27.051  -15.841  -12.151 0.1250000000
54414  27.051  -18.848  -10.268 0.1250000000
52055  24.838  -21.104  -7.149 0.1250000000
52054  25.466  -21.255  -7.450 0.1250000000
56490  27.961  -16.500  -11.679 0.1250000000
62297  18.933  -12.282  -12.538 0.1250000000
62309  18.677  -12.553  -12.779 0.1250000000
62435  23.277  -12.873  -19.254 0.3750000000
62436  23.046  -12.831  -19.379 0.6250000000
63730  18.781  -11.988  -12.893 0.1250000000
63742  18.413  -12.040  -13.702 0.1250000000
63762  18.553  -12.133  -14.138 0.1250000000
63763  18.504  -11.960  -13.902 0.1250000000
65193  18.726  -11.839  -14.161 0.1250000000
73407  19.945  -1.225  -26.626 1.0000000000
74366  18.978  -0.396  -26.410 1.0000000000
74388  19.806  0.122  -26.882 1.0000000000
75341  18.511  0.062  -26.194 1.0000000000
75351  19.016  0.665  -26.858 1.0000000000
75352  18.480  0.377  -26.447 1.0000000000
75353  18.154  0.717  -26.313 0.7500000000
75368  18.311  0.839  -26.476 0.8750000000
76291  18.272  0.250  -26.178 0.7500000000
76292  18.637  0.301  -26.155 0.7500000000
76305  18.128  0.470  -26.182 0.7500000000
76307  18.896  1.018  -25.884 0.6250000000
76324  18.379  1.256  -26.516 0.8750000000
77312  19.189  1.793  -26.390 1.0000000000
77334  18.342  1.698  -26.343 0.6250000000
78437  18.865  1.923  -26.177 1.0000000000
78438  18.579  2.115  -26.028 0.6250000000
78453  18.524  1.810  -26.225 0.8750000000
78454  18.414  1.966  -26.236 0.6250000000
79462  19.026  2.197  -25.861 0.7500000000
84682  23.551  9.745  -26.903 0.1250000000
84684  22.886  9.735  -26.816 0.1250000000
85517  23.079  9.985  -26.850 0.1250000000
85518  22.948  9.843  -27.024 0.1250000000
85521  22.855  10.351  -26.711 0.1250000000
85522  22.894  10.055  -26.999 0.1250000000
85527  22.283  10.870  -28.238 0.1250000000
85553  22.606  12.075  -29.153 0.1250000000
86387  23.768  11.647  -29.296 0.1250000000
133369  20.398  -8.429  -17.871 1.0000000000
133658  21.645  -3.313  -25.660 1.0000000000
133717  19.850  -1.600  -26.404 1.0000000000
133718  18.982  -0.687  -26.030 1.0000000000
133719  18.644  -0.204  -26.245 1.0000000000
133774  19.068  2.202  -25.610 0.7500000000
133939  18.693  2.140  -25.851 0.7500000000
134192  22.942  10.787  -26.402 0.1250000000
134411  22.769  10.177  -27.156 0.1250000000
