#!ascii label  , from subject la02 vox2ras=TkReg
341
28738  45.585  -41.627  10.494 0.0000000000
17517  45.721  -52.251  8.303 0.0000000000
25601  51.883  -44.650  12.174 0.0000000000
24648  47.722  -45.877  7.899 0.0000000000
18451  50.396  -51.732  8.445 0.0000000000
21382  52.888  -48.381  9.631 0.0000000000
18440  48.970  -51.107  9.503 0.0000000000
21411  46.639  -48.526  6.677 0.0000000000
25691  45.264  -44.740  6.520 0.0000000000
27592  48.201  -42.843  11.256 0.0000000000
25653  50.184  -44.803  9.612 0.0000000000
21397  49.860  -48.540  7.649 0.0000000000
17513  49.287  -52.572  7.492 0.0000000000
13692  49.417  -56.067  10.856 0.0000000000
28683  42.351  -42.000  12.216 0.0000000000
26576  45.716  -43.482  13.064 0.0000000000
26526  48.958  -44.064  14.617 0.0000000000
26658  45.081  -43.568  7.875 0.0000000000
20371  50.232  -49.545  9.810 0.0000000000
19426  45.948  -50.825  7.443 0.0000000000
21412  45.536  -48.520  6.594 0.0000000000
26571  50.287  -43.875  11.891 0.0000000000
25640  51.359  -44.442  10.546 0.0000000000
19403  51.656  -50.046  8.969 0.0000000000
21391  51.225  -48.181  8.497 0.0000000000
19424  50.594  -50.313  7.669 0.0000000000
18492  49.337  -51.099  6.844 0.0000000000
17512  50.037  -52.665  7.561 0.0000000000
13707  48.566  -56.863  10.613 0.0000000000
26529  45.492  -43.577  14.964 0.0000000000
26549  47.220  -43.866  13.797 0.0000000000
26528  46.592  -44.142  15.056 0.0000000000
26655  47.100  -44.516  8.578 0.0000000000
26662  45.973  -44.370  7.651 0.0000000000
25706  44.236  -44.228  6.029 0.0000000000
26683  44.712  -43.809  6.123 0.0000000000
23523  51.584  -46.535  12.259 0.0000000000
24602  52.392  -45.883  10.927 0.0000000000
21335  52.356  -48.339  10.564 0.0000000000
19391  51.590  -49.849  9.515 0.0000000000
18422  49.901  -51.608  9.059 0.0000000000
23622  47.421  -47.020  7.144 0.0000000000
24658  46.289  -45.771  6.803 0.0000000000
23624  45.787  -46.635  6.567 0.0000000000
23626  43.809  -46.612  6.576 0.0000000000
16532  44.895  -54.182  9.369 0.0000000000
28736  46.822  -42.259  10.696 0.0000000000
26631  48.662  -43.867  9.898 0.0000000000
24644  48.319  -45.648  8.524 0.0000000000
23590  51.372  -46.346  9.396 0.0000000000
23607  49.923  -46.832  8.520 0.0000000000
23614  48.071  -46.820  7.571 0.0000000000
21409  48.484  -49.036  6.817 0.0000000000
19445  47.748  -50.333  6.521 0.0000000000
17515  47.369  -52.315  7.753 0.0000000000
15550  50.305  -54.797  9.483 0.0000000000
15571  49.925  -55.037  8.295 0.0000000000
15573  48.087  -54.368  8.327 0.0000000000
15574  46.821  -54.544  9.017 0.0000000000
29864  43.062  -41.302  10.999 0.0000000000
28711  43.605  -41.611  11.356 0.0000000000
27596  44.297  -42.432  11.969 0.0000000000
27594  45.801  -42.547  11.664 0.0000000000
27565  46.889  -43.101  12.373 0.0000000000
26573  48.813  -43.625  12.760 0.0000000000
26546  50.555  -43.929  14.684 0.0000000000
24481  49.336  -45.661  15.261 0.0000000000
23466  51.006  -45.796  14.662 0.0000000000
26673  45.008  -43.914  6.593 0.0000000000
29889  43.927  -41.245  10.564 0.0000000000
29916  44.578  -41.298  9.782 0.0000000000
29888  45.081  -41.262  10.236 0.0000000000
19448  44.923  -50.234  7.078 0.0000000000
25602  50.941  -44.338  12.398 0.0000000000
26594  50.582  -43.975  11.205 0.0000000000
25626  51.591  -44.425  11.459 0.0000000000
19415  50.883  -50.727  8.395 0.0000000000
18465  50.357  -51.590  7.769 0.0000000000
17495  50.337  -52.760  8.076 0.0000000000
11963  47.545  -58.267  12.978 0.0000000000
25676  46.983  -44.789  8.133 0.0000000000
26656  46.505  -44.309  8.329 0.0000000000
25680  46.485  -44.967  7.443 0.0000000000
26684  44.363  -43.441  5.624 0.0000000000
22391  51.985  -47.418  11.340 0.0000000000
22392  51.239  -47.548  10.992 0.0000000000
19393  49.579  -50.539  9.563 0.0000000000
20370  51.356  -49.390  9.992 0.0000000000
19392  50.452  -50.613  9.356 0.0000000000
18423  49.438  -51.575  9.235 0.0000000000
22481  47.094  -47.652  6.878 0.0000000000
23623  46.768  -46.661  6.850 0.0000000000
22482  46.157  -47.579  6.659 0.0000000000
22484  44.114  -47.527  6.537 0.0000000000
24661  43.620  -45.694  6.465 0.0000000000
27619  47.355  -42.391  10.479 0.0000000000
27618  48.568  -43.082  10.604 0.0000000000
25655  48.255  -44.582  9.284 0.0000000000
24643  49.222  -45.879  8.889 0.0000000000
22412  52.727  -47.755  9.998 0.0000000000
23561  52.178  -46.325  10.016 0.0000000000
22445  52.568  -47.492  9.363 0.0000000000
21396  50.818  -48.609  8.148 0.0000000000
22463  50.707  -47.389  8.588 0.0000000000
22468  50.168  -47.770  8.163 0.0000000000
23613  49.055  -46.990  7.931 0.0000000000
22469  49.343  -47.798  7.749 0.0000000000
21399  48.235  -48.102  7.188 0.0000000000
21398  48.837  -48.565  7.271 0.0000000000
18467  48.848  -51.745  7.238 0.0000000000
19444  48.781  -50.332  6.619 0.0000000000
18493  48.330  -51.108  6.665 0.0000000000
18468  47.857  -51.659  7.241 0.0000000000
17514  48.362  -52.473  7.541 0.0000000000
12739  46.350  -58.224  17.653 0.0000000000
13667  48.853  -56.836  13.510 0.0000000000
13668  48.567  -56.645  13.586 0.0000000000
14574  49.060  -56.002  11.643 0.0000000000
14600  50.182  -55.508  9.887 0.0000000000
15570  50.365  -54.759  8.702 0.0000000000
13720  50.146  -55.951  9.479 0.0000000000
12874  48.162  -57.103  10.372 0.0000000000
14601  48.888  -56.327  9.206 0.0000000000
14602  48.433  -56.193  9.281 0.0000000000
14625  47.637  -55.027  8.976 0.0000000000
14603  47.147  -55.857  9.588 0.0000000000
29865  41.803  -41.273  11.360 0.0000000000
28712  42.666  -41.695  11.604 0.0000000000
26577  44.924  -43.272  13.166 0.0000000000
27568  44.267  -42.669  12.824 0.0000000000
27567  45.295  -42.971  12.431 0.0000000000
27595  44.849  -42.551  11.821 0.0000000000
27566  46.244  -42.997  12.336 0.0000000000
26527  47.857  -44.241  14.535 0.0000000000
26548  48.403  -43.820  13.726 0.0000000000
26547  49.802  -43.847  13.890 0.0000000000
26525  49.850  -43.939  15.003 0.0000000000
23469  48.088  -46.569  14.839 0.0000000000
23468  49.386  -46.243  14.945 0.0000000000
24509  50.048  -45.751  15.113 0.0000000000
24659  45.473  -45.738  6.511 0.0000000000
25681  45.875  -44.590  7.065 0.0000000000
26674  44.716  -43.304  6.408 0.0000000000
20417  46.072  -49.443  6.780 0.0000000000
26596  48.960  -43.327  11.829 0.0000000000
27617  49.201  -43.236  10.924 0.0000000000
26595  49.670  -43.465  11.436 0.0000000000
25652  50.996  -44.740  9.762 0.0000000000
20395  52.013  -49.242  8.979 0.0000000000
21389  52.526  -48.492  9.106 0.0000000000
20398  51.435  -49.369  8.452 0.0000000000
20399  50.958  -49.448  8.041 0.0000000000
20400  50.301  -49.396  7.554 0.0000000000
20413  49.800  -49.692  7.198 0.0000000000
19442  50.217  -50.576  7.250 0.0000000000
18466  49.726  -51.787  7.308 0.0000000000
13706  49.288  -56.530  10.374 0.0000000000
12829  48.270  -57.562  12.573 0.0000000000
12854  48.067  -57.254  10.941 0.0000000000
26550  46.140  -43.730  13.956 0.0000000000
26575  46.639  -43.508  12.984 0.0000000000
26657  45.673  -43.845  8.197 0.0000000000
25692  44.355  -44.904  6.313 0.0000000000
25705  44.754  -44.291  6.298 0.0000000000
23498  52.185  -45.808  12.596 0.0000000000
25624  52.331  -45.224  11.578 0.0000000000
23522  52.252  -46.138  12.106 0.0000000000
22390  52.430  -47.637  10.659 0.0000000000
21358  52.782  -48.450  10.177 0.0000000000
20369  52.436  -49.012  10.171 0.0000000000
20384  52.962  -48.976  9.928 0.0000000000
19404  50.941  -50.801  8.939 0.0000000000
23615  47.393  -46.411  7.322 0.0000000000
24649  47.010  -45.776  7.281 0.0000000000
22483  45.147  -47.547  6.491 0.0000000000
23625  44.822  -46.617  6.439 0.0000000000
24660  44.573  -45.703  6.414 0.0000000000
25693  43.494  -44.886  6.197 0.0000000000
17498  45.037  -52.456  8.461 0.0000000000
29887  45.870  -41.219  10.143 0.0000000000
28737  46.346  -41.822  10.293 0.0000000000
25675  47.646  -44.989  8.585 0.0000000000
24623  50.665  -45.423  9.430 0.0000000000
23605  51.771  -47.173  8.977 0.0000000000
23606  51.092  -46.778  9.016 0.0000000000
24642  50.299  -46.086  9.173 0.0000000000
24647  48.573  -46.293  8.214 0.0000000000
21410  47.817  -48.544  6.793 0.0000000000
20414  49.076  -49.528  6.927 0.0000000000
20415  48.193  -49.533  6.550 0.0000000000
20416  47.184  -49.467  6.551 0.0000000000
19446  46.726  -50.415  7.011 0.0000000000
18469  46.773  -51.356  7.434 0.0000000000
17516  46.389  -52.185  8.108 0.0000000000
17468  49.674  -52.652  9.152 0.0000000000
12810  47.455  -57.305  14.210 0.0000000000
16518  49.983  -53.954  9.616 0.0000000000
16531  50.390  -54.062  9.005 0.0000000000
16551  50.354  -53.789  8.368 0.0000000000
16572  50.204  -53.605  7.787 0.0000000000
16573  49.603  -53.458  7.565 0.0000000000
13740  49.496  -56.300  9.294 0.0000000000
15572  49.117  -54.941  8.151 0.0000000000
15595  48.456  -53.796  7.800 0.0000000000
16575  47.868  -53.314  7.871 0.0000000000
17496  46.884  -52.988  8.262 0.0000000000
17497  45.948  -52.853  8.462 0.0000000000
15575  46.033  -54.054  9.092 0.0000000000
29891  41.479  -40.260  10.492 0.0000000000
29890  42.714  -40.646  10.252 0.0000000000
28739  44.737  -41.597  10.759 0.0000000000
27541  43.427  -42.520  13.572 0.0000000000
28682  43.057  -42.150  12.023 0.0000000000
28681  43.809  -42.252  12.018 0.0000000000
28710  44.382  -41.991  11.412 0.0000000000
28709  45.229  -42.126  11.083 0.0000000000
28708  46.092  -42.184  10.879 0.0000000000
27593  47.027  -42.524  11.564 0.0000000000
26597  48.104  -43.245  11.940 0.0000000000
26574  47.594  -43.409  12.704 0.0000000000
26572  49.942  -43.811  12.593 0.0000000000
25603  50.550  -44.220  13.111 0.0000000000
25576  51.078  -44.404  13.899 0.0000000000
25520  50.402  -44.645  15.270 0.0000000000
24534  51.460  -45.208  14.222 0.0000000000
24533  51.783  -45.255  13.524 0.0000000000
26663  45.458  -44.015  7.248 0.0000000000
26664  44.855  -43.449  7.205 0.0000000000
11109  47.194  -58.651  13.990 0.0000000000
11123  47.215  -58.618  13.449 0.0000000000
11974  47.893  -57.880  12.815 0.0000000000
11975  47.553  -58.153  12.541 0.0000000000
11989  47.863  -57.804  12.325 0.0000000000
12793  46.730  -57.874  15.189 0.0000000000
12808  48.453  -57.222  13.820 0.0000000000
12818  48.183  -57.709  12.978 0.0000000000
12838  48.522  -57.047  11.850 0.0000000000
12839  48.187  -57.384  11.742 0.0000000000
12840  47.658  -57.644  11.294 0.0000000000
12875  47.828  -57.104  10.176 0.0000000000
13649  48.770  -57.030  13.807 0.0000000000
13650  48.608  -56.977  13.901 0.0000000000
13651  48.195  -56.966  14.029 0.0000000000
13680  48.922  -56.707  12.618 0.0000000000
13693  48.708  -56.676  11.455 0.0000000000
13694  48.379  -57.048  11.153 0.0000000000
13705  49.922  -56.096  10.151 0.0000000000
13721  49.698  -56.367  9.632 0.0000000000
13722  48.815  -56.683  9.659 0.0000000000
13738  50.250  -55.850  9.091 0.0000000000
13739  49.941  -56.099  9.120 0.0000000000
14547  48.934  -56.495  13.030 0.0000000000
14548  48.867  -56.538  13.292 0.0000000000
14560  48.803  -56.391  12.555 0.0000000000
14573  49.414  -55.706  10.957 0.0000000000
14587  49.760  -55.612  10.527 0.0000000000
14621  50.336  -55.461  9.210 0.0000000000
14622  50.159  -55.613  8.773 0.0000000000
14623  49.294  -55.921  8.881 0.0000000000
14624  48.333  -55.400  8.856 0.0000000000
15592  50.266  -54.352  8.078 0.0000000000
15593  49.797  -54.325  7.741 0.0000000000
15594  49.014  -54.086  7.719 0.0000000000
16552  47.219  -53.766  8.431 0.0000000000
16553  46.367  -53.633  8.697 0.0000000000
16554  45.279  -53.622  8.941 0.0000000000
16574  48.805  -53.297  7.623 0.0000000000
18439  50.173  -51.686  8.830 0.0000000000
18470  45.467  -51.620  7.973 0.0000000000
18491  50.146  -51.001  7.145 0.0000000000
18494  47.398  -50.972  6.938 0.0000000000
18495  46.983  -50.890  7.138 0.0000000000
19414  51.353  -49.950  8.434 0.0000000000
19423  51.119  -49.806  8.157 0.0000000000
19425  50.169  -49.955  7.312 0.0000000000
19443  49.820  -50.331  7.022 0.0000000000
19447  45.591  -50.194  7.097 0.0000000000
20348  52.958  -49.077  10.463 0.0000000000
20349  52.808  -48.803  10.298 0.0000000000
20368  52.877  -48.877  10.354 0.0000000000
20385  52.237  -49.222  9.541 0.0000000000
20394  52.699  -48.927  9.429 0.0000000000
20401  49.581  -49.151  7.290 0.0000000000
21334  52.673  -48.603  10.403 0.0000000000
21336  51.790  -48.097  10.734 0.0000000000
21390  51.674  -48.542  8.649 0.0000000000
21395  51.263  -49.011  8.312 0.0000000000
22376  52.274  -46.908  11.456 0.0000000000
22377  52.059  -46.749  11.815 0.0000000000
22444  52.794  -47.797  9.571 0.0000000000
22460  52.704  -47.982  9.296 0.0000000000
22461  52.220  -47.693  8.990 0.0000000000
22462  51.418  -47.647  8.716 0.0000000000
22467  50.874  -47.924  8.456 0.0000000000
22470  48.547  -47.645  7.480 0.0000000000
22480  47.844  -47.627  7.172 0.0000000000
23439  49.125  -46.052  15.199 0.0000000000
23467  50.526  -45.984  14.713 0.0000000000
23499  52.000  -45.894  12.938 0.0000000000
23500  51.144  -45.883  13.843 0.0000000000
23539  52.453  -46.520  11.190 0.0000000000
23560  52.539  -46.723  10.285 0.0000000000
23588  52.651  -47.281  9.700 0.0000000000
23589  52.054  -46.713  9.463 0.0000000000
23608  49.186  -46.495  8.387 0.0000000000
23612  49.621  -47.335  8.076 0.0000000000
24479  50.569  -45.048  15.237 0.0000000000
24480  50.220  -45.191  15.259 0.0000000000
24508  51.002  -45.283  14.996 0.0000000000
24510  49.626  -45.922  15.147 0.0000000000
24532  52.224  -45.397  12.649 0.0000000000
24558  52.372  -45.484  12.021 0.0000000000
24583  52.376  -45.770  11.522 0.0000000000
24603  52.096  -45.901  10.416 0.0000000000
24621  51.807  -46.054  10.005 0.0000000000
24624  49.934  -45.390  9.340 0.0000000000
24641  50.985  -46.054  9.310 0.0000000000
25501  50.302  -44.687  15.570 0.0000000000
25502  50.096  -44.548  15.298 0.0000000000
25549  51.018  -44.322  15.008 0.0000000000
25574  52.139  -44.906  12.492 0.0000000000
25575  51.698  -44.851  12.874 0.0000000000
25577  50.392  -44.007  13.414 0.0000000000
25600  52.333  -44.991  12.119 0.0000000000
25625  52.128  -44.801  11.643 0.0000000000
25638  52.339  -45.460  11.236 0.0000000000
25674  48.505  -45.209  9.004 0.0000000000
25679  47.160  -45.267  7.852 0.0000000000
25690  45.933  -45.116  6.779 0.0000000000
26496  50.263  -44.448  15.313 0.0000000000
26497  50.002  -44.416  15.263 0.0000000000
26506  50.197  -44.283  15.264 0.0000000000
26507  49.984  -44.121  15.248 0.0000000000
26524  50.404  -44.133  15.202 0.0000000000
26629  50.359  -44.468  9.896 0.0000000000
27540  43.940  -42.702  13.835 0.0000000000
27591  48.949  -43.107  11.187 0.0000000000
28707  46.574  -42.211  10.780 0.0000000000
28740  44.201  -41.489  11.076 0.0000000000
29863  43.560  -41.322  10.997 0.0000000000
29886  46.086  -41.421  10.247 0.0000000000
