#!ascii label  , from subject la02 vox2ras=TkReg
326
52005  23.008  -21.536  -5.136 0.1428571492
52006  22.238  -21.596  -4.848 0.1428571492
53137  22.579  -20.604  -5.991 0.1428571492
50992  23.825  -21.769  -5.234 0.1428571492
52016  23.321  -21.101  -5.661 0.2857142985
52017  22.389  -21.037  -5.399 0.1428571492
52015  24.260  -21.328  -5.756 0.1428571492
54332  22.880  -19.978  -7.115 0.5714285970
52035  23.836  -20.906  -6.127 0.1428571492
52033  25.196  -21.516  -6.811 0.2857142985
52032  25.956  -21.708  -7.012 0.1428571492
53178  26.088  -20.433  -8.389 0.2857142985
53156  25.756  -20.832  -7.996 0.2857142985
53197  27.362  -19.844  -9.122 0.2857142985
53177  26.766  -20.361  -8.696 0.2857142985
54385  26.767  -19.259  -9.614 0.2857142985
55480  27.455  -18.614  -10.690 0.2857142985
56470  27.175  -17.114  -11.481 0.8571428657
55510  27.315  -18.097  -11.245 0.4285714328
54413  27.638  -18.910  -10.205 0.2857142985
56491  27.370  -16.318  -11.766 0.7142857313
56471  26.207  -17.047  -11.201 0.7142857313
57501  27.902  -15.855  -12.227 0.8571428657
57502  27.051  -15.841  -12.151 0.5714285970
57474  26.645  -16.372  -11.597 0.7142857313
58685  27.124  -15.032  -13.278 0.4285714328
58662  26.607  -15.247  -12.605 0.7142857313
59887  27.390  -14.676  -13.853 0.2857142985
59906  26.910  -14.194  -14.412 0.5714285970
59888  26.596  -14.513  -13.794 0.7142857313
58686  26.210  -14.795  -13.202 0.8571428657
61032  27.170  -13.780  -15.039 0.1428571492
59907  26.043  -14.009  -14.328 0.5714285970
61074  25.747  -13.279  -16.500 0.1428571492
61052  26.451  -13.396  -15.721 0.1428571492
61033  26.264  -13.689  -15.008 0.4285714328
61090  26.003  -12.978  -17.072 0.1428571492
61091  25.050  -13.132  -17.265 0.1428571492
61053  25.532  -13.605  -15.784 0.5714285970
61034  25.401  -13.885  -15.027 0.8571428657
62380  24.330  -12.744  -17.864 0.1428571492
63861  23.949  -11.843  -18.345 0.1428571492
61075  24.769  -13.489  -16.632 0.8571428657
61076  23.743  -13.598  -16.794 0.8571428657
62409  24.737  -12.455  -18.266 0.1428571492
62410  23.449  -12.794  -18.718 0.8571428657
61092  23.964  -13.168  -17.508 0.8571428657
67284  22.307  -8.402  -21.083 0.1428571492
66338  22.628  -9.108  -20.807 0.1428571492
65247  23.699  -10.730  -17.949 0.4285714328
66310  23.085  -9.732  -18.477 0.8571428657
63883  23.233  -12.508  -18.812 0.8571428657
61107  23.407  -13.228  -18.193 0.8571428657
63862  22.974  -11.865  -18.495 0.8571428657
133515  23.346  -6.824  -22.076 0.2857142985
66339  21.800  -8.601  -20.535 0.8571428657
66327  22.022  -9.093  -19.579 0.8571428657
65248  22.913  -10.488  -17.740 0.8571428657
133513  23.244  -7.372  -21.392 0.8571428657
67285  21.665  -7.867  -20.730 0.8571428657
67271  21.049  -8.607  -20.147 0.8571428657
133611  23.219  -5.977  -23.032 0.8571428657
73405  21.888  -2.631  -25.982 0.8571428657
133475  22.716  -7.652  -21.156 0.8571428657
73419  21.487  -2.125  -26.065 0.7142857313
133715  21.407  -3.281  -25.730 0.7142857313
133714  22.530  -3.577  -25.577 0.8571428657
74372  21.832  -2.002  -26.019 0.8571428657
133516  23.147  -6.672  -22.074 0.8571428657
74385  21.683  -1.247  -26.143 0.8571428657
75362  22.318  -0.013  -26.016 0.7142857313
76319  22.158  0.871  -26.040 0.8571428657
77328  23.051  2.023  -25.908 0.7142857313
76317  23.963  0.993  -25.998 0.1428571492
77326  24.986  1.892  -26.499 0.1428571492
78448  23.946  3.031  -26.656 0.5714285970
77327  23.965  2.061  -26.175 0.5714285970
78461  24.348  3.806  -27.004 0.5714285970
77340  24.849  3.013  -26.987 0.1428571492
78459  25.482  3.745  -27.503 0.1428571492
78460  24.959  3.895  -27.078 0.1428571492
79495  25.316  4.176  -27.418 0.1428571492
79507  25.736  4.454  -28.535 0.1428571492
50969  23.201  -22.238  -4.681 0.1428571492
52014  25.004  -21.668  -6.107 0.2857142985
52034  24.494  -21.080  -6.508 0.2857142985
53155  26.407  -20.827  -8.250 0.2857142985
52053  26.398  -21.329  -7.729 0.2857142985
54414  27.051  -18.848  -10.268 0.2857142985
55481  26.371  -18.533  -10.444 0.2857142985
55511  26.549  -17.753  -11.093 0.5714285970
57475  25.740  -16.333  -11.424 0.7142857313
59889  25.777  -14.372  -13.721 0.8571428657
62379  25.392  -12.796  -17.722 0.1428571492
62381  23.700  -12.937  -18.080 0.8571428657
63884  23.054  -12.713  -19.080 0.8571428657
74371  22.139  -1.963  -26.003 0.8571428657
76318  23.071  0.867  -25.851 0.7142857313
77341  24.863  3.320  -26.900 0.1428571492
78468  26.137  3.776  -28.136 0.1428571492
50970  22.067  -22.305  -4.400 0.1428571492
53146  23.738  -20.554  -6.694 0.4285714328
52055  24.838  -21.104  -7.149 0.2857142985
53159  23.299  -20.163  -7.101 0.2857142985
52054  25.466  -21.255  -7.450 0.1428571492
52075  27.078  -21.071  -8.380 0.2857142985
53176  27.679  -20.444  -8.676 0.2857142985
54363  26.073  -19.864  -8.810 0.2857142985
54362  26.739  -19.841  -9.060 0.2857142985
66326  23.316  -9.498  -19.678 0.1428571492
67298  22.977  -7.842  -21.589 0.1428571492
133476  23.074  -7.164  -21.009 0.8571428657
74384  22.710  -1.304  -25.892 0.5714285970
75361  23.359  -0.087  -25.724 0.2857142985
79496  24.834  4.698  -27.202 0.2857142985
80461  25.364  5.040  -28.108 0.1428571492
79514  25.913  4.345  -29.695 0.1428571492
73404  22.604  -2.494  -25.928 0.4285714328
52018  21.434  -21.032  -5.206 0.1428571492
53136  23.262  -20.690  -6.217 0.4285714328
53145  24.384  -20.721  -7.074 0.1428571492
57503  26.125  -15.799  -12.063 0.7142857313
58661  27.543  -15.361  -12.650 0.8571428657
76332  25.150  2.486  -26.925 0.1428571492
77339  25.865  3.001  -27.752 0.1428571492
52052  27.393  -21.445  -7.712 0.1428571492
53158  23.972  -20.245  -7.340 0.4285714328
54386  25.661  -19.301  -9.290 0.5714285970
54387  24.715  -19.083  -9.131 0.5714285970
55458  23.399  -18.534  -9.646 0.2857142985
55456  25.394  -18.781  -9.755 0.5714285970
55483  24.025  -18.112  -10.178 0.5714285970
54389  23.072  -18.769  -9.200 0.4285714328
55457  24.412  -18.578  -9.660 0.5714285970
55485  21.746  -18.062  -10.335 0.2857142985
55484  22.922  -18.187  -10.271 0.4285714328
55482  25.096  -18.278  -10.302 0.5714285970
56446  23.633  -17.507  -10.624 0.5714285970
56444  25.715  -17.709  -10.774 0.5714285970
56473  24.295  -16.920  -11.035 0.5714285970
56445  24.688  -17.583  -10.622 0.4285714328
56472  25.269  -16.985  -11.037 0.7142857313
57477  23.965  -16.162  -11.379 0.4285714328
56447  22.554  -17.440  -10.738 0.2857142985
56474  23.284  -16.814  -11.105 0.4285714328
58664  24.258  -15.455  -12.235 0.4285714328
57504  25.158  -15.908  -11.992 0.7142857313
59872  23.523  -15.170  -13.042 0.5714285970
59871  24.408  -14.988  -13.065 0.7142857313
59892  22.883  -14.828  -13.747 0.2857142985
58663  25.427  -15.122  -12.708 0.7142857313
59891  23.863  -14.766  -13.809 0.7142857313
59910  23.139  -14.450  -14.529 0.7142857313
59926  23.256  -14.152  -15.341 0.4285714328
59890  24.914  -14.501  -13.602 0.5714285970
59909  24.210  -14.290  -14.732 0.7142857313
61055  23.437  -13.903  -16.068 0.7142857313
61056  22.532  -13.905  -16.052 0.5714285970
61077  22.826  -13.757  -16.986 0.5714285970
59908  25.207  -14.175  -14.390 0.7142857313
61093  23.226  -13.678  -17.815 0.7142857313
61094  22.324  -13.521  -17.965 0.5714285970
59925  23.857  -14.073  -15.466 0.7142857313
61109  22.618  -13.238  -18.557 0.7142857313
62412  22.388  -12.989  -18.431 0.5714285970
63863  22.488  -11.290  -17.665 0.2857142985
61054  24.490  -13.903  -15.704 0.7142857313
66311  22.067  -9.427  -18.174 0.7142857313
61108  22.974  -13.413  -18.569 0.8571428657
62382  22.383  -12.407  -18.356 0.8571428657
62411  22.795  -12.858  -18.964 0.8571428657
66328  20.836  -8.920  -19.133 0.7142857313
75363  21.349  -0.197  -26.400 0.7142857313
76320  20.772  1.298  -26.372 0.7142857313
77329  22.011  2.234  -26.032 0.7142857313
79487  22.448  3.898  -26.281 0.7142857313
78449  23.359  3.098  -26.793 0.7142857313
80452  22.880  5.154  -26.963 0.5714285970
79498  23.096  4.995  -26.786 0.4285714328
80464  23.388  5.944  -26.899 0.5714285970
81321  23.030  6.744  -26.958 0.5714285970
80465  22.860  5.813  -26.885 0.4285714328
81320  23.471  6.805  -27.091 0.5714285970
80463  23.779  5.818  -27.043 0.5714285970
82189  23.148  7.907  -26.916 0.4285714328
81322  22.461  6.077  -26.629 0.4285714328
83046  23.334  8.926  -27.538 0.4285714328
58687  25.598  -14.657  -13.272 0.5714285970
83047  23.042  8.781  -27.177 0.2857142985
54365  24.018  -19.267  -8.415 0.5714285970
55455  26.057  -18.944  -9.754 0.2857142985
56475  22.275  -16.665  -11.138 0.2857142985
57505  24.496  -15.916  -11.721 0.5714285970
56469  28.155  -17.462  -11.520 0.2857142985
63829  22.413  -11.890  -18.190 0.7142857313
73406  21.082  -2.775  -26.023 0.7142857313
74386  20.597  -0.958  -26.788 0.7142857313
78450  22.080  2.983  -25.942 0.7142857313
78462  23.735  4.247  -26.907 0.5714285970
61035  24.849  -14.109  -14.980 0.7142857313
54388  23.775  -18.784  -9.053 0.5714285970
57476  24.843  -16.355  -11.393 0.5714285970
59873  22.550  -15.170  -13.003 0.4285714328
58646  24.127  -15.750  -11.702 0.4285714328
61095  21.581  -13.145  -17.299 0.2857142985
65249  22.199  -10.154  -17.167 0.2857142985
82188  23.826  7.976  -27.200 0.5714285970
57479  21.903  -16.056  -11.569 0.1428571492
57478  22.900  -16.062  -11.627 0.4285714328
53148  21.945  -20.101  -6.371 0.4285714328
53196  28.307  -19.869  -9.088 0.1428571492
54384  27.944  -19.249  -9.596 0.1428571492
54412  28.633  -18.841  -10.396 0.1428571492
54383  28.963  -19.371  -9.633 0.1428571492
55509  28.366  -18.378  -11.139 0.1428571492
56490  27.961  -16.500  -11.679 0.2857142985
79520  25.466  4.860  -30.941 0.1428571492
133657  22.451  -4.194  -24.717 0.4285714328
80484  25.481  5.545  -30.417 0.1428571492
75364  20.454  0.256  -26.663 0.4285714328
76302  20.636  1.466  -26.247 0.4285714328
82199  25.019  7.987  -28.200 0.2857142985
81319  24.020  6.883  -27.202 0.2857142985
80462  24.576  5.850  -27.468 0.2857142985
78435  20.148  2.222  -26.019 0.1428571492
77330  21.013  2.072  -25.970 0.5714285970
82187  24.170  8.083  -27.740 0.2857142985
79497  23.836  5.035  -27.055 0.4285714328
78451  21.247  2.729  -25.969 0.4285714328
79488  22.027  4.004  -26.178 0.5714285970
79489  21.319  4.012  -25.654 0.4285714328
80453  22.338  5.037  -26.260 0.2857142985
83045  24.022  9.001  -27.724 0.1428571492
80454  22.129  5.319  -25.935 0.1428571492
80466  22.660  5.782  -26.031 0.4285714328
83044  24.383  8.985  -28.000 0.1428571492
83853  23.457  9.880  -28.021 0.2857142985
84698  22.404  10.583  -27.773 0.1428571492
83852  23.992  9.546  -28.109 0.1428571492
84697  23.388  10.111  -28.095 0.1428571492
85525  23.642  10.297  -28.306 0.1428571492
54333  22.319  -19.638  -6.950 0.4285714328
55435  22.367  -19.116  -8.005 0.2857142985
73421  20.322  -1.231  -26.873 0.2857142985
82200  24.708  8.530  -28.059 0.2857142985
81318  24.579  7.012  -27.835 0.2857142985
83851  24.535  9.406  -28.092 0.2857142985
55436  21.523  -18.746  -7.737 0.2857142985
52031  26.869  -21.707  -6.987 0.1428571492
52074  27.977  -21.059  -8.260 0.1428571492
72603  20.170  -2.130  -26.704 0.4285714328
78452  20.726  3.090  -25.406 0.2857142985
81329  24.983  6.696  -28.172 0.2857142985
80474  25.411  5.764  -28.940 0.1428571492
81328  25.376  7.166  -28.858 0.1428571492
83061  24.907  8.940  -28.102 0.2857142985
80475  25.110  5.932  -28.102 0.1428571492
53147  22.843  -20.283  -6.652 0.4285714328
83854  23.006  10.018  -27.780 0.2857142985
73420  21.030  -1.979  -26.338 0.5714285970
55479  28.013  -18.698  -10.635 0.1428571492
53195  29.274  -20.031  -9.157 0.1428571492
54432  28.968  -18.531  -10.913 0.1428571492
82186  24.642  7.991  -28.008 0.2857142985
77331  20.869  2.282  -25.805 0.2857142985
55416  21.653  -19.119  -7.115 0.2857142985
61078  21.900  -13.690  -16.851 0.4285714328
63830  21.896  -11.829  -17.892 0.2857142985
83864  26.091  9.613  -27.984 0.1428571492
83059  26.162  8.770  -28.529 0.1428571492
85541  24.611  10.935  -29.093 0.1428571492
84704  26.099  10.467  -27.956 0.1428571492
83060  25.477  8.859  -28.204 0.1428571492
84705  25.138  10.115  -28.145 0.1428571492
85531  25.281  10.548  -28.641 0.1428571492
85530  25.979  10.722  -28.579 0.1428571492
83863  26.599  9.685  -28.350 0.1428571492
83865  25.115  9.521  -28.186 0.1428571492
84715  26.448  10.503  -29.468 0.1428571492
85540  25.767  11.006  -29.269 0.1428571492
84703  26.445  10.282  -28.923 0.1428571492
82198  25.645  8.101  -28.545 0.1428571492
54350  24.892  -20.169  -8.150 0.2857142985
54364  25.005  -19.731  -8.595 0.2857142985
53179  25.429  -20.303  -8.293 0.1428571492
54351  24.325  -19.935  -7.957 0.2857142985
53157  24.865  -20.604  -7.696 0.1428571492
77309  20.666  1.652  -26.143 0.2857142985
54352  23.139  -19.643  -7.667 0.2857142985
55447  22.018  -18.842  -8.499 0.2857142985
54366  22.939  -19.012  -8.612 0.2857142985
58647  23.678  -15.739  -11.787 0.2857142985
58665  23.102  -15.576  -12.301 0.2857142985
59911  22.234  -14.407  -14.376 0.1428571492
59927  22.386  -14.150  -15.172 0.1428571492
67272  20.454  -8.151  -19.833 0.1428571492
75365  19.973  0.508  -26.879 0.1428571492
76303  20.405  1.461  -26.344 0.1428571492
76304  20.039  1.453  -26.517 0.1428571492
76321  20.219  1.051  -26.784 0.1428571492
82190  22.952  7.639  -26.892 0.1428571492
82182  22.778  6.932  -26.675 0.1428571492
83035  22.999  8.261  -26.950 0.1428571492
133716  20.131  -2.058  -26.376 0.1428571492
77310  20.403  1.884  -26.123 0.1428571492
54334  21.323  -19.433  -6.606 0.2857142985
57506  22.612  -15.741  -12.024 0.2857142985
62383  21.764  -12.645  -17.843 0.1428571492
63864  21.911  -11.147  -17.158 0.1428571492
68252  20.768  -7.480  -19.677 0.1428571492
133660  20.818  -2.469  -26.122 0.1428571492
76322  19.545  1.114  -26.906 0.1428571492
81311  22.171  5.955  -26.272 0.1428571492
74387  20.153  -0.316  -26.701 0.1428571492
66312  21.059  -9.372  -17.982 0.1428571492
55417  20.764  -18.799  -7.004 0.1428571492
57500  28.737  -16.011  -12.185 0.1428571492
55448  21.093  -18.473  -8.600 0.1428571492
133656  23.233  -4.622  -24.583 0.1428571492
58660  28.091  -15.394  -12.607 0.1428571492
55459  22.222  -18.620  -9.406 0.1428571492
54353  22.192  -19.277  -7.501 0.1428571492
55437  20.279  -18.370  -7.721 0.1428571492
62435  23.277  -12.873  -19.254 0.8571428657
62436  23.046  -12.831  -19.379 0.8571428657
133658  21.645  -3.313  -25.660 0.4285714328
