#!ascii label  , from subject la02 vox2ras=TkReg
131
59925  23.857  -14.073  -15.466 0.0000000000
55482  25.096  -18.278  -10.302 0.0000000000
66311  22.067  -9.427  -18.174 0.0000000000
80464  23.388  5.944  -26.899 0.0000000000
55457  24.412  -18.578  -9.660 0.0000000000
66339  21.800  -8.601  -20.535 0.0000000000
74385  21.683  -1.247  -26.143 0.0000000000
59910  23.139  -14.450  -14.529 0.0000000000
57504  25.158  -15.908  -11.992 0.0000000000
58662  26.607  -15.247  -12.605 0.0000000000
61075  24.769  -13.489  -16.632 0.0000000000
59888  26.596  -14.513  -13.794 0.0000000000
61109  22.618  -13.238  -18.557 0.0000000000
63883  23.233  -12.508  -18.812 0.0000000000
78450  22.080  2.983  -25.942 0.0000000000
76319  22.158  0.871  -26.040 0.0000000000
55511  26.549  -17.753  -11.093 0.0000000000
73406  21.082  -2.775  -26.023 0.0000000000
75363  21.349  -0.197  -26.400 0.0000000000
59909  24.210  -14.290  -14.732 0.0000000000
59890  24.914  -14.501  -13.602 0.0000000000
59889  25.777  -14.372  -13.721 0.0000000000
55456  25.394  -18.781  -9.755 0.0000000000
63829  22.413  -11.890  -18.190 0.0000000000
62411  22.795  -12.858  -18.964 0.0000000000
65248  22.913  -10.488  -17.740 0.0000000000
133513  23.244  -7.372  -21.392 0.0000000000
66310  23.085  -9.732  -18.477 0.0000000000
81321  23.030  6.744  -26.958 0.0000000000
80453  22.338  5.037  -26.260 0.0000000000
80452  22.880  5.154  -26.963 0.0000000000
78461  24.348  3.806  -27.004 0.0000000000
77327  23.965  2.061  -26.175 0.0000000000
77328  23.051  2.023  -25.908 0.0000000000
76318  23.071  0.867  -25.851 0.0000000000
75362  22.318  -0.013  -26.016 0.0000000000
57474  26.645  -16.372  -11.597 0.0000000000
57475  25.740  -16.333  -11.424 0.0000000000
55458  23.399  -18.534  -9.646 0.0000000000
67271  21.049  -8.607  -20.147 0.0000000000
133476  23.074  -7.164  -21.009 0.0000000000
133516  23.147  -6.672  -22.074 0.0000000000
133714  22.530  -3.577  -25.577 0.0000000000
59872  23.523  -15.170  -13.042 0.0000000000
59871  24.408  -14.988  -13.065 0.0000000000
58663  25.427  -15.122  -12.708 0.0000000000
56491  27.370  -16.318  -11.766 0.0000000000
61054  24.490  -13.903  -15.704 0.0000000000
59908  25.207  -14.175  -14.390 0.0000000000
61034  25.401  -13.885  -15.027 0.0000000000
61055  23.437  -13.903  -16.068 0.0000000000
61094  22.324  -13.521  -17.965 0.0000000000
61077  22.826  -13.757  -16.986 0.0000000000
61093  23.226  -13.678  -17.815 0.0000000000
61092  23.964  -13.168  -17.508 0.0000000000
62380  24.330  -12.744  -17.864 0.0000000000
66327  22.022  -9.093  -19.579 0.0000000000
65247  23.699  -10.730  -17.949 0.0000000000
77330  21.013  2.072  -25.970 0.0000000000
79498  23.096  4.995  -26.786 0.0000000000
78449  23.359  3.098  -26.793 0.0000000000
77329  22.011  2.234  -26.032 0.0000000000
74371  22.139  -1.963  -26.003 0.0000000000
56473  24.295  -16.920  -11.035 0.0000000000
57505  24.496  -15.916  -11.721 0.0000000000
58686  26.210  -14.795  -13.202 0.0000000000
57501  27.902  -15.855  -12.227 0.0000000000
74386  20.597  -0.958  -26.788 0.0000000000
76320  20.772  1.298  -26.372 0.0000000000
54365  24.018  -19.267  -8.415 0.0000000000
133515  23.346  -6.824  -22.076 0.0000000000
67284  22.307  -8.402  -21.083 0.0000000000
78448  23.946  3.031  -26.656 0.0000000000
56470  27.175  -17.114  -11.481 0.0000000000
56446  23.633  -17.507  -10.624 0.0000000000
133715  21.407  -3.281  -25.730 0.0000000000
73419  21.487  -2.125  -26.065 0.0000000000
73405  21.888  -2.631  -25.982 0.0000000000
74372  21.832  -2.002  -26.019 0.0000000000
82188  23.826  7.976  -27.200 0.0000000000
59891  23.863  -14.766  -13.809 0.0000000000
58687  25.598  -14.657  -13.272 0.0000000000
57503  26.125  -15.799  -12.063 0.0000000000
57502  27.051  -15.841  -12.151 0.0000000000
54387  24.715  -19.083  -9.131 0.0000000000
61076  23.743  -13.598  -16.794 0.0000000000
61053  25.532  -13.605  -15.784 0.0000000000
61056  22.532  -13.905  -16.052 0.0000000000
62412  22.388  -12.989  -18.431 0.0000000000
63884  23.054  -12.713  -19.080 0.0000000000
61107  23.407  -13.228  -18.193 0.0000000000
62410  23.449  -12.794  -18.718 0.0000000000
62381  23.700  -12.937  -18.080 0.0000000000
67285  21.665  -7.867  -20.730 0.0000000000
63861  23.949  -11.843  -18.345 0.0000000000
79488  22.027  4.004  -26.178 0.0000000000
78451  21.247  2.729  -25.969 0.0000000000
78462  23.735  4.247  -26.907 0.0000000000
74384  22.710  -1.304  -25.892 0.0000000000
73404  22.604  -2.494  -25.928 0.0000000000
58664  24.258  -15.455  -12.235 0.0000000000
56471  26.207  -17.047  -11.201 0.0000000000
56444  25.715  -17.709  -10.774 0.0000000000
58685  27.124  -15.032  -13.278 0.0000000000
73420  21.030  -1.979  -26.338 0.0000000000
59926  23.256  -14.152  -15.341 0.0000000000
54386  25.661  -19.301  -9.290 0.0000000000
62382  22.383  -12.407  -18.356 0.0000000000
61108  22.974  -13.413  -18.569 0.0000000000
63862  22.974  -11.865  -18.495 0.0000000000
133475  22.716  -7.652  -21.156 0.0000000000
79487  22.448  3.898  -26.281 0.0000000000
54388  23.775  -18.784  -9.053 0.0000000000
55483  24.025  -18.112  -10.178 0.0000000000
66328  20.836  -8.920  -19.133 0.0000000000
133611  23.219  -5.977  -23.032 0.0000000000
82189  23.148  7.907  -26.916 0.0000000000
81320  23.471  6.805  -27.091 0.0000000000
61035  24.849  -14.109  -14.980 0.0000000000
59907  26.043  -14.009  -14.328 0.0000000000
61033  26.264  -13.689  -15.008 0.0000000000
59906  26.910  -14.194  -14.412 0.0000000000
59887  27.390  -14.676  -13.853 0.0000000000
61091  25.050  -13.132  -17.265 0.0000000000
80463  23.779  5.818  -27.043 0.0000000000
56445  24.688  -17.583  -10.622 0.0000000000
57476  24.843  -16.355  -11.393 0.0000000000
56472  25.269  -16.985  -11.037 0.0000000000
58661  27.543  -15.361  -12.650 0.0000000000
62435  23.277  -12.873  -19.254 0.0000000000
62436  23.046  -12.831  -19.379 0.0000000000
